date,open,close,high,low,vol,amount,code,pchange,change
2000-01-04,19.2,19.7,19.75,19.0,2587.0,5053458.0,600854,,
2000-01-05,19.7,19.43,19.88,19.3,3994.0,7848829.0,600854,-1.37,-0.27
2000-01-06,19.6,21.2,21.3,19.03,11355.0,23520626.0,600854,9.11,1.77
2000-01-07,21.5,22.45,22.8,21.5,29219.0,65310072.0,600854,5.9,1.25
2000-01-10,22.8,22.7,23.2,21.88,15698.0,35321116.0,600854,1.11,0.25
2000-01-11,22.7,21.0,22.7,20.8,11195.0,24281782.0,600854,-7.49,-1.7
2000-01-12,20.8,20.2,21.2,20.18,7759.0,15908870.0,600854,-3.81,-0.8
2000-01-13,20.2,20.0,20.35,19.9,3649.0,7324981.0,600854,-0.99,-0.2
2000-01-14,20.33,19.76,20.33,19.75,2886.0,5737698.0,600854,-1.2,-0.24
2000-01-17,19.78,20.03,20.1,19.52,1940.0,3852417.0,600854,1.37,0.27
2000-01-18,20.3,20.05,20.4,20.0,1942.0,3908102.0,600854,0.1,0.02
2000-01-19,20.05,20.5,20.7,20.0,2502.0,5122130.0,600854,2.24,0.45
2000-01-20,20.68,21.0,21.04,20.49,4679.0,9736397.0,600854,2.44,0.5
2000-01-21,21.1,20.58,21.29,20.5,5844.0,12149908.0,600854,-2.0,-0.42
2000-01-24,20.5,20.38,20.5,20.0,5999.0,12072822.0,600854,-0.97,-0.2
2000-01-25,20.3,20.38,21.0,20.28,3746.0,7687907.0,600854,0.0,0.0
2000-01-26,20.2,20.75,20.99,20.2,3818.0,7905587.0,600854,1.82,0.37
2000-01-27,20.9,20.6,20.95,20.4,5880.0,12130491.0,600854,-0.72,-0.15
2000-01-28,20.6,20.95,21.44,19.98,13221.0,27315808.0,600854,1.7,0.35
2000-02-14,21.58,23.05,23.05,21.58,19497.0,43979404.0,600854,10.02,2.1
2000-02-15,23.45,22.47,24.28,22.18,28248.0,65942644.0,600854,-2.52,-0.58
2000-02-16,22.1,22.0,22.8,21.46,17435.0,38341504.0,600854,-2.09,-0.47
2000-02-17,22.99,21.0,23.0,20.7,16889.0,36412576.0,600854,-4.55,-1.0
2000-02-18,20.9,20.9,21.0,20.5,7771.0,16154911.0,600854,-0.48,-0.1
2000-02-21,21.0,21.7,22.78,20.3,17204.0,36913428.0,600854,3.83,0.8
2000-02-22,21.7,20.8,21.85,20.8,8310.0,17598542.0,600854,-4.15,-0.9
2000-02-23,20.5,20.63,21.0,20.5,5282.0,10934264.0,600854,-0.82,-0.17
2000-02-24,20.8,20.8,21.0,20.6,4740.0,9847048.0,600854,0.82,0.17
2000-02-25,20.9,20.68,20.98,20.6,5194.0,10752045.0,600854,-0.58,-0.12
2000-02-28,20.68,21.28,21.5,20.4,10328.0,21521904.0,600854,2.9,0.6
2000-03-01,22.56,21.4,22.7,21.39,14026.0,30682438.0,600854,0.56,0.12
2000-03-02,21.4,21.2,21.5,20.9,7714.0,16303590.0,600854,-0.93,-0.2
2000-03-03,21.3,21.75,22.3,21.1,14854.0,32460348.0,600854,2.59,0.55
2000-03-06,22.2,21.6,22.5,21.5,18605.0,41139336.0,600854,-0.69,-0.15
2000-03-07,21.48,23.3,23.5,21.01,38042.0,86167512.0,600854,7.87,1.7
2000-03-08,23.35,22.59,23.47,22.2,19306.0,43752904.0,600854,-3.05,-0.71
2000-03-09,22.59,22.8,23.5,22.21,24573.0,56407840.0,600854,0.93,0.21
2000-03-10,22.81,21.95,22.9,21.9,11747.0,26117772.0,600854,-3.73,-0.85
2000-03-13,21.97,22.1,22.5,21.88,6278.0,13877255.0,600854,0.68,0.15
2000-03-14,22.5,24.05,24.3,21.9,85187.0,201057232.0,600854,8.82,1.95
2000-03-15,24.0,23.38,24.03,23.2,25821.0,60803616.0,600854,-2.79,-0.67
2000-03-16,23.0,21.8,23.2,21.7,24364.0,54251904.0,600854,-6.76,-1.58
2000-03-17,21.7,22.38,22.5,21.6,10636.0,23652536.0,600854,2.66,0.58
2000-03-20,22.38,22.61,23.08,22.0,13791.0,31334588.0,600854,1.03,0.23
2000-03-21,22.6,22.98,23.39,22.2,10812.0,24792222.0,600854,1.64,0.37
2000-03-22,23.3,22.88,23.3,22.7,8954.0,20531288.0,600854,-0.44,-0.1
2000-03-23,23.2,22.91,23.2,22.3,10172.0,23058400.0,600854,0.13,0.03
2000-03-24,23.11,22.88,23.95,22.72,17455.0,40710496.0,600854,-0.13,-0.03
2000-03-27,23.12,23.36,23.74,23.0,13474.0,31521456.0,600854,2.1,0.48
2000-03-28,23.5,23.28,23.77,23.08,10072.0,23431922.0,600854,-0.34,-0.08
2000-03-29,23.38,23.71,23.9,23.2,14691.0,34609060.0,600854,1.85,0.43
2000-03-30,23.8,24.4,25.0,23.8,35129.0,86128176.0,600854,2.91,0.69
2000-03-31,24.42,23.71,24.42,23.7,14027.0,33514694.0,600854,-2.83,-0.69
2000-04-03,23.7,23.64,24.0,23.58,6952.0,16499788.0,600854,-0.3,-0.07
2000-04-04,23.5,22.98,23.5,22.9,9694.0,22333172.0,600854,-2.79,-0.66
2000-04-05,23.0,23.16,23.3,22.88,5828.0,13440214.0,600854,0.78,0.18
2000-04-06,23.2,23.48,23.7,22.98,8980.0,20827004.0,600854,1.38,0.32
2000-04-07,23.5,23.37,23.7,23.0,6596.0,15325477.0,600854,-0.47,-0.11
2000-04-10,23.38,23.28,23.5,23.0,7007.0,16253282.0,600854,-0.39,-0.09
2000-04-11,23.28,23.6,23.62,23.0,10211.0,23720568.0,600854,1.37,0.32
2000-04-12,23.6,23.3,23.89,23.0,9093.0,21244268.0,600854,-1.27,-0.3
2000-04-13,23.45,23.45,23.59,23.2,5671.0,13264696.0,600854,0.64,0.15
2000-04-14,23.55,23.82,24.36,23.55,18074.0,43223016.0,600854,1.58,0.37
2000-04-17,23.85,23.22,24.2,23.01,10882.0,25673248.0,600854,-2.52,-0.6
2000-04-18,23.6,23.22,23.85,23.1,7301.0,17080808.0,600854,0.0,0.0
2000-04-19,23.5,23.5,23.8,23.2,8128.0,19102700.0,600854,1.21,0.28
2000-04-20,23.6,23.22,23.7,23.0,11067.0,25683856.0,600854,-1.19,-0.28
2000-04-21,23.23,22.82,23.4,22.78,12122.0,27854892.0,600854,-1.72,-0.4
2000-04-24,22.8,22.3,22.8,22.25,10214.0,22894048.0,600854,-2.28,-0.52
2000-04-25,22.2,22.42,22.68,22.18,4067.0,9134691.0,600854,0.54,0.12
2000-04-26,22.45,22.35,22.54,22.25,5576.0,12450942.0,600854,-0.31,-0.07
2000-04-27,22.35,22.46,22.5,22.2,4816.0,10740585.0,600854,0.49,0.11
2000-04-28,22.5,22.77,22.88,22.5,4721.0,10732518.0,600854,1.38,0.31
2000-05-08,22.88,23.26,23.6,22.8,8476.0,19720220.0,600854,2.15,0.49
2000-05-09,23.26,22.49,23.26,22.41,3485.0,7899040.0,600854,-3.31,-0.77
2000-05-10,22.3,21.74,22.36,21.68,5070.0,11131308.0,600854,-3.33,-0.75
2000-05-11,21.56,21.11,21.9,21.06,4576.0,9786968.0,600854,-2.9,-0.63
2000-05-12,21.15,21.04,21.4,21.0,4242.0,8968210.0,600854,-0.33,-0.07
2000-05-15,21.08,20.88,21.3,20.51,2858.0,5936079.0,600854,-0.76,-0.16
2000-05-16,20.88,20.96,21.08,20.8,2317.0,4859146.0,600854,0.38,0.08
2000-05-17,20.95,21.0,21.1,20.9,2218.0,4657779.0,600854,0.19,0.04
2000-05-19,21.55,21.4,21.75,21.3,4129.0,8867826.0,600854,1.9,0.4
2000-05-22,21.45,21.98,21.98,21.2,5263.0,11335549.0,600854,2.71,0.58
2000-05-23,22.0,21.83,22.03,21.54,4263.0,9241408.0,600854,-0.68,-0.15
2000-05-24,21.84,21.76,21.85,21.46,6792.0,14726715.0,600854,-0.32,-0.07
2000-05-25,22.1,22.4,22.45,21.77,9036.0,20008584.0,600854,2.94,0.64
2000-05-26,22.41,22.28,22.5,21.78,6371.0,14203956.0,600854,-0.54,-0.12
2000-05-29,22.2,22.29,22.5,21.9,7838.0,17337300.0,600854,0.04,0.01
2000-05-30,22.3,21.59,22.3,21.58,6864.0,15041681.0,600854,-3.14,-0.7
2000-05-31,21.59,22.1,22.26,21.55,4975.0,10873351.0,600854,2.36,0.51
2000-06-01,22.39,22.0,22.5,21.85,6727.0,14891949.0,600854,-0.45,-0.1
2000-06-02,22.0,22.08,22.29,21.9,5443.0,11994018.0,600854,0.36,0.08
2000-06-05,22.11,22.8,23.2,21.8,16032.0,36116480.0,600854,3.26,0.72
2000-06-06,22.88,22.99,23.2,22.6,12369.0,28339016.0,600854,0.83,0.19
2000-06-07,23.01,22.81,23.08,22.5,5705.0,12967058.0,600854,-0.78,-0.18
2000-06-08,22.81,22.7,22.81,22.28,4186.0,9396343.0,600854,-0.48,-0.11
2000-06-09,22.6,22.49,22.6,22.0,4535.0,10100069.0,600854,-0.93,-0.21
2000-06-12,22.2,22.57,22.79,21.9,3997.0,9003116.0,600854,0.36,0.08
2000-06-13,22.57,22.9,22.9,22.3,8108.0,18287778.0,600854,1.46,0.33
2000-06-14,22.9,22.45,22.97,22.4,3191.0,7225517.0,600854,-1.97,-0.45
2000-06-15,22.4,22.65,22.79,22.15,5082.0,11330734.0,600854,0.89,0.2
2000-06-16,22.43,22.4,22.88,22.19,3013.0,6820533.0,600854,-1.1,-0.25
2000-06-19,22.38,22.4,22.8,22.28,4007.0,9018790.0,600854,0.0,0.0
2000-06-20,22.54,22.3,22.8,22.28,3512.0,7921314.0,600854,-0.45,-0.1
2000-06-21,22.38,22.38,22.6,22.2,2346.0,5241542.0,600854,0.36,0.08
2000-06-22,22.38,22.4,22.6,22.3,2441.0,5485831.0,600854,0.09,0.02
2000-06-23,22.4,22.47,22.6,22.25,3620.0,8094060.0,600854,0.31,0.07
2000-06-26,22.6,22.79,23.2,22.6,7698.0,17650184.0,600854,1.42,0.32
2000-06-27,22.84,22.8,22.96,22.7,3534.0,8064037.0,600854,0.04,0.01
2000-06-28,22.89,22.76,22.98,22.64,3616.0,8253834.0,600854,-0.18,-0.04
2000-06-29,22.75,23.19,23.37,22.6,14126.0,32645560.0,600854,1.89,0.43
2000-06-30,23.48,23.62,24.26,23.48,36498.0,87571848.0,600854,1.85,0.43
2000-07-03,23.62,23.32,24.0,23.12,9656.0,22801958.0,600854,-1.27,-0.3
2000-07-04,23.3,23.25,23.5,23.0,5193.0,12034433.0,600854,-0.3,-0.07
2000-07-05,23.3,23.47,23.8,23.3,3858.0,9055322.0,600854,0.95,0.22
2000-07-06,23.47,22.89,23.47,22.88,3596.0,8287103.0,600854,-2.47,-0.58
2000-07-07,22.88,23.0,23.2,22.82,5046.0,11628168.0,600854,0.48,0.11
2000-07-10,23.2,23.45,23.68,23.19,5483.0,12854833.0,600854,1.96,0.45
2000-07-11,23.51,23.46,23.7,23.27,6560.0,15419604.0,600854,0.04,0.01
2000-07-12,23.95,23.69,23.95,23.5,8405.0,19962040.0,600854,0.98,0.23
2000-07-13,23.78,23.89,23.92,23.55,12892.0,30575030.0,600854,0.84,0.2
2000-07-14,23.5,23.18,23.5,23.03,4450.0,10329620.0,600854,-2.97,-0.71
2000-07-17,23.08,22.93,23.08,22.51,9392.0,21323750.0,600854,-1.08,-0.25
2000-07-18,22.83,22.98,23.0,22.5,3909.0,8904293.0,600854,0.22,0.05
2000-07-19,22.95,22.54,22.95,22.48,5525.0,12481711.0,600854,-1.91,-0.44
2000-07-20,22.5,22.7,22.9,22.4,4349.0,9814408.0,600854,0.71,0.16
2000-07-21,22.65,22.69,22.83,22.44,3075.0,6928455.0,600854,-0.04,-0.01
2000-07-24,22.6,22.59,22.7,22.25,4707.0,10548074.0,600854,-0.44,-0.1
2000-07-25,22.47,22.57,22.65,22.21,2947.0,6585352.0,600854,-0.09,-0.02
2000-07-26,22.47,22.59,22.62,22.35,3002.0,6752463.0,600854,0.09,0.02
2000-07-27,22.45,22.89,23.0,22.4,5122.0,11671387.0,600854,1.33,0.3
2000-07-28,22.9,22.89,22.95,22.5,3105.0,7063688.0,600854,0.0,0.0
2000-07-31,22.7,22.43,22.7,22.39,3514.0,7905090.0,600854,-2.01,-0.46
2000-08-01,22.4,22.5,23.0,22.38,2771.0,6251184.0,600854,0.31,0.07
2000-08-02,22.5,22.2,22.5,22.18,5304.0,11811949.0,600854,-1.33,-0.3
2000-08-03,22.22,22.22,22.5,22.15,3372.0,7506402.0,600854,0.09,0.02
2000-08-04,22.22,22.41,22.71,22.22,3487.0,7830615.0,600854,0.86,0.19
2000-08-07,22.45,22.5,22.5,22.2,2895.0,6451409.0,600854,0.4,0.09
2000-08-08,22.4,22.21,22.55,22.1,2981.0,6667040.0,600854,-1.29,-0.29
2000-08-09,22.25,22.59,22.8,22.25,4139.0,9334515.0,600854,1.71,0.38
2000-08-10,22.32,22.62,22.79,22.32,3752.0,8477021.0,600854,0.13,0.03
2000-08-11,23.1,23.3,23.88,23.0,28829.0,67488040.0,600854,3.01,0.68
2000-08-14,23.5,23.6,23.98,23.5,19412.0,46031956.0,600854,1.29,0.3
2000-08-15,23.61,23.22,23.7,23.06,5491.0,12795027.0,600854,-1.61,-0.38
2000-08-16,23.22,23.3,23.38,23.08,4586.0,10662706.0,600854,0.34,0.08
2000-08-17,23.38,23.7,23.9,23.3,11752.0,27770664.0,600854,1.72,0.4
2000-08-18,23.75,23.56,23.8,23.5,4308.0,10154574.0,600854,-0.59,-0.14
2000-08-21,23.6,24.22,24.45,23.6,23294.0,56229156.0,600854,2.8,0.66
2000-08-22,24.25,24.0,24.81,23.93,26855.0,65573900.0,600854,-0.91,-0.22
2000-08-23,23.85,26.4,26.4,23.71,109520.0,280437728.0,600854,10.0,2.4
2000-08-24,26.87,26.83,27.9,26.3,96758.0,262438688.0,600854,1.63,0.43
2000-08-25,26.83,26.63,26.99,26.15,35973.0,95346400.0,600854,-0.75,-0.2
2000-08-28,26.88,26.99,27.2,26.45,21522.0,57914972.0,600854,1.35,0.36
2000-08-29,26.95,26.4,27.18,26.1,17101.0,45561208.0,600854,-2.19,-0.59
2000-08-30,26.38,26.03,26.6,25.7,17530.0,45695456.0,600854,-1.4,-0.37
2000-08-31,25.7,25.73,26.42,25.5,17973.0,46565632.0,600854,-1.15,-0.3
2000-09-01,25.68,25.62,26.32,25.56,15190.0,39342656.0,600854,-0.43,-0.11
2000-09-04,25.67,25.48,25.78,25.1,12559.0,31817968.0,600854,-0.55,-0.14
2000-09-05,26.42,24.92,26.42,24.6,10742.0,27153176.0,600854,-2.2,-0.56
2000-09-06,24.7,23.85,24.8,23.68,16123.0,39022844.0,600854,-4.29,-1.07
2000-09-07,23.85,23.91,24.4,23.81,6900.0,16588888.0,600854,0.25,0.06
2000-09-08,23.97,23.75,24.3,23.7,8954.0,21450396.0,600854,-0.67,-0.16
2000-09-11,23.8,23.9,24.2,23.51,4647.0,11071759.0,600854,0.63,0.15
2000-09-12,23.9,24.12,24.25,23.8,3900.0,9373518.0,600854,0.92,0.22
2000-09-13,24.18,24.2,24.49,23.85,5398.0,13049124.0,600854,0.33,0.08
2000-09-14,24.28,23.9,24.35,23.79,4114.0,9857514.0,600854,-1.24,-0.3
2000-09-15,23.8,24.2,24.5,23.71,5036.0,12177175.0,600854,1.26,0.3
2000-09-18,24.16,24.08,24.78,24.0,7705.0,18820820.0,600854,-0.5,-0.12
2000-09-19,23.98,23.2,23.98,23.1,5448.0,12810489.0,600854,-3.65,-0.88
2000-09-20,23.2,23.2,23.5,22.79,6524.0,14997807.0,600854,0.0,0.0
2000-09-21,23.15,23.19,23.8,23.0,5680.0,13274453.0,600854,-0.04,-0.01
2000-09-22,23.0,22.98,23.34,22.71,2850.0,6536555.0,600854,-0.91,-0.21
2000-09-25,22.9,22.88,23.19,22.8,1808.0,4149350.0,600854,-0.44,-0.1
2000-09-26,22.8,22.92,23.22,22.78,1991.0,4564466.0,600854,0.17,0.04
2000-09-27,23.05,23.23,23.4,23.05,1694.0,3925245.0,600854,1.35,0.31
2000-09-28,23.4,22.77,23.4,22.76,4729.0,10813322.0,600854,-1.98,-0.46
2000-09-29,22.8,23.15,23.25,22.8,2855.0,6576788.0,600854,1.67,0.38
2000-10-09,23.84,23.2,23.84,23.01,2338.0,5435472.0,600854,0.22,0.05
2000-10-10,23.26,23.35,23.4,23.0,3006.0,6967306.0,600854,0.65,0.15
2000-10-11,23.5,23.28,23.85,23.28,4182.0,9887137.0,600854,-0.3,-0.07
2000-10-12,23.3,23.01,23.4,23.0,2761.0,6404030.0,600854,-1.16,-0.27
2000-10-13,22.99,22.85,23.4,22.72,3132.0,7183454.0,600854,-0.7,-0.16
2000-10-16,22.83,22.22,22.83,22.1,4669.0,10490300.0,600854,-2.76,-0.63
2000-10-17,22.15,22.42,22.5,22.15,1968.0,4404046.0,600854,0.9,0.2
2000-10-18,22.51,23.25,23.44,22.3,4014.0,9190567.0,600854,3.7,0.83
2000-10-19,23.35,22.92,23.38,22.88,2219.0,5101020.0,600854,-1.42,-0.33
2000-10-20,22.92,23.28,23.4,22.86,3098.0,7167064.0,600854,1.57,0.36
2000-10-23,23.38,23.2,23.88,23.01,3590.0,8430927.0,600854,-0.34,-0.08
2000-10-24,23.2,23.12,23.48,23.0,2288.0,5297256.0,600854,-0.34,-0.08
2000-10-25,23.1,23.25,23.57,23.1,3875.0,9030236.0,600854,0.56,0.13
2000-10-26,23.31,23.95,24.28,23.28,16347.0,39137096.0,600854,3.01,0.7
2000-10-27,24.0,24.18,24.25,23.72,7501.0,17996884.0,600854,0.96,0.23
2000-10-30,24.2,24.24,24.24,23.81,5332.0,12802219.0,600854,0.25,0.06
2000-10-31,24.2,23.99,24.75,23.85,9880.0,24072476.0,600854,-1.03,-0.25
2000-11-01,23.8,24.0,24.19,23.8,2962.0,7103143.0,600854,0.04,0.01
2000-11-02,24.12,23.9,24.28,23.81,4023.0,9658089.0,600854,-0.42,-0.1
2000-11-03,24.14,24.48,24.58,24.1,8598.0,21024716.0,600854,2.43,0.58
2000-11-06,24.5,25.1,25.19,24.5,14852.0,37104548.0,600854,2.53,0.62
2000-11-07,25.17,24.97,25.18,24.88,7686.0,19184876.0,600854,-0.52,-0.13
2000-11-08,25.08,25.7,25.96,25.05,20809.0,53467208.0,600854,2.92,0.73
2000-11-09,25.98,25.84,25.98,25.3,13415.0,34469936.0,600854,0.54,0.14
2000-11-10,25.97,25.66,26.0,25.5,12511.0,32160860.0,600854,-0.7,-0.18
2000-11-14,26.08,27.1,27.5,26.05,66981.0,181006784.0,600854,5.61,1.44
2000-11-15,27.1,26.98,27.75,26.85,32612.0,88696216.0,600854,-0.44,-0.12
2000-11-16,26.9,26.98,27.5,26.5,14870.0,40286608.0,600854,0.0,0.0
2000-11-17,27.1,26.47,27.2,26.46,12504.0,33426140.0,600854,-1.89,-0.51
2000-11-20,26.41,27.0,27.1,26.4,11329.0,30347384.0,600854,2.0,0.53
2000-11-21,26.78,25.69,27.2,25.58,19300.0,50430216.0,600854,-4.85,-1.31
2000-11-22,25.6,25.79,25.97,25.42,12977.0,33348490.0,600854,0.39,0.1
2000-11-23,25.8,25.18,25.99,25.02,13596.0,34641264.0,600854,-2.37,-0.61
2000-11-24,25.18,24.74,25.3,24.63,13678.0,33993564.0,600854,-1.75,-0.44
2000-11-27,24.63,24.8,25.1,24.4,6125.0,15183277.0,600854,0.24,0.06
2000-11-28,24.9,25.07,25.28,24.8,5503.0,13779251.0,600854,1.09,0.27
2000-11-29,25.1,25.89,26.35,25.1,19926.0,51657744.0,600854,3.27,0.82
2000-11-30,25.83,25.61,26.2,25.45,5138.0,13213194.0,600854,-1.08,-0.28
2000-12-01,25.7,25.67,26.0,25.58,3645.0,9371831.0,600854,0.23,0.06
2000-12-04,25.75,25.8,25.88,25.48,3328.0,8513584.0,600854,0.51,0.13
2000-12-05,25.78,25.5,25.88,25.5,2998.0,7680600.0,600854,-1.16,-0.3
2000-12-06,25.5,24.88,25.7,24.82,4821.0,12136368.0,600854,-2.43,-0.62
2000-12-07,24.88,24.61,24.98,24.6,4325.0,10689187.0,600854,-1.09,-0.27
2000-12-08,24.62,24.9,25.17,24.57,3111.0,7703356.0,600854,1.18,0.29
2000-12-11,24.8,24.55,24.9,24.5,3642.0,8950998.0,600854,-1.41,-0.35
2000-12-12,24.55,24.77,24.79,24.49,2531.0,6229334.0,600854,0.9,0.22
2000-12-13,25.0,24.8,25.0,24.62,1645.0,4076954.0,600854,0.12,0.03
2000-12-14,24.8,24.6,24.85,24.58,1837.0,4536601.0,600854,-0.81,-0.2
2000-12-15,24.6,24.62,24.85,24.54,1917.0,4717380.0,600854,0.08,0.02
2000-12-18,24.63,24.62,24.72,24.49,2392.0,5872837.0,600854,0.0,0.0
2000-12-19,24.68,24.8,24.97,24.65,1808.0,4491765.0,600854,0.73,0.18
2000-12-20,25.0,25.08,25.3,24.75,3863.0,9673184.0,600854,1.13,0.28
2000-12-21,25.1,24.96,25.5,24.93,4598.0,11555455.0,600854,-0.48,-0.12
2000-12-25,24.96,24.2,25.08,24.12,6685.0,16390519.0,600854,-3.04,-0.76
2000-12-26,24.09,24.26,24.4,24.05,3653.0,8854082.0,600854,0.25,0.06
2000-12-27,24.26,24.18,24.39,24.17,3824.0,9265559.0,600854,-0.33,-0.08
2000-12-28,24.17,24.17,24.4,24.1,2990.0,7243598.0,600854,-0.04,-0.01
2000-12-29,24.21,24.5,24.55,24.21,2930.0,7145783.0,600854,1.37,0.33
2001-01-02,24.52,24.75,24.95,24.38,4409.0,10827084.0,600854,1.02,0.25
2001-01-03,24.77,24.89,24.95,24.57,5269.0,13049193.0,600854,0.57,0.14
2001-01-04,24.89,24.49,24.95,24.42,4350.0,10745080.0,600854,-1.61,-0.4
2001-01-05,24.48,23.82,24.48,23.78,15558.0,37253332.0,600854,-2.74,-0.67
2001-01-08,23.7,23.0,23.7,22.76,11425.0,26345150.0,600854,-3.44,-0.82
2001-01-09,22.9,23.12,23.25,22.72,4327.0,9936471.0,600854,0.52,0.12
2001-01-10,23.18,23.48,23.8,23.18,4225.0,9945542.0,600854,1.56,0.36
2001-01-11,23.5,23.32,23.75,23.2,4064.0,9567458.0,600854,-0.68,-0.16
2001-01-12,23.28,23.32,23.6,23.28,2507.0,5866289.0,600854,0.0,0.0
2001-01-15,23.3,22.83,23.3,22.8,4114.0,9425570.0,600854,-2.1,-0.49
2001-01-16,22.83,23.0,23.3,22.83,2574.0,5917989.0,600854,0.74,0.17
2001-01-17,23.02,22.57,23.27,22.54,4044.0,9198389.0,600854,-1.87,-0.43
2001-01-18,22.8,22.5,22.8,22.4,4520.0,10186790.0,600854,-0.31,-0.07
2001-01-19,22.53,23.1,23.15,22.52,3125.0,7183841.0,600854,2.67,0.6
2001-02-05,23.28,23.15,23.4,23.15,2309.0,5370204.0,600854,0.22,0.05
2001-02-06,23.09,22.81,23.09,22.5,1560.0,3543318.0,600854,-1.47,-0.34
2001-02-07,22.7,22.86,23.15,22.7,1183.0,2717012.0,600854,0.22,0.05
2001-02-08,23.0,22.53,23.1,22.5,1638.0,3735017.0,600854,-1.44,-0.33
2001-02-09,22.6,23.23,23.4,22.6,8902.0,20413284.0,600854,3.11,0.7
2001-02-12,23.38,23.4,23.47,22.96,2812.0,6552027.0,600854,0.73,0.17
2001-02-13,23.5,23.73,23.98,23.44,14740.0,35005316.0,600854,1.41,0.33
2001-02-14,24.1,24.03,24.1,23.78,9258.0,22218848.0,600854,1.26,0.3
2001-02-15,24.0,23.54,24.01,23.45,3191.0,7563715.0,600854,-2.04,-0.49
2001-02-16,23.45,23.91,23.95,23.11,2835.0,6670808.0,600854,1.57,0.37
2001-02-19,24.5,25.16,25.25,24.45,29511.0,73738640.0,600854,5.23,1.25
2001-02-20,25.19,24.73,25.42,24.61,15745.0,39392004.0,600854,-1.71,-0.43
2001-02-21,24.73,25.28,25.4,24.73,17251.0,43367808.0,600854,2.22,0.55
2001-02-22,25.4,25.25,25.52,25.04,9248.0,23423810.0,600854,-0.12,-0.03
2001-02-23,25.4,25.2,25.4,24.78,6103.0,15269833.0,600854,-0.2,-0.05
2001-02-26,25.25,25.45,26.02,25.1,25611.0,65644408.0,600854,0.99,0.25
2001-02-27,25.68,25.41,25.68,25.28,5913.0,15062362.0,600854,-0.16,-0.04
2001-02-28,25.5,25.06,25.5,24.98,5198.0,13078903.0,600854,-1.38,-0.35
2001-03-01,25.0,25.0,25.18,24.86,5273.0,13177816.0,600854,-0.24,-0.06
2001-03-02,25.2,25.1,25.49,25.0,6192.0,15586156.0,600854,0.4,0.1
2001-03-05,25.13,25.3,25.76,25.13,8310.0,21190832.0,600854,0.8,0.2
2001-03-06,25.38,25.25,25.4,25.12,4556.0,11496718.0,600854,-0.2,-0.05
2001-03-07,25.25,25.33,25.52,25.1,5353.0,13569812.0,600854,0.32,0.08
2001-03-08,25.35,25.57,25.75,25.35,7902.0,20237310.0,600854,0.95,0.24
2001-03-09,25.63,25.55,25.85,25.35,6440.0,16454435.0,600854,-0.08,-0.02
2001-03-12,25.58,25.1,25.58,24.93,6713.0,16908848.0,600854,-1.76,-0.45
2001-03-13,25.08,24.75,25.2,24.63,7429.0,18479384.0,600854,-1.39,-0.35
2001-03-14,24.75,25.2,25.2,24.75,5436.0,13562993.0,600854,1.82,0.45
2001-03-15,25.35,25.08,25.4,25.0,5767.0,14550295.0,600854,-0.48,-0.12
2001-03-16,25.0,25.12,25.32,24.85,4851.0,12161313.0,600854,0.16,0.04
2001-03-19,25.07,25.08,25.26,24.95,4278.0,10727124.0,600854,-0.16,-0.04
2001-03-20,25.08,25.6,25.79,25.08,8398.0,21413612.0,600854,2.07,0.52
2001-03-21,25.7,26.2,26.63,25.62,25313.0,66369264.0,600854,2.34,0.6
2001-03-22,26.34,26.2,26.45,25.91,14144.0,36959840.0,600854,0.0,0.0
2001-03-23,26.2,25.65,26.3,25.65,12473.0,32305976.0,600854,-2.1,-0.55
2001-03-26,25.7,26.02,26.25,25.68,10093.0,26307726.0,600854,1.44,0.37
2001-03-27,26.2,26.17,26.22,25.85,9518.0,24810964.0,600854,0.58,0.15
2001-03-28,26.18,26.04,26.22,25.88,6225.0,16195009.0,600854,-0.5,-0.13
2001-03-29,26.04,26.03,26.26,25.96,4804.0,12538084.0,600854,-0.04,-0.01
2001-03-30,26.0,26.5,26.5,26.0,9199.0,24242148.0,600854,1.81,0.47
2001-04-02,26.68,26.39,26.78,26.32,5194.0,13746507.0,600854,-0.42,-0.11
2001-04-03,26.49,26.18,26.52,26.0,5692.0,14930212.0,600854,-0.8,-0.21
2001-04-04,26.1,25.62,26.2,25.38,7089.0,18341776.0,600854,-2.14,-0.56
2001-04-05,25.58,25.82,25.88,25.45,4751.0,12188146.0,600854,0.78,0.2
2001-04-06,25.8,25.5,25.9,25.46,4744.0,12163323.0,600854,-1.24,-0.32
2001-04-09,25.5,25.7,25.75,25.28,2847.0,7247014.0,600854,0.78,0.2
2001-04-10,25.7,25.57,25.88,25.5,3447.0,8857614.0,600854,-0.51,-0.13
2001-04-11,25.6,25.95,26.17,25.6,4027.0,10430585.0,600854,1.49,0.38
2001-04-12,26.0,25.93,26.16,25.8,5568.0,14469810.0,600854,-0.08,-0.02
2001-04-13,25.91,25.99,26.01,25.76,3894.0,10094885.0,600854,0.23,0.06
2001-04-16,26.08,25.91,26.15,25.5,8320.0,21512810.0,600854,-0.31,-0.08
2001-04-17,26.0,25.51,26.0,25.42,9461.0,24256800.0,600854,-1.54,-0.4
2001-04-18,25.55,25.0,25.68,25.0,8512.0,21584944.0,600854,-2.0,-0.51
2001-04-19,25.5,25.4,25.8,24.99,14771.0,37211892.0,600854,1.6,0.4
2001-04-20,25.43,25.06,25.5,24.99,9458.0,23719172.0,600854,-1.34,-0.34
2001-04-23,25.05,24.78,25.05,24.68,8285.0,20539664.0,600854,-1.12,-0.28
2001-04-24,24.78,24.97,25.0,24.78,2707.0,6754734.0,600854,0.77,0.19
2001-04-25,24.98,24.51,25.19,24.4,5120.0,12636059.0,600854,-1.84,-0.46
2001-04-26,24.48,24.29,24.5,24.26,4493.0,10930797.0,600854,-0.9,-0.22
2001-04-27,24.38,24.57,24.98,24.31,2553.0,6280080.0,600854,1.15,0.28
2001-04-30,24.59,24.58,24.99,24.48,3721.0,9144305.0,600854,0.04,0.01
2001-05-08,24.6,24.7,24.93,24.6,1335.0,3304845.0,600854,0.49,0.12
2001-05-09,24.88,25.3,25.82,24.72,21421.0,54351508.0,600854,2.43,0.6
2001-05-10,25.68,25.09,25.68,24.98,17725.0,44480712.0,600854,-0.83,-0.21
2001-05-11,25.3,24.99,25.37,24.85,3633.0,9087362.0,600854,-0.4,-0.1
2001-05-14,25.0,25.0,25.25,24.96,4090.0,10233699.0,600854,0.04,0.01
2001-05-15,25.26,25.07,25.3,24.96,6551.0,16401474.0,600854,0.28,0.07
2001-05-16,25.2,25.19,25.23,24.98,4036.0,10130209.0,600854,0.48,0.12
2001-05-17,25.26,25.39,25.64,25.26,5833.0,14834086.0,600854,0.79,0.2
2001-05-18,25.39,25.45,25.58,25.35,6871.0,17501172.0,600854,0.24,0.06
2001-05-21,25.5,25.34,25.65,25.2,5585.0,14158316.0,600854,-0.43,-0.11
2001-05-22,25.4,25.25,25.5,25.15,5045.0,12740992.0,600854,-0.36,-0.09
2001-05-23,25.25,24.9,25.38,24.76,4780.0,11921279.0,600854,-1.39,-0.35
2001-05-24,24.88,24.8,25.0,24.78,4719.0,11711189.0,600854,-0.4,-0.1
2001-05-25,24.8,24.8,25.05,24.7,3107.0,7716910.0,600854,0.0,0.0
2001-05-28,24.81,24.45,24.9,24.4,3847.0,9441493.0,600854,-1.41,-0.35
2001-05-29,24.43,24.5,24.62,24.43,2657.0,6514395.0,600854,0.2,0.05
2001-05-30,24.56,24.72,24.89,24.47,3226.0,7939957.0,600854,0.9,0.22
2001-05-31,24.8,24.85,24.99,24.5,4243.0,10448603.0,600854,0.53,0.13
2001-06-01,24.85,24.9,25.1,24.8,3343.0,8346243.0,600854,0.2,0.05
2001-06-04,24.9,25.12,25.2,24.75,3406.0,8530782.0,600854,0.88,0.22
2001-06-05,25.22,25.02,25.25,25.01,2420.0,6068318.0,600854,-0.4,-0.1
2001-06-06,25.05,24.79,25.08,24.71,3564.0,8859563.0,600854,-0.92,-0.23
2001-06-07,24.8,25.0,25.23,24.78,2898.0,7240480.0,600854,0.85,0.21
2001-06-08,25.01,24.85,25.1,24.81,2280.0,5684812.0,600854,-0.6,-0.15
2001-06-11,24.93,24.9,25.18,24.88,3126.0,7818154.0,600854,0.2,0.05
2001-06-12,24.9,25.07,25.1,24.9,2611.0,6537061.0,600854,0.68,0.17
2001-06-13,25.15,25.36,25.4,24.98,6560.0,16559020.0,600854,1.16,0.29
2001-06-14,25.37,24.95,25.5,24.92,5426.0,13715651.0,600854,-1.62,-0.41
2001-06-15,24.92,25.22,25.3,24.86,4139.0,10374240.0,600854,1.08,0.27
2001-06-18,25.3,24.58,25.35,24.0,3862.0,9564460.0,600854,-2.54,-0.64
2001-06-19,24.5,24.69,24.7,24.5,1886.0,4633431.0,600854,0.45,0.11
2001-06-20,24.6,24.49,24.79,24.45,1685.0,4150602.0,600854,-0.81,-0.2
2001-06-21,24.5,24.7,24.9,24.5,1353.0,3343417.0,600854,0.86,0.21
2001-06-22,24.9,24.89,24.9,24.65,2813.0,6965307.0,600854,0.77,0.19
2001-06-25,25.1,25.1,25.27,24.95,4579.0,11501716.0,600854,0.84,0.21
2001-06-26,25.1,25.33,25.48,25.1,4804.0,12162284.0,600854,0.92,0.23
2001-06-27,25.33,25.22,25.36,25.2,3573.0,9022351.0,600854,-0.43,-0.11
2001-06-29,25.28,25.28,25.57,25.22,4821.0,12247001.0,600854,0.24,0.06
2001-07-02,25.5,25.04,25.5,24.98,2257.0,5664387.0,600854,-0.95,-0.24
2001-07-03,25.0,25.0,25.1,24.8,1560.0,3886718.0,600854,-0.16,-0.04
2001-07-04,25.0,24.98,25.05,24.8,1348.0,3364818.0,600854,-0.08,-0.02
2001-07-05,25.05,24.98,25.15,24.9,1507.0,3764342.0,600854,0.0,0.0
2001-07-06,24.95,24.9,25.0,24.81,1241.0,3088478.0,600854,-0.32,-0.08
2001-07-09,24.9,24.88,24.99,24.78,1056.0,2625532.0,600854,-0.08,-0.02
2001-07-10,24.88,25.2,25.28,24.85,5118.0,12834972.0,600854,1.29,0.32
2001-07-11,25.31,25.1,25.35,24.85,2071.0,5202357.0,600854,-0.4,-0.1
2001-07-12,25.0,24.99,25.0,24.83,1919.0,4778077.0,600854,-0.44,-0.11
2001-07-13,25.0,24.78,25.2,24.6,1676.0,4177111.0,600854,-0.84,-0.21
2001-07-16,24.77,24.9,25.48,24.54,4939.0,12387116.0,600854,0.48,0.12
2001-07-17,25.05,24.8,25.05,24.68,1654.0,4108118.0,600854,-0.4,-0.1
2001-07-18,25.0,25.41,25.48,24.9,8922.0,22584156.0,600854,2.46,0.61
2001-07-19,25.41,25.46,25.49,25.22,4732.0,12013387.0,600854,0.2,0.05
2001-07-20,25.52,26.05,26.5,25.4,50115.0,130871816.0,600854,2.32,0.59
2001-07-23,26.2,25.79,26.27,25.75,7240.0,18820748.0,600854,-1.0,-0.26
2001-07-24,25.0,24.37,25.0,24.01,15506.0,38072280.0,600854,-5.51,-1.42
2001-07-25,24.05,23.24,24.18,22.9,23682.0,55270376.0,600854,-4.64,-1.13
2001-07-26,23.2,22.11,23.2,21.96,24994.0,55740044.0,600854,-4.86,-1.13
2001-07-27,22.01,22.0,22.5,21.35,28454.0,62473384.0,600854,-0.5,-0.11
2001-07-30,22.02,22.12,22.45,21.6,32671.0,72145472.0,600854,0.55,0.12
2001-07-31,22.0,20.29,22.3,20.0,22017.0,45469376.0,600854,-8.27,-1.83
2001-08-08,19.8,19.7,19.98,19.3,6532.0,12820225.0,600854,-2.91,-0.59
2001-08-09,19.7,19.98,19.99,19.57,3820.0,7581136.0,600854,1.42,0.28
2001-08-10,20.0,20.68,20.89,20.0,6990.0,14392716.0,600854,3.5,0.7
2001-08-13,20.71,20.46,20.82,20.45,3508.0,7216171.0,600854,-1.06,-0.22
2001-08-14,19.9,19.89,20.0,19.51,2976.0,5899382.0,600854,-2.79,-0.57
2001-08-15,19.9,19.97,20.18,19.89,3121.0,6254080.0,600854,0.4,0.08
2001-08-16,19.9,19.45,19.95,19.3,4469.0,8798136.0,600854,-2.6,-0.52
2001-08-17,19.05,19.09,19.14,18.78,34619.0,65675272.0,600854,-1.85,-0.36
2001-08-20,19.12,19.18,19.28,19.0,28569.0,54790224.0,600854,0.47,0.09
2001-08-21,19.21,19.2,19.43,19.18,29180.0,56367936.0,600854,0.1,0.02
2001-08-22,19.16,19.11,19.17,18.8,12102.0,22978040.0,600854,-0.47,-0.09
2001-08-23,19.09,19.13,19.14,18.91,13192.0,25164946.0,600854,0.1,0.02
2001-08-24,13.33,12.99,13.44,12.92,12818.0,17008900.0,600854,-32.1,-6.14
2001-08-27,12.88,12.6,13.0,12.28,15518.0,19426498.0,600854,-3.0,-0.39
2001-08-28,12.45,12.79,12.8,12.4,6666.0,8396555.0,600854,1.51,0.19
2001-08-29,12.79,12.78,13.08,12.68,6047.0,7790111.0,600854,-0.08,-0.01
2001-08-30,12.77,12.79,12.98,12.61,2843.0,3638540.0,600854,0.08,0.01
2001-08-31,12.8,12.75,12.94,12.7,2171.0,2770108.0,600854,-0.31,-0.04
2001-09-03,12.75,12.58,12.75,12.5,2277.0,2868513.0,600854,-1.33,-0.17
2001-09-04,12.56,12.92,12.92,12.56,5325.0,6814839.0,600854,2.7,0.34
2001-09-05,12.9,12.95,13.15,12.85,7435.0,9671419.0,600854,0.23,0.03
2001-09-06,12.95,12.73,13.0,12.7,3589.0,4593622.0,600854,-1.7,-0.22
2001-09-07,12.69,12.3,12.79,12.28,7852.0,9783196.0,600854,-3.38,-0.43
2001-09-10,12.25,12.53,12.6,12.13,7748.0,9644126.0,600854,1.87,0.23
2001-09-11,12.55,12.4,12.55,12.31,6059.0,7519880.0,600854,-1.04,-0.13
2001-09-12,12.2,12.29,12.38,12.0,8822.0,10762521.0,600854,-0.89,-0.11
2001-09-13,12.29,12.23,12.48,12.21,2214.0,2720367.0,600854,-0.49,-0.06
2001-09-14,12.26,11.8,12.3,11.78,11435.0,13677623.0,600854,-3.52,-0.43
2001-09-17,11.78,11.53,11.9,11.44,7692.0,8904084.0,600854,-2.29,-0.27
2001-09-18,11.5,11.65,11.76,11.35,5381.0,6206802.0,600854,1.04,0.12
2001-09-19,11.62,11.74,11.78,11.4,4053.0,4695335.0,600854,0.77,0.09
2001-09-20,11.8,12.06,12.28,11.64,13942.0,16871048.0,600854,2.73,0.32
2001-09-21,11.9,11.7,12.06,11.68,8976.0,10587692.0,600854,-2.99,-0.36
2001-09-24,11.6,11.6,11.98,11.57,4810.0,5593561.0,600854,-0.85,-0.1
2001-09-25,11.8,11.71,12.2,11.7,7750.0,9239931.0,600854,0.95,0.11
2001-09-26,11.9,11.64,11.9,11.6,5035.0,5882572.0,600854,-0.6,-0.07
2001-09-27,11.61,11.58,11.8,11.55,6193.0,7199755.0,600854,-0.52,-0.06
2001-09-28,11.6,11.69,11.7,11.53,5079.0,5894926.0,600854,0.95,0.11
2001-10-09,11.4,11.6,11.78,11.37,4016.0,4654894.0,600854,-0.77,-0.09
2001-10-10,11.62,11.22,11.62,11.22,4903.0,5560891.0,600854,-3.28,-0.38
2001-10-11,11.2,10.82,11.3,10.82,6144.0,6770089.0,600854,-3.57,-0.4
2001-10-12,10.82,11.88,11.88,10.4,13670.0,15216610.0,600854,9.8,1.06
2001-10-15,11.65,11.65,11.85,11.41,10563.0,12320554.0,600854,-1.94,-0.23
2001-10-16,11.65,11.2,11.65,11.1,4634.0,5262395.0,600854,-3.86,-0.45
2001-10-17,11.25,11.14,11.44,11.0,3621.0,4048715.0,600854,-0.54,-0.06
2001-10-18,11.18,11.05,11.4,10.95,4308.0,4786457.0,600854,-0.81,-0.09
2001-10-19,10.9,10.9,11.16,10.66,8277.0,9027509.0,600854,-1.36,-0.15
2001-10-22,10.81,10.79,11.1,10.7,6625.0,7238977.0,600854,-1.01,-0.11
2001-10-23,11.8,11.87,11.87,11.4,22531.0,26576174.0,600854,10.01,1.08
2001-10-24,12.28,12.09,12.42,11.83,55541.0,67835088.0,600854,1.85,0.22
2001-10-25,12.08,11.73,12.08,11.68,14460.0,17120972.0,600854,-2.98,-0.36
2001-10-26,11.71,11.85,11.89,11.63,7128.0,8389804.0,600854,1.02,0.12
2001-10-29,11.98,12.04,12.11,11.87,7688.0,9243105.0,600854,1.6,0.19
2001-10-30,12.1,11.78,12.11,11.76,5754.0,6832597.0,600854,-2.16,-0.26
2001-10-31,11.7,11.78,11.78,11.5,4895.0,5681074.0,600854,0.0,0.0
2001-11-01,11.78,11.86,11.95,11.75,4610.0,5461450.0,600854,0.68,0.08
2001-11-02,11.88,11.7,11.94,11.63,3406.0,4005380.0,600854,-1.35,-0.16
2001-11-05,11.7,11.61,11.72,11.55,2018.0,2342710.0,600854,-0.77,-0.09
2001-11-06,11.55,11.46,11.65,11.42,3763.0,4334319.0,600854,-1.29,-0.15
2001-11-07,11.46,10.88,11.49,10.86,8934.0,9901456.0,600854,-5.06,-0.58
2001-11-08,10.7,10.94,10.97,10.51,6110.0,6613235.0,600854,0.55,0.06
2001-11-09,11.1,11.0,11.12,10.78,4665.0,5124694.0,600854,0.55,0.06
2001-11-12,11.0,10.83,11.07,10.83,2497.0,2741090.0,600854,-1.55,-0.17
2001-11-13,10.75,10.81,10.9,10.7,2713.0,2923254.0,600854,-0.18,-0.02
2001-11-14,10.96,11.0,11.02,10.84,2572.0,2820572.0,600854,1.76,0.19
2001-11-15,11.0,10.89,11.06,10.89,1321.0,1447441.0,600854,-1.0,-0.11
2001-11-16,11.88,11.18,11.88,11.1,15091.0,17094770.0,600854,2.66,0.29
2001-11-19,11.2,11.24,11.25,11.17,4370.0,4899159.0,600854,0.54,0.06
2001-11-20,11.24,11.45,11.48,11.24,8264.0,9420753.0,600854,1.87,0.21
2001-11-21,11.48,11.63,11.68,11.34,8882.0,10207176.0,600854,1.57,0.18
2001-11-22,11.63,11.63,11.7,11.46,6551.0,7591689.0,600854,0.0,0.0
2001-11-23,11.6,11.55,11.6,11.5,5244.0,6056658.0,600854,-0.69,-0.08
2001-11-26,11.55,11.4,11.55,11.34,9313.0,10603901.0,600854,-1.3,-0.15
2001-11-27,11.38,11.49,11.5,11.38,3767.0,4315891.0,600854,0.79,0.09
2001-11-28,11.5,11.61,11.69,11.5,6097.0,7077131.0,600854,1.04,0.12
2001-11-29,11.61,11.56,11.68,11.52,5233.0,6070952.0,600854,-0.43,-0.05
2001-11-30,11.6,11.7,11.75,11.56,7143.0,8341510.0,600854,1.21,0.14
2001-12-03,11.76,12.11,12.16,11.7,24608.0,29537080.0,600854,3.5,0.41
2001-12-04,12.14,12.45,12.46,12.08,27541.0,33718944.0,600854,2.81,0.34
2001-12-05,12.45,12.86,13.39,12.3,101089.0,131023368.0,600854,3.29,0.41
2001-12-06,12.85,12.99,13.01,12.75,35175.0,45225976.0,600854,1.01,0.13
2001-12-07,12.99,12.8,13.0,12.76,13806.0,17755380.0,600854,-1.46,-0.19
2001-12-10,12.76,12.82,12.85,12.59,9548.0,12120355.0,600854,0.16,0.02
2001-12-11,12.73,12.61,12.92,12.6,10370.0,13205248.0,600854,-1.64,-0.21
2001-12-12,12.6,12.64,12.79,12.5,8274.0,10466092.0,600854,0.24,0.03
2001-12-13,12.65,12.63,12.91,12.6,14037.0,17873738.0,600854,-0.08,-0.01
2001-12-14,12.61,12.71,12.9,12.55,17411.0,22230756.0,600854,0.63,0.08
2001-12-17,12.71,13.09,13.21,12.68,30496.0,39723460.0,600854,2.99,0.38
2001-12-18,13.1,13.3,13.35,12.9,53595.0,70762416.0,600854,1.6,0.21
2001-12-19,13.32,12.84,13.35,12.8,34693.0,45570408.0,600854,-3.46,-0.46
2001-12-20,12.77,12.3,12.79,12.1,30009.0,37316844.0,600854,-4.21,-0.54
2001-12-21,12.2,12.6,12.63,12.15,10813.0,13424981.0,600854,2.44,0.3
2001-12-24,12.58,12.2,12.58,12.01,10943.0,13432652.0,600854,-3.17,-0.4
2001-12-25,12.18,12.18,12.38,12.0,7362.0,8969233.0,600854,-0.16,-0.02
2001-12-26,12.11,12.52,12.52,12.1,8009.0,9918559.0,600854,2.79,0.34
2001-12-27,12.52,12.37,12.63,12.36,7273.0,9080647.0,600854,-1.2,-0.15
2001-12-28,12.38,12.6,12.65,12.35,9524.0,11889776.0,600854,1.86,0.23
2001-12-31,12.65,12.83,12.98,12.61,11335.0,14423794.0,600854,1.83,0.23
2002-01-04,12.8,12.35,12.8,12.25,6200.0,7754029.0,600854,-3.74,-0.48
2002-01-07,12.25,12.23,12.37,12.15,6215.0,7599246.0,600854,-0.97,-0.12
2002-01-08,12.25,12.24,12.39,12.14,5747.0,7039372.0,600854,0.08,0.01
2002-01-09,12.12,11.9,12.2,11.82,9906.0,11855434.0,600854,-2.78,-0.34
2002-01-10,11.8,11.97,12.06,11.24,17640.0,20500482.0,600854,0.59,0.07
2002-01-11,11.96,11.55,11.96,11.54,10055.0,11729085.0,600854,-3.51,-0.42
2002-01-14,11.44,11.2,11.45,11.18,9304.0,10529760.0,600854,-3.03,-0.35
2002-01-15,11.18,11.04,11.44,11.02,8953.0,9999245.0,600854,-1.43,-0.16
2002-01-16,11.15,11.3,11.35,10.91,7168.0,8014842.0,600854,2.36,0.26
2002-01-17,11.3,10.89,11.3,10.82,9045.0,9967014.0,600854,-3.63,-0.41
2002-01-18,10.8,10.96,11.2,10.61,13462.0,14707517.0,600854,0.64,0.07
2002-01-21,10.86,10.82,11.09,10.76,6756.0,7365430.0,600854,-1.28,-0.14
2002-01-22,10.8,10.97,11.24,10.75,7509.0,8276278.0,600854,1.39,0.15
2002-01-23,10.93,11.66,11.68,10.81,10942.0,12304616.0,600854,6.29,0.69
2002-01-24,11.5,11.61,11.8,11.26,17525.0,20365792.0,600854,-0.43,-0.05
2002-01-25,11.6,11.49,11.7,11.44,9947.0,11483122.0,600854,-1.03,-0.12
2002-01-28,11.45,10.82,11.45,10.8,13768.0,15176529.0,600854,-5.83,-0.67
2002-01-29,10.68,10.98,11.13,10.68,7305.0,7978173.0,600854,1.48,0.16
2002-01-30,10.98,10.97,11.13,10.81,4602.0,5055320.0,600854,-0.09,-0.01
2002-01-31,11.03,11.75,11.85,11.03,29962.0,34830496.0,600854,7.11,0.78
2002-02-01,11.78,11.79,12.2,11.6,21344.0,25489220.0,600854,0.34,0.04
2002-02-04,11.8,11.9,12.01,11.67,10059.0,11949255.0,600854,0.93,0.11
2002-02-05,11.92,11.99,12.03,11.8,9791.0,11668122.0,600854,0.76,0.09
2002-02-06,12.0,11.6,12.0,11.58,10810.0,12704621.0,600854,-3.25,-0.39
2002-02-07,11.58,11.78,11.91,11.58,8567.0,10071514.0,600854,1.55,0.18
2002-02-08,11.8,11.66,11.92,11.62,8964.0,10569977.0,600854,-1.02,-0.12
2002-02-25,11.98,11.82,12.0,11.7,8236.0,9706324.0,600854,1.37,0.16
2002-02-26,11.85,12.18,12.18,11.76,23919.0,28667228.0,600854,3.05,0.36
2002-02-27,12.2,12.05,12.23,12.0,8360.0,10112443.0,600854,-1.07,-0.13
2002-02-28,12.05,11.83,12.12,11.81,7702.0,9194686.0,600854,-1.83,-0.22
2002-03-01,11.77,11.68,11.83,11.66,5699.0,6693278.0,600854,-1.27,-0.15
2002-03-04,11.6,11.83,11.84,11.6,3516.0,4127238.0,600854,1.28,0.15
2002-03-05,11.95,12.1,12.18,11.84,16490.0,19928752.0,600854,2.28,0.27
2002-03-06,12.15,12.09,12.38,12.02,20580.0,25137000.0,600854,-0.08,-0.01
2002-03-07,12.05,12.42,12.43,12.04,23390.0,28708252.0,600854,2.73,0.33
2002-03-08,12.45,12.55,12.69,12.33,28874.0,36141100.0,600854,1.05,0.13
2002-03-11,12.54,12.69,12.72,12.45,21622.0,27253012.0,600854,1.12,0.14
2002-03-12,12.75,12.57,12.95,12.56,30736.0,39136392.0,600854,-0.95,-0.12
2002-03-13,12.55,12.35,12.75,12.32,16035.0,20061904.0,600854,-1.75,-0.22
2002-03-14,12.31,12.62,12.66,12.29,12077.0,15005770.0,600854,2.19,0.27
2002-03-15,12.68,12.37,12.85,12.35,25438.0,32269470.0,600854,-1.98,-0.25
2002-03-18,12.48,12.32,12.68,12.18,10844.0,13389933.0,600854,-0.4,-0.05
2002-03-19,12.32,12.53,12.58,12.28,9850.0,12250256.0,600854,1.7,0.21
2002-03-20,12.6,12.68,12.9,12.54,19512.0,24814900.0,600854,1.2,0.15
2002-03-21,12.69,12.59,12.83,12.53,10912.0,13810529.0,600854,-0.71,-0.09
2002-03-22,12.6,12.45,12.7,12.35,8087.0,10103470.0,600854,-1.11,-0.14
2002-03-25,12.45,12.45,12.5,12.35,6232.0,7726824.0,600854,0.0,0.0
2002-03-26,12.45,12.17,12.45,12.16,9592.0,11736686.0,600854,-2.25,-0.28
2002-03-27,12.15,12.18,12.3,12.02,6475.0,7852308.0,600854,0.08,0.01
2002-03-28,12.2,12.13,12.29,12.08,5035.0,6134090.0,600854,-0.41,-0.05
2002-03-29,12.13,11.69,12.13,11.58,11916.0,14106547.0,600854,-3.63,-0.44
2002-04-01,11.65,11.74,11.74,11.51,4659.0,5417189.0,600854,0.43,0.05
2002-04-02,11.79,11.44,11.79,11.4,6711.0,7717213.0,600854,-2.56,-0.3
2002-04-03,11.48,11.4,11.56,11.36,5989.0,6855118.0,600854,-0.35,-0.04
2002-04-04,11.43,11.72,11.75,11.36,6721.0,7767742.0,600854,2.81,0.32
2002-04-05,11.75,11.77,11.78,11.56,9352.0,10913388.0,600854,0.43,0.05
2002-04-08,11.77,11.64,11.8,11.61,3163.0,3698091.0,600854,-1.1,-0.13
2002-04-09,11.66,12.05,12.23,11.51,14175.0,16736606.0,600854,3.52,0.41
2002-04-10,12.05,12.05,12.12,12.0,7026.0,8468572.0,600854,0.0,0.0
2002-04-11,12.03,11.9,12.03,11.78,6271.0,7439386.0,600854,-1.24,-0.15
2002-04-12,11.82,11.9,11.92,11.8,4890.0,5806593.0,600854,0.0,0.0
2002-04-15,11.89,11.7,11.99,11.68,4342.0,5128399.0,600854,-1.68,-0.2
2002-04-16,11.69,11.75,11.79,11.69,2907.0,3408985.0,600854,0.43,0.05
2002-04-17,11.75,11.72,11.97,11.6,6721.0,7907642.0,600854,-0.26,-0.03
2002-04-18,11.7,11.43,11.78,11.4,7956.0,9145809.0,600854,-2.47,-0.29
2002-04-19,11.47,11.5,11.54,11.35,5043.0,5760460.0,600854,0.61,0.07
2002-04-22,11.5,11.68,11.72,11.4,7608.0,8864669.0,600854,1.57,0.18
2002-04-23,11.6,11.5,11.71,11.48,2984.0,3474059.0,600854,-1.54,-0.18
2002-04-24,11.54,11.4,11.55,11.39,2976.0,3403991.0,600854,-0.87,-0.1
2002-04-25,11.5,11.45,11.55,11.36,2779.0,3175167.0,600854,0.44,0.05
2002-04-26,11.41,11.57,11.59,11.4,3269.0,3766927.0,600854,1.05,0.12
2002-04-29,11.56,11.68,11.72,11.0,16797.0,19350058.0,600854,0.95,0.11
2002-04-30,11.65,11.45,11.67,11.42,8231.0,9470529.0,600854,-1.97,-0.23
2002-05-08,11.5,11.37,11.55,11.36,4018.0,4583043.0,600854,-0.7,-0.08
2002-05-09,11.3,11.38,11.59,11.28,3370.0,3855334.0,600854,0.09,0.01
2002-05-10,11.0,11.31,11.68,11.0,4039.0,4560534.0,600854,-0.62,-0.07
2002-05-13,11.25,11.11,11.35,11.05,4596.0,5122114.0,600854,-1.77,-0.2
2002-05-14,11.1,11.0,11.19,10.95,9420.0,10400612.0,600854,-0.99,-0.11
2002-05-15,11.0,10.89,11.1,10.86,4660.0,5105908.0,600854,-1.0,-0.11
2002-05-16,10.8,10.51,10.9,10.48,9217.0,9830234.0,600854,-3.49,-0.38
2002-05-17,10.51,10.6,10.7,10.5,6227.0,6581990.0,600854,0.86,0.09
2002-05-21,10.78,10.8,11.0,10.59,11793.0,12724302.0,600854,1.89,0.2
2002-05-22,10.8,10.59,10.8,10.56,4314.0,4607110.0,600854,-1.94,-0.21
2002-05-23,10.79,10.64,10.8,10.62,3120.0,3336882.0,600854,0.47,0.05
2002-05-24,10.65,10.23,10.65,10.09,12187.0,12483977.0,600854,-3.85,-0.41
2002-05-27,10.28,10.05,10.28,9.91,10370.0,10384058.0,600854,-1.76,-0.18
2002-05-28,10.06,10.15,10.24,10.0,10831.0,10983537.0,600854,1.0,0.1
2002-05-29,10.15,10.04,10.18,9.91,7280.0,7280203.0,600854,-1.08,-0.11
2002-05-30,10.01,10.18,10.2,9.95,5112.0,5138258.0,600854,1.39,0.14
2002-05-31,10.17,10.04,10.25,10.02,3657.0,3692169.0,600854,-1.38,-0.14
2002-06-03,10.01,9.88,10.01,9.85,5394.0,5341308.0,600854,-1.59,-0.16
2002-06-04,9.85,9.89,10.0,9.8,3120.0,3084832.0,600854,0.1,0.01
2002-06-05,9.81,9.46,9.85,9.4,7108.0,6811173.0,600854,-4.35,-0.43
2002-06-06,9.45,10.0,10.1,9.33,10998.0,10738383.0,600854,5.71,0.54
2002-06-07,10.0,10.0,10.14,9.78,9342.0,9351637.0,600854,0.0,0.0
2002-06-10,10.0,9.9,10.01,9.81,3778.0,3742660.0,600854,-1.0,-0.1
2002-06-11,9.92,10.13,10.18,9.8,6535.0,6556214.0,600854,2.32,0.23
2002-06-12,10.14,10.2,10.3,9.9,8010.0,8143982.0,600854,0.69,0.07
2002-06-13,10.19,9.98,10.19,9.95,3914.0,3945919.0,600854,-2.16,-0.22
2002-06-14,9.85,9.81,9.95,9.8,3854.0,3798864.0,600854,-1.7,-0.17
2002-06-17,9.8,9.77,9.85,9.68,1569.0,1530142.0,600854,-0.41,-0.04
2002-06-18,9.78,9.99,10.02,9.78,3929.0,3907799.0,600854,2.25,0.22
2002-06-19,9.98,9.81,10.02,9.8,1806.0,1790122.0,600854,-1.8,-0.18
2002-06-20,9.98,9.96,10.03,9.85,4331.0,4317882.0,600854,1.53,0.15
2002-06-24,10.96,10.96,10.96,10.61,75475.0,82347304.0,600854,10.04,1.0
2002-06-25,11.12,11.0,11.45,10.88,35221.0,39270172.0,600854,0.36,0.04
2002-06-26,10.9,11.02,11.16,10.86,13894.0,15302975.0,600854,0.18,0.02
2002-06-27,11.05,11.1,11.29,11.0,11364.0,12629388.0,600854,0.73,0.08
2002-06-28,11.1,11.77,11.95,11.1,83667.0,97154960.0,600854,6.04,0.67
2002-07-01,11.87,11.46,11.9,11.45,23399.0,27131972.0,600854,-2.63,-0.31
2002-07-02,11.4,11.49,11.5,11.3,13482.0,15343762.0,600854,0.26,0.03
2002-07-03,11.5,11.35,11.58,11.3,12170.0,13839808.0,600854,-1.22,-0.14
2002-07-04,11.38,11.13,11.4,11.1,14779.0,16579633.0,600854,-1.94,-0.22
2002-07-05,11.12,11.2,11.2,11.09,7236.0,8066881.0,600854,0.63,0.07
2002-07-08,11.2,11.26,11.38,11.16,6551.0,7373501.0,600854,0.54,0.06
2002-07-09,11.3,11.39,11.52,11.3,18187.0,20774136.0,600854,1.15,0.13
2002-07-10,11.4,11.19,11.45,11.14,12462.0,14032572.0,600854,-1.76,-0.2
2002-07-11,11.2,11.3,11.35,11.17,8682.0,9779636.0,600854,0.98,0.11
2002-07-12,11.35,11.4,11.48,11.31,16224.0,18494088.0,600854,0.88,0.1
2002-07-15,11.19,10.8,11.2,10.78,5276.0,5748897.0,600854,-5.26,-0.6
2002-07-16,10.9,10.83,11.09,10.8,5664.0,6189666.0,600854,0.28,0.03
2002-07-17,10.83,10.81,10.95,10.61,5304.0,5686826.0,600854,-0.18,-0.02
2002-07-18,10.86,10.71,10.86,10.68,5239.0,5642089.0,600854,-0.93,-0.1
2002-07-19,10.9,10.84,10.94,10.71,4989.0,5409218.0,600854,1.21,0.13
2002-07-22,10.9,10.69,10.94,10.67,5337.0,5741664.0,600854,-1.38,-0.15
2002-07-23,10.68,10.49,10.72,10.46,8105.0,8582746.0,600854,-1.87,-0.2
2002-07-24,10.51,10.43,10.64,10.34,5504.0,5744558.0,600854,-0.57,-0.06
2002-07-25,10.45,10.45,10.55,10.31,4455.0,4645118.0,600854,0.19,0.02
2002-07-26,10.5,10.43,10.5,10.39,2323.0,2424443.0,600854,-0.19,-0.02
2002-07-29,10.4,10.31,10.4,10.2,4577.0,4706000.0,600854,-1.15,-0.12
2002-07-30,10.31,10.28,10.38,10.19,4293.0,4401385.0,600854,-0.29,-0.03
2002-07-31,10.24,10.24,10.3,10.22,3149.0,3231673.0,600854,-0.39,-0.04
2002-08-01,10.16,10.18,10.25,10.16,2841.0,2897293.0,600854,-0.59,-0.06
2002-08-02,10.18,10.33,10.34,10.16,2927.0,3000475.0,600854,1.47,0.15
2002-08-05,10.3,10.25,10.3,10.22,1915.0,1964758.0,600854,-0.77,-0.08
2002-08-06,10.25,10.39,10.45,10.17,3166.0,3277622.0,600854,1.37,0.14
2002-08-07,10.35,10.4,10.44,10.31,1763.0,1830666.0,600854,0.1,0.01
2002-08-08,10.39,10.34,10.55,10.33,2031.0,2114745.0,600854,-0.58,-0.06
2002-08-09,10.4,10.18,10.4,10.16,3453.0,3523772.0,600854,-1.55,-0.16
2002-08-12,10.18,10.16,10.2,10.14,1814.0,1845773.0,600854,-0.2,-0.02
2002-08-13,10.16,10.2,10.26,10.15,1299.0,1325454.0,600854,0.39,0.04
2002-08-14,10.18,10.22,10.23,10.15,1435.0,1461811.0,600854,0.2,0.02
2002-08-15,10.22,10.16,10.25,10.14,1675.0,1704059.0,600854,-0.59,-0.06
2002-08-16,10.15,10.21,10.25,10.11,2750.0,2797816.0,600854,0.49,0.05
2002-08-19,10.15,9.92,10.16,9.88,11433.0,11417920.0,600854,-2.84,-0.29
2002-08-20,9.92,10.06,10.09,9.86,13795.0,13714366.0,600854,1.41,0.14
2002-08-21,10.06,9.99,10.09,9.96,6107.0,6116485.0,600854,-0.7,-0.07
2002-08-22,10.0,10.19,10.23,9.99,8580.0,8707218.0,600854,2.0,0.2
2002-08-23,10.18,10.17,10.24,10.12,3669.0,3730274.0,600854,-0.2,-0.02
2002-08-26,10.15,9.97,10.15,9.95,4584.0,4597250.0,600854,-1.97,-0.2
2002-08-27,9.97,10.03,10.06,9.97,5951.0,5954469.0,600854,0.6,0.06
2002-08-28,10.05,9.98,10.1,9.96,4608.0,4608118.0,600854,-0.5,-0.05
2002-08-29,10.0,9.93,10.0,9.91,3087.0,3070097.0,600854,-0.5,-0.05
2002-08-30,9.95,9.93,9.99,9.9,3002.0,2982146.0,600854,0.0,0.0
2002-09-02,9.95,9.91,9.95,9.88,3845.0,3806098.0,600854,-0.2,-0.02
2002-09-03,9.9,9.92,10.04,9.9,2653.0,2644387.0,600854,0.1,0.01
2002-09-04,9.93,9.87,9.98,9.86,3593.0,3558803.0,600854,-0.5,-0.05
2002-09-05,9.87,9.7,9.9,9.69,7187.0,7007279.0,600854,-1.72,-0.17
2002-09-06,9.7,9.6,9.72,9.57,8179.0,7865970.0,600854,-1.03,-0.1
2002-09-09,9.6,9.39,9.66,9.35,11599.0,10932473.0,600854,-2.19,-0.21
2002-09-10,9.38,9.38,9.46,9.23,10149.0,9469228.0,600854,-0.11,-0.01
2002-09-11,9.38,9.19,9.38,9.08,14902.0,13670058.0,600854,-2.03,-0.19
2002-09-12,9.18,9.21,9.28,9.1,7881.0,7221383.0,600854,0.22,0.02
2002-09-13,9.19,9.14,9.2,9.11,7596.0,6934855.0,600854,-0.76,-0.07
2002-09-16,9.12,9.07,9.15,9.0,9630.0,8708777.0,600854,-0.77,-0.07
2002-09-17,9.05,9.1,9.16,9.0,7532.0,6837542.0,600854,0.33,0.03
2002-09-18,9.1,9.17,9.24,9.07,9392.0,8600777.0,600854,0.77,0.07
2002-09-19,9.17,9.3,9.33,9.09,8422.0,7753453.0,600854,1.42,0.13
2002-09-23,9.2,9.14,9.23,9.09,4808.0,4401383.0,600854,-1.72,-0.16
2002-09-24,9.16,9.08,9.16,9.05,2980.0,2710904.0,600854,-0.66,-0.06
2002-09-25,9.09,9.5,9.85,9.08,49732.0,47713968.0,600854,4.63,0.42
2002-09-26,9.4,9.37,9.48,9.31,12657.0,11885673.0,600854,-1.37,-0.13
2002-09-27,9.38,9.32,9.5,9.26,8571.0,8027084.0,600854,-0.53,-0.05
2002-10-08,9.26,9.65,9.66,9.26,22134.0,21185172.0,600854,3.54,0.33
2002-10-09,9.65,9.7,9.85,9.44,25685.0,24926868.0,600854,0.52,0.05
2002-10-10,9.66,9.75,9.8,9.6,16592.0,16122164.0,600854,0.52,0.05
2002-10-11,9.76,9.6,9.8,9.57,11562.0,11141589.0,600854,-1.54,-0.15
2002-10-14,9.6,10.03,10.08,9.6,46879.0,46422924.0,600854,4.48,0.43
2002-10-15,10.03,9.95,10.09,9.89,21996.0,21951326.0,600854,-0.8,-0.08
2002-10-16,9.98,9.94,10.2,9.93,24902.0,25037776.0,600854,-0.1,-0.01
2002-10-17,9.98,9.71,10.04,9.61,20332.0,19893612.0,600854,-2.31,-0.23
2002-10-18,9.68,9.85,9.9,9.61,14211.0,13886093.0,600854,1.44,0.14
2002-10-21,9.81,9.9,9.96,9.63,12342.0,12074896.0,600854,0.51,0.05
2002-10-22,9.85,10.06,10.22,9.82,41431.0,41831168.0,600854,1.62,0.16
2002-10-23,10.06,10.08,10.1,9.93,20372.0,20406652.0,600854,0.2,0.02
2002-10-24,10.08,9.88,10.08,9.85,14096.0,14018739.0,600854,-1.98,-0.2
2002-10-25,10.05,9.87,10.29,9.86,35105.0,35435516.0,600854,-0.1,-0.01
2002-10-28,9.88,9.77,9.95,9.72,19452.0,19191112.0,600854,-1.01,-0.1
2002-10-29,9.75,9.81,9.83,9.55,15630.0,15117036.0,600854,0.41,0.04
2002-10-30,9.75,9.86,10.05,9.57,13011.0,12782538.0,600854,0.51,0.05
2002-10-31,9.82,9.78,9.97,9.7,9023.0,8852729.0,600854,-0.81,-0.08
2002-11-01,9.78,9.74,9.84,9.67,7850.0,7647207.0,600854,-0.41,-0.04
2002-11-04,9.84,9.99,10.0,9.74,11283.0,11181905.0,600854,2.57,0.25
2002-11-05,10.0,10.2,10.2,9.92,39259.0,39619936.0,600854,2.1,0.21
2002-11-06,10.2,10.13,10.2,9.98,28391.0,28685804.0,600854,-0.69,-0.07
2002-11-07,10.12,10.04,10.13,9.98,28805.0,28931354.0,600854,-0.89,-0.09
2002-11-08,10.19,9.71,10.23,9.7,25345.0,25105972.0,600854,-3.29,-0.33
2002-11-11,9.6,9.56,9.82,9.52,18228.0,17609672.0,600854,-1.54,-0.15
2002-11-12,9.56,9.19,9.64,9.08,28578.0,26523860.0,600854,-3.87,-0.37
2002-11-13,9.15,9.29,9.3,9.08,16486.0,15196787.0,600854,1.09,0.1
2002-11-14,9.28,9.08,9.29,9.03,16707.0,15248455.0,600854,-2.26,-0.21
2002-11-15,9.08,9.2,9.28,9.04,14833.0,13563803.0,600854,1.32,0.12
2002-11-18,9.21,9.05,9.29,9.02,7061.0,6414751.0,600854,-1.63,-0.15
2002-11-19,9.0,9.14,9.18,9.0,15578.0,14171705.0,600854,0.99,0.09
2002-11-20,9.1,8.29,9.1,8.23,35962.0,30465988.0,600854,-9.3,-0.85
2002-11-21,8.2,8.08,8.29,8.07,14177.0,11577227.0,600854,-2.53,-0.21
2002-11-22,8.08,8.19,8.4,8.0,25907.0,21251486.0,600854,1.36,0.11
2002-11-25,8.2,8.14,8.23,8.08,9297.0,7562975.0,600854,-0.61,-0.05
2002-11-26,8.12,7.8,8.18,7.71,21642.0,17109204.0,600854,-4.18,-0.34
2002-11-27,7.72,7.88,7.99,7.65,16866.0,13215907.0,600854,1.03,0.08
2002-11-28,7.89,8.05,8.1,7.78,18707.0,14857943.0,600854,2.16,0.17
2002-11-29,8.18,8.35,8.47,8.1,42507.0,35306580.0,600854,3.73,0.3
2002-12-02,8.3,7.97,8.3,7.96,16519.0,13387813.0,600854,-4.55,-0.38
2002-12-03,7.9,8.26,8.27,7.85,18882.0,15284324.0,600854,3.64,0.29
2002-12-04,8.24,8.23,8.42,8.15,42785.0,35646492.0,600854,-0.36,-0.03
2002-12-05,8.2,8.15,8.2,8.0,19257.0,15575361.0,600854,-0.97,-0.08
2002-12-06,8.13,8.09,8.18,8.05,7445.0,6036219.0,600854,-0.74,-0.06
2002-12-09,8.03,8.1,8.24,8.03,10268.0,8366326.0,600854,0.12,0.01
2002-12-10,8.2,7.98,8.2,7.98,12754.0,10276141.0,600854,-1.48,-0.12
2002-12-11,8.0,7.88,8.0,7.8,9412.0,7416579.0,600854,-1.25,-0.1
2002-12-12,7.87,8.02,8.08,7.85,16791.0,13447482.0,600854,1.78,0.14
2002-12-13,7.87,8.05,8.16,7.79,8489.0,6798486.0,600854,0.37,0.03
2002-12-16,8.05,8.07,8.14,8.02,12405.0,10012493.0,600854,0.25,0.02
2002-12-17,8.11,8.13,8.15,8.06,9381.0,7612854.0,600854,0.74,0.06
2002-12-18,8.14,8.07,8.17,8.03,10149.0,8234283.0,600854,-0.74,-0.06
2002-12-19,8.07,8.03,8.1,7.99,5997.0,4812997.0,600854,-0.5,-0.04
2002-12-20,8.06,8.18,8.23,8.04,12217.0,9971412.0,600854,1.87,0.15
2002-12-23,8.18,8.14,8.32,8.11,16437.0,13482849.0,600854,-0.49,-0.04
2002-12-24,8.12,8.15,8.16,8.09,7733.0,6271042.0,600854,0.12,0.01
2002-12-25,8.18,8.07,8.2,8.03,12212.0,9877441.0,600854,-0.98,-0.08
2002-12-26,8.05,7.81,8.05,7.8,12050.0,9525260.0,600854,-3.22,-0.26
2002-12-27,7.79,7.69,7.8,7.55,16142.0,12391247.0,600854,-1.54,-0.12
2002-12-30,7.64,7.5,7.65,7.42,11903.0,8965545.0,600854,-2.47,-0.19
2002-12-31,7.5,7.4,7.55,7.37,8193.0,6116239.0,600854,-1.33,-0.1
2003-01-02,7.4,7.14,7.45,7.1,8936.0,6495541.0,600854,-3.51,-0.26
2003-01-03,7.2,7.21,7.24,7.13,10797.0,7750273.0,600854,0.98,0.07
2003-01-06,7.22,7.35,7.39,7.15,7020.0,5122368.0,600854,1.94,0.14
2003-01-07,7.35,7.21,7.41,7.17,6789.0,4936862.0,600854,-1.9,-0.14
2003-01-08,7.18,7.43,7.49,7.17,8282.0,6100207.0,600854,3.05,0.22
2003-01-09,7.4,7.64,7.69,7.38,19286.0,14536467.0,600854,2.83,0.21
2003-01-10,7.72,7.76,8.3,7.71,58084.0,46460100.0,600854,1.57,0.12
2003-01-13,7.71,7.88,7.93,7.68,14728.0,11498628.0,600854,1.55,0.12
2003-01-14,7.85,8.25,8.35,7.85,42130.0,34377028.0,600854,4.7,0.37
2003-01-15,8.26,8.38,8.57,8.07,54456.0,45307732.0,600854,1.58,0.13
2003-01-16,8.3,8.39,8.4,8.22,24724.0,20574848.0,600854,0.12,0.01
2003-01-17,8.39,8.17,8.4,8.15,22640.0,18685578.0,600854,-2.62,-0.22
2003-01-20,8.15,8.1,8.17,7.98,16345.0,13201450.0,600854,-0.86,-0.07
2003-01-21,8.11,8.01,8.26,8.01,18448.0,14993963.0,600854,-1.11,-0.09
2003-01-22,7.95,7.98,8.01,7.88,13883.0,11022015.0,600854,-0.37,-0.03
2003-01-23,7.91,7.94,8.07,7.9,6425.0,5127031.0,600854,-0.5,-0.04
2003-01-24,7.94,8.09,8.14,7.92,7396.0,5949337.0,600854,1.89,0.15
2003-01-27,8.1,8.23,8.28,8.09,14278.0,11707734.0,600854,1.73,0.14
2003-01-28,8.24,8.19,8.28,8.12,8123.0,6648216.0,600854,-0.49,-0.04
2003-01-29,8.18,8.17,8.24,8.15,8353.0,6846130.0,600854,-0.24,-0.02
2003-02-10,8.25,8.04,8.25,8.01,5477.0,4435224.0,600854,-1.59,-0.13
2003-02-11,8.0,8.14,8.15,8.0,3142.0,2541823.0,600854,1.24,0.1
2003-02-12,8.1,8.23,8.26,8.09,8408.0,6889265.0,600854,1.11,0.09
2003-02-13,8.23,8.32,8.44,8.2,19857.0,16468519.0,600854,1.09,0.09
2003-02-14,8.32,8.51,8.55,8.32,31185.0,26308326.0,600854,2.28,0.19
2003-02-17,8.55,8.41,8.63,8.31,23420.0,19832728.0,600854,-1.18,-0.1
2003-02-18,8.48,8.53,8.59,8.33,23974.0,20345068.0,600854,1.43,0.12
2003-02-19,8.53,8.52,8.54,8.38,10723.0,9078110.0,600854,-0.12,-0.01
2003-02-20,8.5,8.42,8.72,8.4,19653.0,16822096.0,600854,-1.17,-0.1
2003-02-21,8.42,8.15,8.42,8.1,18630.0,15359561.0,600854,-3.21,-0.27
2003-02-24,8.08,8.14,8.2,8.08,7931.0,6453301.0,600854,-0.12,-0.01
2003-02-25,8.14,8.3,8.33,8.14,9487.0,7832810.0,600854,1.97,0.16
2003-02-26,8.36,8.24,8.36,8.23,5515.0,4557832.0,600854,-0.72,-0.06
2003-02-27,8.29,8.22,8.37,8.22,7347.0,6078562.0,600854,-0.24,-0.02
2003-02-28,8.21,8.25,8.3,8.18,5995.0,4928811.0,600854,0.36,0.03
2003-03-03,8.26,8.33,8.35,8.25,5613.0,4655318.0,600854,0.97,0.08
2003-03-04,8.35,8.28,8.36,8.23,6633.0,5507568.0,600854,-0.6,-0.05
2003-03-05,8.3,8.19,8.3,8.12,6536.0,5346374.0,600854,-1.09,-0.09
2003-03-06,8.2,8.06,8.2,8.04,9878.0,7995615.0,600854,-1.59,-0.13
2003-03-07,8.05,8.06,8.16,8.03,5295.0,4279385.0,600854,0.0,0.0
2003-03-10,8.06,7.89,8.08,7.87,6960.0,5526763.0,600854,-2.11,-0.17
2003-03-11,7.88,7.87,7.92,7.85,4120.0,3246055.0,600854,-0.25,-0.02
2003-03-12,7.85,7.88,7.91,7.76,4228.0,3312509.0,600854,0.13,0.01
2003-03-13,7.89,7.78,7.9,7.77,3994.0,3132383.0,600854,-1.27,-0.1
2003-03-14,7.79,7.8,7.86,7.74,4130.0,3222222.0,600854,0.26,0.02
2003-03-17,7.85,7.92,7.94,7.8,5620.0,4420269.0,600854,1.54,0.12
2003-03-18,7.92,7.77,7.97,7.77,3910.0,3077550.0,600854,-1.89,-0.15
2003-03-19,7.8,7.78,7.82,7.62,4968.0,3838835.0,600854,0.13,0.01
2003-03-20,7.78,7.69,7.82,7.69,4492.0,3475883.0,600854,-1.16,-0.09
2003-03-21,7.69,7.77,7.79,7.68,3615.0,2794679.0,600854,1.04,0.08
2003-03-24,7.78,7.81,7.82,7.72,2510.0,1950889.0,600854,0.51,0.04
2003-03-25,7.8,7.66,7.8,7.64,4235.0,3253940.0,600854,-1.92,-0.15
2003-03-26,7.66,7.59,7.77,7.57,3959.0,3017659.0,600854,-0.91,-0.07
2003-03-27,7.51,7.82,7.86,7.51,5416.0,4156908.0,600854,3.03,0.23
2003-03-28,7.83,7.74,7.88,7.7,10568.0,8234572.0,600854,-1.02,-0.08
2003-03-31,7.68,7.77,7.79,7.6,8215.0,6349566.0,600854,0.39,0.03
2003-04-01,7.8,7.88,7.94,7.76,11537.0,9056734.0,600854,1.42,0.11
2003-04-02,7.89,8.14,8.16,7.83,31741.0,25530620.0,600854,3.3,0.26
2003-04-03,8.14,7.99,8.14,7.97,17381.0,13945291.0,600854,-1.84,-0.15
2003-04-04,7.98,8.05,8.09,7.96,8539.0,6862469.0,600854,0.75,0.06
2003-04-07,8.08,8.04,8.15,8.0,13402.0,10833115.0,600854,-0.12,-0.01
2003-04-08,8.03,7.86,8.03,7.83,13762.0,10871327.0,600854,-2.24,-0.18
2003-04-09,7.85,7.9,7.94,7.72,11471.0,8961579.0,600854,0.51,0.04
2003-04-10,7.96,8.14,8.15,7.8,23960.0,19226316.0,600854,3.04,0.24
2003-04-11,8.14,8.22,8.29,8.09,32438.0,26559440.0,600854,0.98,0.08
2003-04-14,8.24,8.49,8.8,8.2,61833.0,52628124.0,600854,3.28,0.27
2003-04-15,8.48,8.38,8.49,8.33,28283.0,23725060.0,600854,-1.3,-0.11
2003-04-16,8.4,8.13,8.54,8.0,29302.0,24402308.0,600854,-2.98,-0.25
2003-04-17,8.18,8.1,8.22,8.01,19537.0,15805160.0,600854,-0.37,-0.03
2003-04-18,8.11,8.07,8.24,8.06,20656.0,16766131.0,600854,-0.37,-0.03
2003-04-21,8.1,7.82,8.11,7.73,21670.0,17027820.0,600854,-3.1,-0.25
2003-04-22,7.82,7.85,7.9,7.8,7207.0,5658102.0,600854,0.38,0.03
2003-04-23,7.85,7.72,7.91,7.69,10594.0,8225958.0,600854,-1.66,-0.13
2003-04-24,7.7,7.53,7.72,7.5,15007.0,11392174.0,600854,-2.46,-0.19
2003-04-25,7.2,7.35,7.5,7.2,9279.0,6855966.0,600854,-2.39,-0.18
2003-04-28,7.33,7.44,7.46,7.15,14178.0,10317997.0,600854,1.22,0.09
2003-04-30,7.37,7.29,7.42,7.25,13504.0,9877913.0,600854,-2.02,-0.15
2003-05-12,7.25,7.26,7.37,7.25,8041.0,5870837.0,600854,-0.41,-0.03
2003-05-13,7.25,6.77,7.3,6.75,22833.0,15670285.0,600854,-6.75,-0.49
2003-05-14,6.79,7.0,7.0,6.79,11981.0,8258087.0,600854,3.4,0.23
2003-05-15,7.01,7.25,7.3,7.0,14336.0,10243249.0,600854,3.57,0.25
2003-05-16,7.24,7.16,7.26,7.1,7799.0,5587915.0,600854,-1.24,-0.09
2003-05-19,7.2,7.23,7.28,7.12,6395.0,4611839.0,600854,0.98,0.07
2003-05-20,7.26,7.11,7.26,7.06,6490.0,4619097.0,600854,-1.66,-0.12
2003-05-21,7.08,7.27,7.28,7.06,10578.0,7625027.0,600854,2.25,0.16
2003-05-22,7.32,7.52,7.61,7.3,35120.0,26208440.0,600854,3.44,0.25
2003-05-23,7.52,7.46,7.54,7.4,14621.0,10891452.0,600854,-0.8,-0.06
2003-05-26,7.43,7.45,7.53,7.38,11063.0,8225701.0,600854,-0.13,-0.01
2003-05-27,7.47,7.47,7.53,7.36,8731.0,6475080.0,600854,0.27,0.02
2003-05-28,7.48,7.49,7.66,7.47,13941.0,10538034.0,600854,0.27,0.02
2003-05-29,7.49,7.59,7.6,7.4,11968.0,9012935.0,600854,1.34,0.1
2003-05-30,7.65,7.58,7.65,7.53,9849.0,7456940.0,600854,-0.13,-0.01
2003-06-02,7.6,7.56,7.64,7.53,7964.0,6032051.0,600854,-0.26,-0.02
2003-06-03,7.59,7.39,7.59,7.38,8776.0,6528708.0,600854,-2.25,-0.17
2003-06-04,7.4,7.38,7.45,7.31,6879.0,5069656.0,600854,-0.14,-0.01
2003-06-05,7.39,7.32,7.45,7.32,4959.0,3660916.0,600854,-0.81,-0.06
2003-06-06,7.3,7.23,7.31,7.22,5954.0,4322249.0,600854,-1.23,-0.09
2003-06-09,7.2,7.13,7.27,7.11,5371.0,3850559.0,600854,-1.38,-0.1
2003-06-10,7.15,7.2,7.28,7.1,5348.0,3844291.0,600854,0.98,0.07
2003-06-11,7.21,7.3,7.3,7.2,5312.0,3858313.0,600854,1.39,0.1
2003-06-12,7.27,7.21,7.33,7.2,3942.0,2851185.0,600854,-1.23,-0.09
2003-06-13,7.25,7.26,7.3,7.21,3740.0,2713410.0,600854,0.69,0.05
2003-06-16,7.26,7.33,7.37,7.26,4011.0,2939122.0,600854,0.96,0.07
2003-06-17,7.34,7.28,7.37,7.24,2662.0,1940718.0,600854,-0.68,-0.05
2003-06-18,7.28,7.22,7.31,7.2,4054.0,2937294.0,600854,-0.82,-0.06
2003-06-19,7.2,7.15,7.21,7.11,5126.0,3664147.0,600854,-0.97,-0.07
2003-06-20,7.03,7.03,7.1,7.02,3393.0,2391860.0,600854,-1.68,-0.12
2003-06-23,7.05,7.06,7.15,7.0,3265.0,2303369.0,600854,0.43,0.03
2003-06-24,7.06,7.03,7.1,6.99,3411.0,2395884.0,600854,-0.42,-0.03
2003-06-25,7.03,6.98,7.08,6.98,2303.0,1614850.0,600854,-0.71,-0.05
2003-06-26,6.98,6.97,7.03,6.9,4341.0,3022345.0,600854,-0.14,-0.01
2003-06-27,6.99,6.88,7.0,6.86,3771.0,2607220.0,600854,-1.29,-0.09
2003-06-30,6.87,6.84,6.9,6.83,3470.0,2380221.0,600854,-0.58,-0.04
2003-07-01,6.85,6.97,7.2,6.85,33381.0,23488812.0,600854,1.9,0.13
2003-07-02,6.94,6.82,6.95,6.68,16589.0,11286240.0,600854,-2.15,-0.15
2003-07-03,6.82,6.86,6.87,6.75,6998.0,4760250.0,600854,0.59,0.04
2003-07-04,6.84,6.82,6.89,6.8,3773.0,2578226.0,600854,-0.58,-0.04
2003-07-07,6.83,6.77,6.84,6.72,3245.0,2201973.0,600854,-0.73,-0.05
2003-07-08,6.78,6.83,6.85,6.74,3711.0,2527083.0,600854,0.89,0.06
2003-07-09,6.85,6.86,6.87,6.76,3036.0,2068597.0,600854,0.44,0.03
2003-07-10,6.86,6.94,6.96,6.8,6124.0,4227774.0,600854,1.17,0.08
2003-07-11,6.92,6.92,7.01,6.9,5209.0,3615521.0,600854,-0.29,-0.02
2003-07-14,6.92,6.82,6.92,6.76,5141.0,3513952.0,600854,-1.45,-0.1
2003-07-15,6.83,6.82,6.85,6.76,4128.0,2804553.0,600854,0.0,0.0
2003-07-16,6.82,6.79,6.82,6.76,3064.0,2077916.0,600854,-0.44,-0.03
2003-07-17,6.78,6.78,6.84,6.74,6806.0,4621017.0,600854,-0.15,-0.01
2003-07-18,6.8,6.85,7.0,6.74,15403.0,10583851.0,600854,1.03,0.07
2003-07-21,6.8,6.99,7.0,6.77,14316.0,9857873.0,600854,2.04,0.14
2003-07-22,6.99,7.09,7.09,6.87,12829.0,8969639.0,600854,1.43,0.1
2003-07-23,7.08,7.02,7.13,7.01,12048.0,8512738.0,600854,-0.99,-0.07
2003-07-24,7.0,6.91,7.0,6.88,5116.0,3550331.0,600854,-1.57,-0.11
2003-07-25,6.9,6.79,6.97,6.78,7146.0,4895637.0,600854,-1.74,-0.12
2003-07-28,6.78,6.8,6.92,6.76,4636.0,3170269.0,600854,0.15,0.01
2003-07-29,6.8,6.83,6.89,6.8,2491.0,1701017.0,600854,0.44,0.03
2003-07-30,6.84,6.78,6.85,6.75,3426.0,2325650.0,600854,-0.73,-0.05
2003-07-31,6.78,6.77,6.83,6.75,2866.0,1944469.0,600854,-0.15,-0.01
2003-08-01,6.75,6.78,6.84,6.7,5141.0,3461926.0,600854,0.15,0.01
2003-08-04,6.82,6.92,6.93,6.72,6479.0,4464621.0,600854,2.06,0.14
2003-08-05,6.96,6.9,6.96,6.86,4075.0,2817420.0,600854,-0.29,-0.02
2003-08-06,6.95,6.92,6.95,6.86,3894.0,2686034.0,600854,0.29,0.02
2003-08-07,6.93,6.91,7.0,6.89,5117.0,3553567.0,600854,-0.14,-0.01
2003-08-08,6.93,6.79,6.93,6.77,4017.0,2741567.0,600854,-1.74,-0.12
2003-08-11,6.79,6.87,6.9,6.76,3045.0,2079994.0,600854,1.18,0.08
2003-08-12,6.9,6.82,6.9,6.8,3481.0,2380439.0,600854,-0.73,-0.05
2003-08-13,6.85,6.81,6.86,6.79,2004.0,1365294.0,600854,-0.15,-0.01
2003-08-14,6.8,6.78,6.9,6.74,5572.0,3798729.0,600854,-0.44,-0.03
2003-08-15,6.76,6.83,6.92,6.76,4805.0,3293771.0,600854,0.74,0.05
2003-08-18,6.82,6.8,6.87,6.76,3074.0,2089235.0,600854,-0.44,-0.03
2003-08-19,6.8,6.8,6.83,6.77,2309.0,1572449.0,600854,0.0,0.0
2003-08-20,6.8,6.74,6.81,6.68,4608.0,3103995.0,600854,-0.88,-0.06
2003-08-21,6.71,6.73,6.77,6.69,3187.0,2143096.0,600854,-0.15,-0.01
2003-08-22,6.74,6.72,6.76,6.7,2779.0,1870889.0,600854,-0.15,-0.01
2003-08-25,6.65,6.54,6.67,6.51,7357.0,4842913.0,600854,-2.68,-0.18
2003-08-26,6.53,6.54,6.56,6.46,4848.0,3153081.0,600854,0.0,0.0
2003-08-27,6.54,6.54,6.56,6.49,2427.0,1584134.0,600854,0.0,0.0
2003-08-28,6.54,6.5,6.6,6.5,2443.0,1600388.0,600854,-0.61,-0.04
2003-08-29,6.51,6.48,6.51,6.39,4770.0,3076916.0,600854,-0.31,-0.02
2003-09-01,6.51,6.66,6.67,6.5,5736.0,3776201.0,600854,2.78,0.18
2003-09-02,6.66,6.6,6.7,6.58,4041.0,2678581.0,600854,-0.9,-0.06
2003-09-03,6.69,6.67,6.7,6.59,4570.0,3037925.0,600854,1.06,0.07
2003-09-04,6.67,6.63,6.68,6.61,3776.0,2511484.0,600854,-0.6,-0.04
2003-09-05,6.67,6.61,6.67,6.52,3107.0,2041611.0,600854,-0.3,-0.02
2003-09-08,6.55,6.53,6.56,6.51,2570.0,1678519.0,600854,-1.21,-0.08
2003-09-09,6.51,6.5,6.55,6.47,2509.0,1632082.0,600854,-0.46,-0.03
2003-09-10,6.5,6.47,6.54,6.4,7588.0,4882932.0,600854,-0.46,-0.03
2003-09-11,6.44,6.47,6.5,6.44,2770.0,1795011.0,600854,0.0,0.0
2003-09-12,6.45,6.38,6.45,6.38,3784.0,2425807.0,600854,-1.39,-0.09
2003-09-15,6.33,6.32,6.4,6.32,3284.0,2087644.0,600854,-0.94,-0.06
2003-09-16,6.33,6.45,6.45,6.28,4046.0,2562137.0,600854,2.06,0.13
2003-09-17,6.35,6.28,6.43,6.28,2097.0,1327314.0,600854,-2.64,-0.17
2003-09-18,6.3,6.33,6.37,6.28,2384.0,1509559.0,600854,0.8,0.05
2003-09-19,6.4,6.45,6.47,6.39,4882.0,3136625.0,600854,1.9,0.12
2003-09-22,6.49,6.46,6.49,6.4,3101.0,1996964.0,600854,0.16,0.01
2003-09-23,6.46,6.5,6.51,6.39,3587.0,2319341.0,600854,0.62,0.04
2003-09-24,6.5,6.46,6.52,6.45,2591.0,1680220.0,600854,-0.62,-0.04
2003-09-25,6.48,6.38,6.49,6.37,2220.0,1424913.0,600854,-1.24,-0.08
2003-09-26,6.34,6.33,6.43,6.33,2848.0,1812571.0,600854,-0.78,-0.05
2003-09-29,6.4,6.27,6.4,6.26,2785.0,1753309.0,600854,-0.95,-0.06
2003-09-30,6.28,6.36,6.38,6.28,3106.0,1963362.0,600854,1.44,0.09
2003-10-08,6.35,6.38,6.4,6.29,1482.0,941824.0,600854,0.31,0.02
2003-10-09,6.35,6.32,6.39,6.28,2900.0,1835409.0,600854,-0.94,-0.06
2003-10-10,6.3,6.45,6.5,6.28,7069.0,4526932.0,600854,2.06,0.13
2003-10-13,6.45,6.55,6.55,6.39,8163.0,5300432.0,600854,1.55,0.1
2003-10-14,6.58,6.47,6.62,6.44,7137.0,4656884.0,600854,-1.22,-0.08
2003-10-15,6.49,6.48,6.53,6.44,4541.0,2940815.0,600854,0.15,0.01
2003-10-16,6.5,6.46,6.5,6.38,3859.0,2479994.0,600854,-0.31,-0.02
2003-10-17,6.49,6.56,6.58,6.47,14969.0,9790587.0,600854,1.55,0.1
2003-10-20,6.58,6.49,6.59,6.45,4549.0,2955072.0,600854,-1.07,-0.07
2003-10-21,6.5,6.45,6.51,6.35,3626.0,2323709.0,600854,-0.62,-0.04
2003-10-22,6.47,6.61,6.65,6.4,9731.0,6399851.0,600854,2.48,0.16
2003-10-23,6.6,6.47,6.66,6.45,7246.0,4728117.0,600854,-2.12,-0.14
2003-10-24,6.46,6.44,6.51,6.4,4222.0,2719496.0,600854,-0.46,-0.03
2003-10-27,6.44,6.34,6.45,6.29,7481.0,4730367.0,600854,-1.55,-0.1
2003-10-28,6.31,6.34,6.39,6.3,5533.0,3497443.0,600854,0.0,0.0
2003-10-29,6.34,6.1,6.35,6.0,11673.0,7210267.0,600854,-3.79,-0.24
2003-10-30,6.12,6.14,6.21,6.08,6380.0,3905905.0,600854,0.66,0.04
2003-10-31,6.14,6.15,6.24,6.11,3518.0,2170988.0,600854,0.16,0.01
2003-11-03,6.15,6.2,6.25,6.14,4092.0,2535851.0,600854,0.81,0.05
2003-11-04,6.2,6.25,6.34,6.2,9234.0,5796290.0,600854,0.81,0.05
2003-11-05,6.25,6.22,6.35,6.15,6197.0,3866524.0,600854,-0.48,-0.03
2003-11-06,6.23,6.1,6.23,6.04,7240.0,4412573.0,600854,-1.93,-0.12
2003-11-07,6.08,6.11,6.13,5.99,13626.0,8242142.0,600854,0.16,0.01
2003-11-10,6.11,6.11,6.12,6.05,3744.0,2280028.0,600854,0.0,0.0
2003-11-11,6.14,6.17,6.2,6.12,4265.0,2624444.0,600854,0.98,0.06
2003-11-12,6.19,6.13,6.22,6.12,5153.0,3180516.0,600854,-0.65,-0.04
2003-11-13,6.13,6.23,6.26,6.13,7477.0,4645327.0,600854,1.63,0.1
2003-11-14,6.23,6.24,6.26,6.17,4242.0,2637906.0,600854,0.16,0.01
2003-11-17,6.25,6.27,6.4,6.22,9843.0,6201754.0,600854,0.48,0.03
2003-11-18,6.26,6.15,6.27,6.12,5479.0,3378556.0,600854,-1.91,-0.12
2003-11-19,6.14,6.25,6.29,6.14,5976.0,3730856.0,600854,1.63,0.1
2003-11-20,6.25,6.44,6.47,6.24,22531.0,14396593.0,600854,3.04,0.19
2003-11-21,6.44,6.31,6.47,6.28,11855.0,7536539.0,600854,-2.02,-0.13
2003-11-24,6.3,6.49,6.63,6.28,19061.0,12365096.0,600854,2.85,0.18
2003-11-25,6.5,6.47,6.6,6.41,17897.0,11627805.0,600854,-0.31,-0.02
2003-11-26,6.45,6.44,6.47,6.35,12069.0,7736921.0,600854,-0.46,-0.03
2003-11-27,6.43,6.34,6.46,6.32,7658.0,4883471.0,600854,-1.55,-0.1
2003-11-28,6.32,6.44,6.46,6.32,6683.0,4261428.0,600854,1.58,0.1
2003-12-01,6.42,6.51,6.53,6.42,12586.0,8141808.0,600854,1.09,0.07
2003-12-02,6.52,6.45,6.52,6.4,13103.0,8449246.0,600854,-0.92,-0.06
2003-12-03,6.45,6.61,6.66,6.37,42440.0,27861066.0,600854,2.48,0.16
2003-12-04,6.66,6.58,6.7,6.53,42778.0,28256300.0,600854,-0.45,-0.03
2003-12-05,6.62,6.57,6.65,6.53,11105.0,7311764.0,600854,-0.15,-0.01
2003-12-08,6.57,6.45,6.63,6.43,8259.0,5370496.0,600854,-1.83,-0.12
2003-12-09,6.45,6.47,6.48,6.41,7506.0,4834570.0,600854,0.31,0.02
2003-12-10,6.48,6.48,6.51,6.42,8663.0,5601749.0,600854,0.15,0.01
2003-12-11,6.48,6.45,6.51,6.42,9454.0,6091340.0,600854,-0.46,-0.03
2003-12-12,6.45,6.43,6.49,6.39,7689.0,4944579.0,600854,-0.31,-0.02
2003-12-15,6.44,6.4,6.45,6.38,8165.0,5229019.0,600854,-0.47,-0.03
2003-12-16,6.38,6.32,6.4,6.29,11251.0,7110757.0,600854,-1.25,-0.08
2003-12-17,6.33,6.29,6.39,6.28,10444.0,6598879.0,600854,-0.47,-0.03
2003-12-18,6.3,6.23,6.3,6.2,8172.0,5095597.0,600854,-0.95,-0.06
2003-12-19,6.24,6.13,6.25,6.05,15614.0,9552816.0,600854,-1.61,-0.1
2003-12-22,6.1,6.22,6.23,6.07,12332.0,7568367.0,600854,1.47,0.09
2003-12-23,6.22,6.16,6.25,6.14,12964.0,8009971.0,600854,-0.96,-0.06
2003-12-24,6.18,6.29,6.3,6.16,15701.0,9822273.0,600854,2.11,0.13
2003-12-25,6.31,6.28,6.35,6.23,10143.0,6378090.0,600854,-0.16,-0.01
2003-12-26,6.27,6.22,6.28,6.2,7622.0,4742752.0,600854,-0.96,-0.06
2003-12-29,6.22,6.25,6.28,6.15,7462.0,4628931.0,600854,0.48,0.03
2003-12-30,6.21,6.19,6.25,6.17,5851.0,3625795.0,600854,-0.96,-0.06
2003-12-31,6.2,6.15,6.25,6.15,5047.0,3118542.0,600854,-0.65,-0.04
2004-01-02,6.15,6.2,6.22,6.13,5837.0,3603626.0,600854,0.81,0.05
2004-01-05,6.18,6.27,6.28,6.17,11724.0,7297184.0,600854,1.13,0.07
2004-01-06,6.27,6.18,6.29,6.13,13389.0,8297527.0,600854,-1.44,-0.09
2004-01-07,6.17,6.28,6.37,6.13,23436.0,14633320.0,600854,1.62,0.1
2004-01-08,6.28,6.36,6.37,6.22,19744.0,12422541.0,600854,1.27,0.08
2004-01-09,6.36,6.26,6.44,6.26,17175.0,10912143.0,600854,-1.57,-0.1
2004-01-12,6.22,6.23,6.28,6.19,10483.0,6533887.0,600854,-0.48,-0.03
2004-01-13,6.26,6.32,6.36,6.23,13589.0,8567760.0,600854,1.44,0.09
2004-01-14,6.32,6.39,6.44,6.28,16034.0,10198194.0,600854,1.11,0.07
2004-01-15,6.39,6.28,6.48,6.27,14137.0,9022476.0,600854,-1.72,-0.11
2004-01-16,6.34,6.4,6.45,6.29,15762.0,10066896.0,600854,1.91,0.12
2004-01-29,6.45,6.56,6.57,6.42,22530.0,14658758.0,600854,2.5,0.16
2004-01-30,6.58,6.43,6.58,6.41,15310.0,9931412.0,600854,-1.98,-0.13
2004-02-02,6.45,6.63,6.74,6.4,43042.0,28457844.0,600854,3.11,0.2
2004-02-03,6.6,6.69,6.7,6.58,24242.0,16127274.0,600854,0.9,0.06
2004-02-04,6.72,6.75,6.77,6.65,30263.0,20338124.0,600854,0.9,0.06
2004-02-05,6.78,6.82,6.83,6.69,32986.0,22264654.0,600854,1.04,0.07
2004-02-06,6.83,7.05,7.46,6.76,100313.0,72048288.0,600854,3.37,0.23
2004-02-09,7.05,7.08,7.2,7.01,44866.0,31769660.0,600854,0.43,0.03
2004-02-10,7.1,7.07,7.15,7.0,29902.0,21133762.0,600854,-0.14,-0.01
2004-02-11,7.08,7.19,7.26,6.91,47552.0,33669820.0,600854,1.7,0.12
2004-02-12,7.22,7.11,7.23,7.07,26427.0,18846416.0,600854,-1.11,-0.08
2004-02-13,7.11,7.0,7.12,6.98,18638.0,13129859.0,600854,-1.55,-0.11
2004-02-16,6.98,7.13,7.14,6.98,16647.0,11811423.0,600854,1.86,0.13
2004-02-17,7.16,7.2,7.31,7.07,33275.0,23951566.0,600854,0.98,0.07
2004-02-18,7.22,7.2,7.32,7.17,20788.0,15029333.0,600854,0.0,0.0
2004-02-19,7.23,7.2,7.26,7.14,23141.0,16604979.0,600854,0.0,0.0
2004-02-20,7.22,7.28,7.3,7.14,27695.0,20026366.0,600854,1.11,0.08
2004-02-23,7.28,7.1,7.42,7.1,27252.0,19825336.0,600854,-2.47,-0.18
2004-02-24,7.07,6.91,7.07,6.79,30498.0,21064900.0,600854,-2.68,-0.19
2004-02-25,6.91,6.76,6.97,6.75,19344.0,13312253.0,600854,-2.17,-0.15
2004-02-26,6.74,6.83,6.88,6.71,17490.0,11859928.0,600854,1.04,0.07
2004-02-27,6.85,6.87,6.9,6.77,10916.0,7465268.0,600854,0.59,0.04
2004-03-01,6.88,6.92,6.94,6.78,10404.0,7150907.0,600854,0.73,0.05
2004-03-02,6.92,7.06,7.15,6.84,25300.0,17721186.0,600854,2.02,0.14
2004-03-03,7.05,6.88,7.06,6.86,15116.0,10497251.0,600854,-2.55,-0.18
2004-03-04,6.88,7.11,7.15,6.86,35572.0,25022808.0,600854,3.34,0.23
2004-03-05,7.13,6.99,7.16,6.99,26979.0,19076358.0,600854,-1.69,-0.12
2004-03-08,6.99,6.75,7.02,6.72,15114.0,10367601.0,600854,-3.43,-0.24
2004-03-09,6.75,6.72,6.89,6.72,9380.0,6373706.0,600854,-0.44,-0.03
2004-03-10,6.74,6.84,6.86,6.74,7145.0,4849897.0,600854,1.79,0.12
2004-03-11,6.86,6.85,6.9,6.78,14371.0,9822973.0,600854,0.15,0.01
2004-03-12,6.85,6.81,6.9,6.76,7955.0,5421643.0,600854,-0.58,-0.04
2004-03-15,6.82,6.97,6.98,6.78,22573.0,15535567.0,600854,2.35,0.16
2004-03-16,6.98,7.08,7.08,6.97,28155.0,19788016.0,600854,1.58,0.11
2004-03-17,7.1,7.11,7.15,7.01,40618.0,28855388.0,600854,0.42,0.03
2004-03-18,7.11,6.92,7.13,6.91,20478.0,14386433.0,600854,-2.67,-0.19
2004-03-19,6.9,7.01,7.02,6.86,11110.0,7712489.0,600854,1.3,0.09
2004-03-22,7.02,7.05,7.09,6.99,10730.0,7547970.0,600854,0.57,0.04
2004-03-23,7.04,7.06,7.12,6.95,14532.0,10252293.0,600854,0.14,0.01
2004-03-24,7.08,7.01,7.18,6.97,13852.0,9799040.0,600854,-0.71,-0.05
2004-03-25,7.0,7.16,7.17,6.97,21437.0,15188321.0,600854,2.14,0.15
2004-03-26,7.2,7.13,7.23,7.08,22489.0,16059443.0,600854,-0.42,-0.03
2004-03-29,7.13,7.03,7.14,7.03,9679.0,6845053.0,600854,-1.4,-0.1
2004-03-30,7.0,7.03,7.05,6.97,8024.0,5627225.0,600854,0.0,0.0
2004-03-31,7.03,7.08,7.11,7.0,8890.0,6277689.0,600854,0.71,0.05
2004-04-01,7.08,7.2,7.21,7.04,27957.0,20016334.0,600854,1.69,0.12
2004-04-02,7.36,7.92,7.92,7.33,202199.0,158544544.0,600854,10.0,0.72
2004-04-05,8.1,8.27,8.5,7.93,292146.0,237472096.0,600854,4.42,0.35
2004-04-06,8.19,8.07,8.19,7.97,88193.0,70991632.0,600854,-2.42,-0.2
2004-04-07,8.05,8.09,8.17,8.0,52285.0,42217200.0,600854,0.25,0.02
2004-04-08,8.09,7.83,8.14,7.82,64555.0,51121644.0,600854,-3.21,-0.26
2004-04-09,7.8,7.56,7.96,7.55,58107.0,45032208.0,600854,-3.45,-0.27
2004-04-12,7.5,7.58,7.66,7.48,31095.0,23580320.0,600854,0.26,0.02
2004-04-13,7.57,7.4,7.65,7.36,47020.0,35069320.0,600854,-2.37,-0.18
2004-04-14,7.4,7.46,7.47,7.25,30790.0,22614514.0,600854,0.81,0.06
2004-04-15,7.45,7.28,7.46,7.25,18979.0,13926864.0,600854,-2.41,-0.18
2004-04-16,7.27,7.2,7.39,7.0,24504.0,17652058.0,600854,-1.1,-0.08
2004-04-19,7.12,6.9,7.18,6.87,26962.0,18963788.0,600854,-4.17,-0.3
2004-04-20,6.89,6.96,7.07,6.88,15099.0,10499179.0,600854,0.87,0.06
2004-04-21,6.97,7.05,7.14,6.9,16375.0,11501313.0,600854,1.29,0.09
2004-04-22,7.02,7.1,7.11,6.95,12873.0,9071290.0,600854,0.71,0.05
2004-04-23,7.09,6.92,7.11,6.9,16592.0,11655486.0,600854,-2.54,-0.18
2004-04-26,6.81,6.78,6.94,6.7,16877.0,11477560.0,600854,-2.02,-0.14
2004-04-27,6.8,6.76,6.89,6.74,10983.0,7472872.0,600854,-0.29,-0.02
2004-04-28,6.79,6.94,6.96,6.74,12968.0,8916845.0,600854,2.66,0.18
2004-04-29,6.94,6.72,6.96,6.7,9921.0,6771825.0,600854,-3.17,-0.22
2004-04-30,6.72,6.57,6.82,6.5,14976.0,9909662.0,600854,-2.23,-0.15
2004-05-10,6.57,6.51,6.61,6.5,7134.0,4664628.0,600854,-0.91,-0.06
2004-05-11,6.5,6.64,6.65,6.45,11755.0,7699728.0,600854,2.0,0.13
2004-05-12,6.71,6.8,6.84,6.68,17705.0,11946466.0,600854,2.41,0.16
2004-05-13,6.8,6.81,6.81,6.71,8265.0,5575634.0,600854,0.15,0.01
2004-05-14,6.81,6.63,6.81,6.55,9285.0,6167426.0,600854,-2.64,-0.18
2004-05-17,6.6,6.58,6.68,6.54,4393.0,2895496.0,600854,-0.75,-0.05
2004-05-19,6.7,6.71,6.77,6.6,19294.0,12908100.0,600854,1.98,0.13
2004-05-20,6.71,6.6,6.73,6.6,7442.0,4955211.0,600854,-1.64,-0.11
2004-05-21,6.59,6.67,6.68,6.59,7379.0,4886107.0,600854,1.06,0.07
2004-05-24,6.7,6.58,6.7,6.53,7256.0,4770646.0,600854,-1.35,-0.09
2004-05-25,6.58,6.44,6.65,6.4,11390.0,7389543.0,600854,-2.13,-0.14
2004-05-26,6.4,6.42,6.47,6.35,7197.0,4604292.0,600854,-0.31,-0.02
2004-05-27,6.45,6.51,6.54,6.36,9038.0,5843178.0,600854,1.4,0.09
2004-05-28,6.51,6.45,6.51,6.42,5856.0,3784291.0,600854,-0.92,-0.06
2004-05-31,6.42,6.51,6.52,6.39,5019.0,3243462.0,600854,0.93,0.06
2004-06-01,6.52,6.57,6.58,6.45,17891.0,11669060.0,600854,0.92,0.06
2004-06-02,6.57,6.47,6.6,6.44,10186.0,6634909.0,600854,-1.52,-0.1
2004-06-03,6.48,6.38,6.48,6.36,10649.0,6810813.0,600854,-1.39,-0.09
2004-06-04,6.38,6.45,6.57,6.33,15113.0,9796616.0,600854,1.1,0.07
2004-06-07,6.4,6.42,6.48,6.35,8447.0,5401501.0,600854,-0.47,-0.03
2004-06-08,6.4,6.3,6.45,6.28,11008.0,6967426.0,600854,-1.87,-0.12
2004-06-09,6.3,6.18,6.34,6.17,10422.0,6497393.0,600854,-1.9,-0.12
2004-06-10,6.16,6.24,6.34,6.14,9427.0,5901115.0,600854,0.97,0.06
2004-06-11,6.3,6.23,6.39,6.22,11853.0,7495246.0,600854,-0.16,-0.01
2004-06-14,6.25,6.15,6.25,6.1,8498.0,5235092.0,600854,-1.28,-0.08
2004-06-15,6.15,6.28,6.31,6.15,11146.0,6951130.0,600854,2.11,0.13
2004-06-16,6.28,6.29,6.38,6.21,8746.0,5513402.0,600854,0.16,0.01
2004-06-17,6.29,6.23,6.3,6.23,6166.0,3853933.0,600854,-0.95,-0.06
2004-06-18,6.21,6.19,6.21,6.13,6172.0,3808177.0,600854,-0.64,-0.04
2004-06-22,6.24,6.23,6.28,6.16,7591.0,4727753.0,600854,0.65,0.04
2004-06-23,6.23,6.36,6.38,6.19,10743.0,6762586.0,600854,2.09,0.13
2004-06-24,6.36,6.25,6.38,6.23,6223.0,3928927.0,600854,-1.73,-0.11
2004-06-25,6.25,6.21,6.37,6.16,8087.0,5052040.0,600854,-0.64,-0.04
2004-06-28,6.2,6.19,6.27,6.13,7959.0,4926956.0,600854,-0.32,-0.02
2004-06-29,6.22,6.28,6.29,6.16,8193.0,5098254.0,600854,1.45,0.09
2004-06-30,6.28,6.2,6.28,6.19,4761.0,2964476.0,600854,-1.27,-0.08
2004-07-01,6.2,6.36,6.42,6.18,21366.0,13528371.0,600854,2.58,0.16
2004-07-02,6.35,6.36,6.41,6.28,9691.0,6157818.0,600854,0.0,0.0
2004-07-05,6.4,6.52,6.52,6.38,16006.0,10336734.0,600854,2.52,0.16
2004-07-06,6.52,6.45,6.53,6.42,14864.0,9643035.0,600854,-1.07,-0.07
2004-07-07,6.43,6.39,6.45,6.33,5854.0,3729923.0,600854,-0.93,-0.06
2004-07-08,6.34,6.36,6.38,6.28,4899.0,3099305.0,600854,-0.47,-0.03
2004-07-09,6.35,6.28,6.48,6.27,5872.0,3736082.0,600854,-1.26,-0.08
2004-07-12,6.28,6.16,6.28,6.15,8647.0,5346793.0,600854,-1.91,-0.12
2004-07-13,6.16,6.23,6.26,6.15,4625.0,2867547.0,600854,1.14,0.07
2004-07-14,6.22,6.2,6.27,6.13,6542.0,4036306.0,600854,-0.48,-0.03
2004-07-15,6.18,6.33,6.36,6.14,9351.0,5861066.0,600854,2.1,0.13
2004-07-16,6.34,6.43,6.46,6.27,19149.0,12234414.0,600854,1.58,0.1
2004-07-19,6.4,6.38,6.43,6.33,7898.0,5025646.0,600854,-0.78,-0.05
2004-07-20,6.38,6.3,6.38,6.24,7528.0,4730971.0,600854,-1.25,-0.08
2004-07-21,6.29,6.26,6.3,6.23,3849.0,2410851.0,600854,-0.63,-0.04
2004-07-22,6.27,6.15,6.32,6.15,8080.0,5010029.0,600854,-1.76,-0.11
2004-07-23,6.15,6.21,6.22,6.13,4821.0,2973488.0,600854,0.98,0.06
2004-07-26,6.2,6.02,6.2,6.01,12039.0,7319890.0,600854,-3.06,-0.19
2004-07-27,5.96,5.92,6.04,5.86,15988.0,9462609.0,600854,-1.66,-0.1
2004-07-29,6.0,6.0,6.01,5.9,5875.0,3496591.0,600854,1.35,0.08
2004-07-30,6.02,5.89,6.02,5.89,6785.0,4021024.0,600854,-1.83,-0.11
2004-08-02,5.88,5.86,5.89,5.81,5974.0,3490893.0,600854,-0.51,-0.03
2004-08-03,5.86,5.92,5.93,5.82,4188.0,2462359.0,600854,1.02,0.06
2004-08-04,5.96,6.05,6.12,5.96,14620.0,8847263.0,600854,2.2,0.13
2004-08-05,6.04,5.96,6.05,5.94,5036.0,3017868.0,600854,-1.49,-0.09
2004-08-06,5.97,5.91,6.02,5.9,4632.0,2751931.0,600854,-0.84,-0.05
2004-08-09,5.91,5.89,5.95,5.84,3904.0,2299443.0,600854,-0.34,-0.02
2004-08-10,5.9,5.91,5.95,5.88,2163.0,1278167.0,600854,0.34,0.02
2004-08-11,6.0,5.88,6.0,5.86,2910.0,1718444.0,600854,-0.51,-0.03
2004-08-12,5.87,5.72,5.87,5.69,8780.0,5067049.0,600854,-2.72,-0.16
2004-08-13,5.7,5.69,5.78,5.66,4503.0,2570990.0,600854,-0.52,-0.03
2004-08-16,5.69,5.52,5.7,5.48,10688.0,5918271.0,600854,-2.99,-0.17
2004-08-17,5.55,5.55,5.65,5.5,4938.0,2751931.0,600854,0.54,0.03
2004-08-18,5.55,5.48,5.57,5.48,4593.0,2538254.0,600854,-1.26,-0.07
2004-08-19,5.46,5.28,5.46,5.24,10887.0,5796431.0,600854,-3.65,-0.2
2004-08-20,5.28,5.16,5.3,5.0,16408.0,8374093.0,600854,-2.27,-0.12
2004-08-23,5.14,5.17,5.17,5.06,4058.0,2075237.0,600854,0.19,0.01
2004-08-24,5.18,5.26,5.33,5.17,10361.0,5429859.0,600854,1.74,0.09
2004-08-25,5.26,5.17,5.27,5.14,4384.0,2271585.0,600854,-1.71,-0.09
2004-08-26,5.16,5.1,5.16,5.03,5299.0,2703979.0,600854,-1.35,-0.07
2004-08-27,5.11,5.16,5.17,5.03,3745.0,1910872.0,600854,1.18,0.06
2004-08-30,5.16,5.18,5.23,5.15,6389.0,3311709.0,600854,0.39,0.02
2004-08-31,5.32,5.28,5.36,5.22,7846.0,4143420.0,600854,1.93,0.1
2004-09-01,5.23,5.18,5.25,5.17,3028.0,1575889.0,600854,-1.89,-0.1
2004-09-02,5.16,5.27,5.28,5.13,3551.0,1846266.0,600854,1.74,0.09
2004-09-03,5.28,5.26,5.29,5.22,2816.0,1478352.0,600854,-0.19,-0.01
2004-09-06,5.2,5.21,5.29,5.17,1498.0,783554.0,600854,-0.95,-0.05
2004-09-07,5.22,5.27,5.28,5.19,4552.0,2379709.0,600854,1.15,0.06
2004-09-08,5.29,5.19,5.29,5.18,4135.0,2158332.0,600854,-1.52,-0.08
2004-09-09,5.19,5.05,5.19,5.03,5127.0,2615530.0,600854,-2.7,-0.14
2004-09-10,5.05,5.08,5.14,5.02,3341.0,1699062.0,600854,0.59,0.03
2004-09-13,5.08,4.92,5.08,4.91,7312.0,3646164.0,600854,-3.15,-0.16
2004-09-14,4.91,5.06,5.11,4.91,9776.0,4916121.0,600854,2.85,0.14
2004-09-15,5.09,5.27,5.38,5.05,21180.0,11134914.0,600854,4.15,0.21
2004-09-16,5.28,5.36,5.42,5.24,15956.0,8489810.0,600854,1.71,0.09
2004-09-17,5.36,5.54,5.55,5.3,28344.0,15393829.0,600854,3.36,0.18
2004-09-20,5.58,5.7,5.74,5.55,33290.0,18717868.0,600854,2.89,0.16
2004-09-21,5.7,5.6,5.71,5.56,23271.0,13091075.0,600854,-1.75,-0.1
2004-09-22,5.59,5.47,5.63,5.47,18686.0,10324334.0,600854,-2.32,-0.13
2004-09-23,5.47,5.55,5.58,5.41,13557.0,7444589.0,600854,1.46,0.08
2004-09-24,5.61,5.51,5.73,5.5,31561.0,17812002.0,600854,-0.72,-0.04
2004-09-27,5.5,5.35,5.62,5.35,10781.0,5893407.0,600854,-2.9,-0.16
2004-09-28,5.35,5.38,5.45,5.32,5263.0,2827126.0,600854,0.56,0.03
2004-09-29,5.38,5.3,5.4,5.3,7469.0,3984750.0,600854,-1.49,-0.08
2004-09-30,5.3,5.23,5.35,5.21,7438.0,3915583.0,600854,-1.32,-0.07
2004-10-08,5.2,5.31,5.31,5.14,6528.0,3405348.0,600854,1.53,0.08
2004-10-11,5.29,5.28,5.35,5.21,12636.0,6653151.0,600854,-0.56,-0.03
2004-10-12,5.31,5.15,5.31,5.14,7852.0,4071520.0,600854,-2.46,-0.13
2004-10-13,5.14,5.1,5.18,5.05,8073.0,4115916.0,600854,-0.97,-0.05
2004-10-14,5.1,4.91,5.1,4.9,10183.0,5079916.0,600854,-3.73,-0.19
2004-10-15,4.89,4.85,4.96,4.81,9550.0,4648409.0,600854,-1.22,-0.06
2004-10-18,4.86,4.94,4.96,4.86,5524.0,2715406.0,600854,1.86,0.09
2004-10-19,4.96,4.92,5.01,4.91,5402.0,2688970.0,600854,-0.4,-0.02
2004-10-20,4.95,4.85,4.99,4.82,5953.0,2903966.0,600854,-1.42,-0.07
2004-10-21,4.92,4.7,4.96,4.69,9085.0,4348581.0,600854,-3.09,-0.15
2004-10-22,4.71,4.69,4.79,4.6,9091.0,4255091.0,600854,-0.21,-0.01
2004-10-25,4.78,4.6,4.84,4.55,9750.0,4534867.0,600854,-1.92,-0.09
2004-10-26,4.58,4.61,4.66,4.44,8671.0,3929654.0,600854,0.22,0.01
2004-10-27,4.6,4.69,4.73,4.54,8797.0,4069250.0,600854,1.74,0.08
2004-10-28,4.7,4.86,4.99,4.66,22825.0,11119965.0,600854,3.62,0.17
2004-10-29,4.69,4.6,4.75,4.59,12724.0,5942742.0,600854,-5.35,-0.26
2004-11-01,4.6,4.56,4.65,4.54,4833.0,2213294.0,600854,-0.87,-0.04
2004-11-02,4.56,4.55,4.63,4.54,5258.0,2410327.0,600854,-0.22,-0.01
2004-11-03,4.6,4.71,4.82,4.55,14898.0,7030650.0,600854,3.52,0.16
2004-11-04,4.72,4.61,4.79,4.59,7007.0,3280035.0,600854,-2.12,-0.1
2004-11-05,4.66,4.68,4.76,4.6,5618.0,2632453.0,600854,1.52,0.07
2004-11-08,4.68,4.7,4.72,4.62,3864.0,1806807.0,600854,0.43,0.02
2004-11-09,4.68,4.67,4.75,4.65,2396.0,1123812.0,600854,-0.64,-0.03
2004-11-10,4.68,4.85,4.88,4.66,13313.0,6378286.0,600854,3.85,0.18
2004-11-11,4.82,4.83,5.01,4.81,20033.0,9875538.0,600854,-0.41,-0.02
2004-11-12,4.85,4.82,4.88,4.79,8525.0,4110145.0,600854,-0.21,-0.01
2004-11-15,4.85,4.88,4.88,4.81,5534.0,2675073.0,600854,1.24,0.06
2004-11-16,4.88,4.82,4.9,4.81,4034.0,1950563.0,600854,-1.23,-0.06
2004-11-17,4.85,4.75,4.86,4.72,5181.0,2471619.0,600854,-1.45,-0.07
2004-11-18,4.75,4.77,4.8,4.72,5321.0,2533194.0,600854,0.42,0.02
2004-11-19,4.77,4.86,4.87,4.77,6995.0,3377582.0,600854,1.89,0.09
2004-11-22,4.89,4.92,4.92,4.83,8281.0,4051630.0,600854,1.23,0.06
2004-11-23,4.86,4.96,5.0,4.86,17308.0,8583697.0,600854,0.81,0.04
2004-11-24,4.96,4.86,5.0,4.85,9125.0,4498091.0,600854,-2.02,-0.1
2004-11-25,4.85,4.8,4.86,4.78,6477.0,3116960.0,600854,-1.23,-0.06
2004-11-26,4.8,4.85,4.89,4.8,3376.0,1640709.0,600854,1.04,0.05
2004-11-29,4.85,4.76,4.9,4.75,4186.0,2012144.0,600854,-1.86,-0.09
2004-11-30,4.76,4.77,4.78,4.71,3569.0,1693363.0,600854,0.21,0.01
2004-12-01,4.77,4.74,4.77,4.72,3747.0,1776684.0,600854,-0.63,-0.03
2004-12-02,4.71,4.79,4.81,4.7,4346.0,2063878.0,600854,1.05,0.05
2004-12-03,4.8,4.81,4.84,4.76,5768.0,2769213.0,600854,0.42,0.02
2004-12-06,4.82,4.84,4.88,4.79,4577.0,2209596.0,600854,0.62,0.03
2004-12-07,4.86,4.81,4.92,4.8,6709.0,3259371.0,600854,-0.62,-0.03
2004-12-08,4.81,4.87,4.9,4.8,7598.0,3681969.0,600854,1.25,0.06
2004-12-09,4.96,5.01,5.04,4.87,31888.0,15858212.0,600854,2.87,0.14
2004-12-10,5.1,4.95,5.18,4.92,63155.0,32049452.0,600854,-1.2,-0.06
2004-12-13,4.91,4.8,4.95,4.75,16400.0,7902921.0,600854,-3.03,-0.15
2004-12-14,4.75,4.74,4.8,4.72,6986.0,3325497.0,600854,-1.25,-0.06
2004-12-15,4.73,4.69,4.78,4.64,8964.0,4196258.0,600854,-1.05,-0.05
2004-12-16,4.7,4.66,4.7,4.61,3859.0,1796418.0,600854,-0.64,-0.03
2004-12-17,4.62,4.62,4.65,4.59,4677.0,2161109.0,600854,-0.86,-0.04
2004-12-20,4.6,4.58,4.61,4.52,4047.0,1851541.0,600854,-0.87,-0.04
2004-12-21,4.58,4.61,4.63,4.57,2653.0,1222079.0,600854,0.66,0.03
2004-12-22,4.61,4.71,4.74,4.61,4280.0,2005120.0,600854,2.17,0.1
2004-12-23,4.71,4.6,4.73,4.59,4013.0,1864353.0,600854,-2.34,-0.11
2004-12-24,4.58,4.61,4.64,4.57,2305.0,1061933.0,600854,0.22,0.01
2004-12-27,4.65,4.5,4.7,4.49,6257.0,2837111.0,600854,-2.39,-0.11
2004-12-28,4.5,4.39,4.54,4.34,10550.0,4635822.0,600854,-2.44,-0.11
2004-12-29,4.4,4.22,4.4,4.21,13302.0,5681243.0,600854,-3.87,-0.17
2004-12-30,4.2,4.22,4.28,4.15,8920.0,3742442.0,600854,0.0,0.0
2004-12-31,4.25,4.11,4.29,4.1,5295.0,2211307.0,600854,-2.61,-0.11
2005-01-04,4.11,4.14,4.16,4.07,3430.0,1415764.0,600854,0.73,0.03
2005-01-05,4.11,4.2,4.23,4.1,3680.0,1539147.0,600854,1.45,0.06
2005-01-06,4.18,4.2,4.24,4.17,3476.0,1460015.0,600854,0.0,0.0
2005-01-07,4.18,4.19,4.24,4.18,2895.0,1219048.0,600854,-0.24,-0.01
2005-01-10,4.2,4.24,4.26,4.18,2860.0,1209470.0,600854,1.19,0.05
2005-01-11,4.24,4.3,4.42,4.21,8937.0,3878061.0,600854,1.42,0.06
2005-01-12,4.38,4.31,4.38,4.25,5171.0,2223850.0,600854,0.23,0.01
2005-01-13,4.32,4.27,4.32,4.26,4094.0,1751414.0,600854,-0.93,-0.04
2005-01-14,4.26,4.21,4.32,4.21,3275.0,1396592.0,600854,-1.41,-0.06
2005-01-17,4.22,4.16,4.22,4.11,4365.0,1810165.0,600854,-1.19,-0.05
2005-01-18,4.17,4.21,4.22,4.12,2935.0,1220979.0,600854,1.2,0.05
2005-01-19,4.21,4.18,4.22,4.16,2127.0,891581.0,600854,-0.71,-0.03
2005-01-20,4.19,4.14,4.19,4.11,3691.0,1525082.0,600854,-0.96,-0.04
2005-01-21,4.14,4.26,4.27,4.09,6226.0,2605649.0,600854,2.9,0.12
2005-01-24,4.3,4.31,4.38,4.29,6749.0,2910981.0,600854,1.17,0.05
2005-01-26,4.26,4.2,4.26,4.18,4588.0,1933590.0,600854,-2.55,-0.11
2005-01-27,4.16,4.18,4.22,4.13,3186.0,1326718.0,600854,-0.48,-0.02
2005-01-28,4.15,4.1,4.15,4.07,3896.0,1602656.0,600854,-1.91,-0.08
2005-01-31,4.0,3.79,4.0,3.77,12580.0,4832412.0,600854,-7.56,-0.31
2005-02-01,3.78,3.77,3.84,3.75,4998.0,1897738.0,600854,-0.53,-0.02
2005-02-02,3.74,3.94,3.96,3.74,10611.0,4118689.0,600854,4.51,0.17
2005-02-03,3.94,3.83,3.96,3.82,8916.0,3468400.0,600854,-2.79,-0.11
2005-02-04,3.83,3.93,3.95,3.79,8778.0,3409896.0,600854,2.61,0.1
2005-02-16,3.97,3.97,4.0,3.92,6555.0,2597653.0,600854,1.02,0.04
2005-02-17,3.96,4.03,4.03,3.94,7879.0,3130838.0,600854,1.51,0.06
2005-02-18,4.07,4.0,4.08,3.98,8125.0,3265983.0,600854,-0.74,-0.03
2005-02-21,4.25,4.4,4.4,4.25,18515.0,8110691.0,600854,10.0,0.4
2005-02-22,4.7,4.84,4.84,4.68,108600.0,52237000.0,600854,10.0,0.44
2005-02-23,5.15,5.32,5.32,5.06,339263.0,175720240.0,600854,9.92,0.48
2005-02-24,5.2,5.2,5.35,5.11,191863.0,100015224.0,600854,-2.26,-0.12
2005-02-25,5.18,5.2,5.48,5.15,230231.0,121557576.0,600854,0.0,0.0
2005-02-28,5.18,5.09,5.25,4.96,129885.0,65926684.0,600854,-2.12,-0.11
2005-03-01,5.05,5.06,5.09,4.91,87048.0,43593008.0,600854,-0.59,-0.03
2005-03-02,5.07,4.88,5.1,4.77,110878.0,54593436.0,600854,-3.56,-0.18
2005-03-03,4.85,4.92,4.94,4.77,69075.0,33643504.0,600854,0.82,0.04
2005-03-04,4.9,4.79,4.92,4.76,54012.0,26099746.0,600854,-2.64,-0.13
2005-03-07,4.79,4.88,4.93,4.77,47981.0,23264072.0,600854,1.88,0.09
2005-03-08,4.87,4.96,5.04,4.82,84389.0,41767764.0,600854,1.64,0.08
2005-03-09,4.95,4.83,4.95,4.79,67992.0,33007722.0,600854,-2.62,-0.13
2005-03-10,4.8,4.71,4.85,4.66,64044.0,30333914.0,600854,-2.48,-0.12
2005-03-11,4.71,4.79,4.8,4.62,48844.0,23036550.0,600854,1.7,0.08
2005-03-14,4.76,4.6,4.79,4.55,52920.0,24464586.0,600854,-3.97,-0.19
2005-03-15,4.6,4.63,4.69,4.58,39485.0,18285236.0,600854,0.65,0.03
2005-03-16,4.6,4.53,4.75,4.5,43343.0,20104452.0,600854,-2.16,-0.1
2005-03-17,4.53,4.25,4.57,4.22,73036.0,31589048.0,600854,-6.18,-0.28
2005-03-18,4.23,4.23,4.31,4.2,27179.0,11572466.0,600854,-0.47,-0.02
2005-03-21,4.25,4.25,4.32,4.21,18659.0,7958003.0,600854,0.47,0.02
2005-03-22,4.25,4.2,4.28,4.03,46851.0,19486692.0,600854,-1.18,-0.05
2005-03-23,4.15,4.1,4.27,4.08,30876.0,12868776.0,600854,-2.38,-0.1
2005-03-24,4.1,4.29,4.36,4.06,45714.0,19394172.0,600854,4.63,0.19
2005-03-25,4.27,4.17,4.28,4.11,30517.0,12838746.0,600854,-2.8,-0.12
2005-03-28,4.15,4.22,4.25,4.03,31833.0,13202076.0,600854,1.2,0.05
2005-03-29,4.23,4.13,4.26,4.12,17813.0,7450783.0,600854,-2.13,-0.09
2005-03-30,4.08,3.92,4.13,3.9,31578.0,12653074.0,600854,-5.08,-0.21
2005-03-31,3.86,4.01,4.05,3.86,25870.0,10291546.0,600854,2.3,0.09
2005-04-01,4.05,4.15,4.24,3.9,35501.0,14416242.0,600854,3.49,0.14
2005-04-04,4.08,4.12,4.13,4.0,30012.0,12202351.0,600854,-0.72,-0.03
2005-04-05,4.17,4.19,4.35,4.13,81756.0,34832868.0,600854,1.7,0.07
2005-04-06,4.15,4.18,4.26,4.02,32252.0,13336829.0,600854,-0.24,-0.01
2005-04-07,4.16,4.2,4.29,4.15,48980.0,20749912.0,600854,0.48,0.02
2005-04-08,4.27,4.26,4.28,4.19,27195.0,11500853.0,600854,1.43,0.06
2005-04-11,4.26,4.22,4.37,4.13,38059.0,16195205.0,600854,-0.94,-0.04
2005-04-12,4.28,4.18,4.28,4.18,17960.0,7568942.0,600854,-0.95,-0.04
2005-04-13,4.32,4.33,4.42,4.21,41635.0,17962004.0,600854,3.59,0.15
2005-04-14,4.35,4.28,4.35,4.22,36167.0,15488149.0,600854,-1.15,-0.05
2005-04-15,4.27,4.05,4.27,4.03,45087.0,18447060.0,600854,-5.37,-0.23
2005-04-18,4.02,3.98,4.07,3.92,15492.0,6183352.0,600854,-1.73,-0.07
2005-04-19,3.96,4.06,4.07,3.94,15153.0,6112893.0,600854,2.01,0.08
2005-04-20,4.1,4.15,4.27,4.06,64998.0,27220836.0,600854,2.22,0.09
2005-04-21,4.13,4.01,4.13,3.95,26473.0,10655934.0,600854,-3.37,-0.14
2005-04-22,4.02,3.89,4.06,3.82,22989.0,8990332.0,600854,-2.99,-0.12
2005-04-25,3.88,3.71,3.9,3.68,25717.0,9708781.0,600854,-4.63,-0.18
2005-04-26,3.74,3.85,3.87,3.71,18012.0,6826200.0,600854,3.77,0.14
2005-04-27,3.86,3.8,3.88,3.74,14876.0,5632325.0,600854,-1.3,-0.05
2005-04-28,3.79,3.95,4.08,3.69,28161.0,10951245.0,600854,3.95,0.15
2005-04-29,3.95,3.88,3.95,3.86,14860.0,5797029.0,600854,-1.77,-0.07
2005-05-09,3.95,3.76,3.95,3.72,10645.0,4049373.0,600854,-3.09,-0.12
2005-05-10,3.8,3.9,3.93,3.74,15224.0,5838673.0,600854,3.72,0.14
2005-05-11,3.85,3.91,4.02,3.85,18143.0,7145051.0,600854,0.26,0.01
2005-05-12,3.92,3.96,4.04,3.86,25527.0,10137878.0,600854,1.28,0.05
2005-05-13,3.98,4.08,4.12,3.96,33123.0,13418731.0,600854,3.03,0.12
2005-05-16,4.09,4.0,4.1,3.98,14105.0,5672904.0,600854,-1.96,-0.08
2005-05-17,4.0,3.98,4.08,3.9,16852.0,6710079.0,600854,-0.5,-0.02
2005-05-19,3.99,4.04,4.08,3.98,14714.0,5934047.0,600854,1.51,0.06
2005-05-20,4.03,4.01,4.12,4.0,15004.0,6107709.0,600854,-0.74,-0.03
2005-05-23,3.99,3.86,3.99,3.82,11768.0,4565323.0,600854,-3.74,-0.15
2005-05-24,3.86,3.93,3.97,3.85,8579.0,3358675.0,600854,1.81,0.07
2005-05-25,3.93,3.98,4.06,3.91,14372.0,5746444.0,600854,1.27,0.05
2005-05-26,4.01,4.01,4.09,3.96,15511.0,6243898.0,600854,0.75,0.03
2005-05-27,4.02,4.04,4.13,4.0,19206.0,7839408.0,600854,0.75,0.03
2005-05-30,4.05,4.08,4.12,4.04,12524.0,5102526.0,600854,0.99,0.04
2005-05-31,4.08,4.1,4.18,4.03,22456.0,9252131.0,600854,0.49,0.02
2005-06-01,4.09,3.99,4.11,3.96,14808.0,5938907.0,600854,-2.68,-0.11
2005-06-02,3.95,3.94,4.04,3.91,10925.0,4335106.0,600854,-1.25,-0.05
2005-06-03,3.93,3.87,4.0,3.83,13729.0,5357128.0,600854,-1.78,-0.07
2005-06-06,3.87,3.93,3.94,3.79,18217.0,7002910.0,600854,1.55,0.06
2005-06-07,3.98,4.03,4.16,3.96,36480.0,14858301.0,600854,2.54,0.1
2005-06-08,4.0,4.33,4.4,4.0,66377.0,28004752.0,600854,7.44,0.3
2005-06-09,4.3,4.34,4.38,4.21,60046.0,25855844.0,600854,0.23,0.01
2005-06-10,4.31,4.34,4.55,4.27,73078.0,32286570.0,600854,0.0,0.0
2005-06-13,4.31,4.35,4.42,4.21,36832.0,15913095.0,600854,0.23,0.01
2005-06-14,4.35,4.2,4.41,4.18,34018.0,14668260.0,600854,-3.45,-0.15
2005-06-15,4.2,4.13,4.2,4.09,23480.0,9696998.0,600854,-1.67,-0.07
2005-06-16,4.13,4.17,4.18,4.1,12687.0,5262491.0,600854,0.97,0.04
2005-06-17,4.28,4.29,4.49,4.22,68317.0,29845830.0,600854,2.88,0.12
2005-06-20,4.3,4.39,4.4,4.14,39406.0,16951360.0,600854,2.33,0.1
2005-06-21,4.4,4.29,4.4,4.29,23273.0,10090707.0,600854,-2.28,-0.1
2005-06-22,4.29,4.28,4.3,4.21,17294.0,7344991.0,600854,-0.23,-0.01
2005-06-23,4.28,4.18,4.29,4.18,18681.0,7884164.0,600854,-2.34,-0.1
2005-06-24,4.15,4.23,4.24,4.15,14083.0,5885781.0,600854,1.2,0.05
2005-06-27,4.23,4.3,4.39,4.23,36948.0,15969898.0,600854,1.65,0.07
2005-06-28,4.29,4.15,4.3,4.15,23615.0,9902895.0,600854,-3.49,-0.15
2005-06-29,4.15,4.16,4.25,4.14,14171.0,5918413.0,600854,0.24,0.01
2005-06-30,4.2,3.94,4.2,3.92,23865.0,9658936.0,600854,-5.29,-0.22
2005-07-01,3.93,3.82,3.99,3.79,20883.0,8107214.0,600854,-3.05,-0.12
2005-07-04,3.82,3.84,3.9,3.74,19522.0,7408448.0,600854,0.52,0.02
2005-07-05,3.82,3.8,3.85,3.77,7753.0,2956413.0,600854,-1.04,-0.04
2005-07-06,3.83,3.85,3.87,3.77,9063.0,3461352.0,600854,1.32,0.05
2005-07-07,3.87,3.86,3.9,3.82,10105.0,3892477.0,600854,0.26,0.01
2005-07-08,3.81,3.6,3.82,3.59,15632.0,5816481.0,600854,-6.74,-0.26
2005-07-11,3.7,3.51,3.73,3.5,15850.0,5714282.0,600854,-2.5,-0.09
2005-07-12,3.5,3.63,3.71,3.46,17110.0,6171970.0,600854,3.42,0.12
2005-07-13,3.63,3.61,3.69,3.6,9424.0,3428250.0,600854,-0.55,-0.02
2005-07-14,3.6,3.63,3.66,3.54,11459.0,4128044.0,600854,0.55,0.02
2005-07-15,3.63,3.34,3.63,3.31,38425.0,12989255.0,600854,-7.99,-0.29
2005-07-18,3.34,3.22,3.41,3.19,23105.0,7584153.0,600854,-3.59,-0.12
2005-07-19,3.21,3.25,3.28,3.18,11727.0,3787598.0,600854,0.93,0.03
2005-07-20,3.23,3.24,3.3,3.21,10320.0,3350684.0,600854,-0.31,-0.01
2005-07-21,3.21,3.24,3.25,3.15,13820.0,4425499.0,600854,0.0,0.0
2005-07-22,3.23,3.3,3.37,3.21,25565.0,8433494.0,600854,1.85,0.06
2005-07-25,3.3,3.24,3.3,3.23,11070.0,3601764.0,600854,-1.82,-0.06
2005-07-26,3.24,3.37,3.37,3.24,23579.0,7835143.0,600854,4.01,0.13
2005-07-27,3.36,3.43,3.43,3.31,28605.0,9649256.0,600854,1.78,0.06
2005-07-28,3.45,3.42,3.47,3.37,24404.0,8311374.0,600854,-0.29,-0.01
2005-07-29,3.41,3.37,3.42,3.33,17247.0,5814564.0,600854,-1.46,-0.05
2005-08-01,3.37,3.44,3.45,3.34,16309.0,5534879.0,600854,2.08,0.07
2005-08-02,3.43,3.46,3.47,3.37,34697.0,11869276.0,600854,0.58,0.02
2005-08-03,3.46,3.57,3.6,3.43,65372.0,23047456.0,600854,3.18,0.11
2005-08-04,3.59,3.58,3.62,3.54,64533.0,23097992.0,600854,0.28,0.01
2005-08-05,3.6,3.66,3.67,3.55,45377.0,16327610.0,600854,2.23,0.08
2005-08-08,3.66,3.7,3.7,3.58,47380.0,17200018.0,600854,1.09,0.04
2005-08-09,3.71,3.71,3.73,3.64,32346.0,11922241.0,600854,0.27,0.01
2005-08-10,3.71,3.7,3.78,3.6,39037.0,14386104.0,600854,-0.27,-0.01
2005-08-11,3.69,3.81,3.84,3.65,76224.0,28701672.0,600854,2.97,0.11
2005-08-12,3.88,3.88,4.05,3.82,125642.0,49418884.0,600854,1.84,0.07
2005-08-15,3.87,3.92,3.92,3.82,39409.0,15237925.0,600854,1.03,0.04
2005-08-17,3.92,4.13,4.16,3.9,87018.0,35245012.0,600854,5.36,0.21
2005-08-18,4.13,3.83,4.18,3.83,82447.0,33613264.0,600854,-7.26,-0.3
2005-08-19,3.81,3.72,3.9,3.65,53425.0,20070832.0,600854,-2.87,-0.11
2005-08-22,3.72,3.76,3.79,3.7,23117.0,8660946.0,600854,1.08,0.04
2005-08-23,3.74,3.77,3.82,3.67,26558.0,9991133.0,600854,0.27,0.01
2005-08-24,3.77,3.96,4.12,3.75,69082.0,27209554.0,600854,5.04,0.19
2005-08-25,3.93,3.92,4.0,3.84,33376.0,13044794.0,600854,-1.01,-0.04
2005-08-26,3.9,3.92,3.96,3.85,23909.0,9304582.0,600854,0.0,0.0
2005-08-29,3.94,3.9,3.96,3.82,21016.0,8158539.0,600854,-0.51,-0.02
2005-08-30,3.9,3.81,3.9,3.8,17133.0,6583924.0,600854,-2.31,-0.09
2005-08-31,3.81,3.84,3.86,3.75,21131.0,8058248.0,600854,0.79,0.03
2005-09-01,3.85,4.04,4.08,3.85,60886.0,24288416.0,600854,5.21,0.2
2005-09-02,4.03,4.11,4.15,3.98,55843.0,22714832.0,600854,1.73,0.07
2005-09-05,4.11,4.1,4.15,4.04,31687.0,12923867.0,600854,-0.24,-0.01
2005-09-06,4.12,3.92,4.13,3.9,39944.0,16084227.0,600854,-4.39,-0.18
2005-09-07,3.92,4.31,4.31,3.91,78765.0,33373600.0,600854,9.95,0.39
2005-09-08,4.49,4.57,4.68,4.43,248899.0,112841280.0,600854,6.03,0.26
2005-09-09,4.52,4.43,4.56,4.41,89580.0,40189028.0,600854,-3.06,-0.14
2005-09-12,4.35,4.35,4.44,4.3,60675.0,26428344.0,600854,-1.81,-0.08
2005-09-13,4.36,4.53,4.55,4.3,77867.0,34539788.0,600854,4.14,0.18
2005-09-14,4.52,4.5,4.52,4.4,63011.0,28107640.0,600854,-0.66,-0.03
2005-09-15,4.48,4.52,4.64,4.41,71208.0,32211890.0,600854,0.44,0.02
2005-09-16,4.54,4.46,4.54,4.42,30386.0,13576302.0,600854,-1.33,-0.06
2005-09-19,4.46,4.65,4.74,4.42,92018.0,42483856.0,600854,4.26,0.19
2005-09-20,4.67,4.63,4.67,4.5,78516.0,35955776.0,600854,-0.43,-0.02
2005-09-21,4.6,4.41,4.6,4.4,49465.0,22113776.0,600854,-4.75,-0.22
2005-09-22,4.41,4.24,4.48,4.1,39756.0,17162208.0,600854,-3.85,-0.17
2005-09-23,4.24,4.18,4.4,4.16,29519.0,12574563.0,600854,-1.42,-0.06
2005-09-26,4.18,4.25,4.26,4.14,18870.0,7908868.0,600854,1.67,0.07
2005-09-27,4.25,3.97,4.25,3.96,33107.0,13472352.0,600854,-6.59,-0.28
2005-09-28,3.96,3.94,4.05,3.92,17416.0,6942346.0,600854,-0.76,-0.03
2005-09-29,4.0,4.09,4.1,3.97,25868.0,10435141.0,600854,3.81,0.15
2005-09-30,4.1,4.07,4.16,4.0,23787.0,9711782.0,600854,-0.49,-0.02
2005-10-10,4.05,3.99,4.06,3.97,13107.0,5244192.0,600854,-1.97,-0.08
2005-10-11,3.98,4.11,4.12,3.97,20531.0,8360652.0,600854,3.01,0.12
2005-10-12,4.11,4.12,4.18,4.08,23610.0,9776743.0,600854,0.24,0.01
2005-10-13,4.12,4.02,4.15,3.99,20060.0,8135223.0,600854,-2.43,-0.1
2005-10-14,4.02,3.98,4.04,3.96,17256.0,6885561.0,600854,-1.0,-0.04
2005-10-17,3.97,3.94,4.03,3.87,16965.0,6686633.0,600854,-1.01,-0.04
2005-10-18,3.9,4.0,4.0,3.73,53590.0,20547800.0,600854,1.52,0.06
2005-10-19,3.98,3.95,4.04,3.94,35693.0,14236818.0,600854,-1.25,-0.05
2005-10-20,3.94,3.86,3.94,3.79,19853.0,7633443.0,600854,-2.28,-0.09
2005-10-21,3.9,3.91,3.97,3.88,26853.0,10508941.0,600854,1.3,0.05
2005-10-24,3.9,4.04,4.05,3.79,42813.0,16586861.0,600854,3.32,0.13
2005-10-25,4.01,3.96,4.01,3.92,25334.0,10035923.0,600854,-1.98,-0.08
2005-10-26,4.0,3.98,4.13,3.97,77342.0,31194188.0,600854,0.51,0.02
2005-10-27,3.95,3.76,3.98,3.75,36899.0,14059607.0,600854,-5.53,-0.22
2005-10-28,3.76,3.57,3.81,3.56,28374.0,10390287.0,600854,-5.05,-0.19
2005-10-31,3.57,3.6,3.66,3.53,14858.0,5363048.0,600854,0.84,0.03
2005-11-01,3.6,3.54,3.62,3.46,18447.0,6487754.0,600854,-1.67,-0.06
2005-11-02,3.55,3.65,3.69,3.55,28294.0,10298029.0,600854,3.11,0.11
2005-11-03,3.65,3.61,3.73,3.6,19240.0,7037831.0,600854,-1.1,-0.04
2005-11-04,3.61,3.67,3.7,3.61,10249.0,3747371.0,600854,1.66,0.06
2005-11-07,3.66,3.77,3.78,3.58,26352.0,9761145.0,600854,2.72,0.1
2005-11-08,3.75,3.78,3.83,3.74,35215.0,13351034.0,600854,0.27,0.01
2005-11-09,3.81,3.82,3.95,3.81,61008.0,23676894.0,600854,1.06,0.04
2005-11-10,3.82,3.66,3.86,3.63,28852.0,10843601.0,600854,-4.19,-0.16
2005-11-11,3.6,3.65,3.72,3.56,15196.0,5551878.0,600854,-0.27,-0.01
2005-11-14,3.65,3.67,3.72,3.6,9884.0,3619265.0,600854,0.55,0.02
2005-11-15,3.68,3.62,3.7,3.61,9997.0,3647105.0,600854,-1.36,-0.05
2005-11-16,3.62,3.67,3.68,3.58,9463.0,3421893.0,600854,1.38,0.05
2005-11-17,3.67,3.65,3.7,3.62,8596.0,3150569.0,600854,-0.54,-0.02
2005-11-18,3.64,3.74,3.78,3.63,20972.0,7810584.0,600854,2.47,0.09
2005-11-21,3.74,3.75,3.78,3.73,12212.0,4576411.0,600854,0.27,0.01
2005-11-22,3.77,3.64,3.78,3.64,12205.0,4505216.0,600854,-2.93,-0.11
2005-11-23,3.64,3.7,3.75,3.61,13231.0,4879505.0,600854,1.65,0.06
2005-11-24,3.7,3.72,3.75,3.69,15078.0,5608883.0,600854,0.54,0.02
2005-11-25,3.72,3.73,3.75,3.67,12326.0,4578909.0,600854,0.27,0.01
2005-11-28,3.73,3.77,3.82,3.72,18513.0,6979627.0,600854,1.07,0.04
2005-11-29,3.77,3.69,3.77,3.66,17669.0,6556448.0,600854,-2.12,-0.08
2005-11-30,3.66,3.75,3.75,3.63,17317.0,6359498.0,600854,1.63,0.06
2005-12-01,3.72,3.73,3.78,3.69,17775.0,6657915.0,600854,-0.53,-0.02
2005-12-02,3.71,3.75,3.81,3.71,43871.0,16536255.0,600854,0.54,0.02
2005-12-05,3.75,3.59,3.75,3.59,21547.0,7836849.0,600854,-4.27,-0.16
2005-12-06,3.58,3.61,3.65,3.58,8714.0,3142965.0,600854,0.56,0.02
2005-12-07,3.67,3.69,3.75,3.65,13583.0,5021957.0,600854,2.22,0.08
2005-12-08,3.68,3.65,3.71,3.63,5886.0,2154965.0,600854,-1.08,-0.04
2005-12-09,3.63,3.69,3.71,3.61,11775.0,4308187.0,600854,1.1,0.04
2005-12-12,3.69,3.7,3.72,3.67,9227.0,3411299.0,600854,0.27,0.01
2005-12-13,3.68,3.75,3.78,3.63,21167.0,7850011.0,600854,1.35,0.05
2005-12-14,3.73,3.8,3.85,3.66,28691.0,10851682.0,600854,1.33,0.05
2005-12-15,3.8,3.77,3.86,3.76,25269.0,9638475.0,600854,-0.79,-0.03
2005-12-16,3.77,3.79,3.8,3.74,11238.0,4239857.0,600854,0.53,0.02
2005-12-19,3.77,3.79,3.82,3.75,8976.0,3406830.0,600854,0.0,0.0
2005-12-20,3.8,3.77,3.81,3.73,14259.0,5371590.0,600854,-0.53,-0.02
2005-12-21,3.78,3.71,3.81,3.71,11823.0,4437846.0,600854,-1.59,-0.06
2005-12-22,3.71,3.72,3.74,3.7,8653.0,3220376.0,600854,0.27,0.01
2005-12-23,3.73,3.78,3.8,3.73,11096.0,4180584.0,600854,1.61,0.06
2005-12-26,3.8,3.82,3.85,3.77,19373.0,7380753.0,600854,1.06,0.04
2005-12-27,3.82,3.8,3.84,3.77,10501.0,3987622.0,600854,-0.52,-0.02
2005-12-28,3.8,3.79,3.8,3.75,12641.0,4773276.0,600854,-0.26,-0.01
2005-12-29,3.8,3.84,3.85,3.78,21613.0,8272106.0,600854,1.32,0.05
2005-12-30,3.85,3.83,3.89,3.81,24146.0,9286243.0,600854,-0.26,-0.01
2006-01-04,3.83,3.9,3.92,3.83,26060.0,10139011.0,600854,1.83,0.07
2006-01-05,3.91,3.99,4.02,3.89,50333.0,20004024.0,600854,2.31,0.09
2006-01-06,4.03,4.01,4.08,4.0,59440.0,24023952.0,600854,0.5,0.02
2006-01-09,4.02,4.05,4.06,3.95,32972.0,13201995.0,600854,1.0,0.04
2006-01-10,4.06,4.11,4.14,3.98,36791.0,14980976.0,600854,1.48,0.06
2006-01-11,4.12,4.04,4.12,4.02,27133.0,11003654.0,600854,-1.7,-0.07
2006-01-12,4.02,4.09,4.1,3.99,26549.0,10749902.0,600854,1.24,0.05
2006-01-13,4.08,4.1,4.15,4.04,29833.0,12184151.0,600854,0.24,0.01
2006-01-16,4.1,4.07,4.17,4.06,31825.0,13100258.0,600854,-0.73,-0.03
2006-01-17,4.08,4.09,4.12,4.02,25265.0,10272346.0,600854,0.49,0.02
2006-01-18,4.12,4.2,4.25,4.1,47594.0,19895084.0,600854,2.69,0.11
2006-01-19,4.19,4.22,4.25,4.15,32862.0,13803935.0,600854,0.48,0.02
2006-01-20,4.25,4.19,4.25,4.15,32649.0,13709609.0,600854,-0.71,-0.03
2006-01-23,4.18,4.16,4.22,4.09,27824.0,11565952.0,600854,-0.72,-0.03
2006-01-24,4.16,4.16,4.25,4.13,26426.0,11086700.0,600854,0.0,0.0
2006-01-25,4.19,4.08,4.2,4.07,28055.0,11533567.0,600854,-1.92,-0.08
2006-02-06,4.09,4.2,4.22,4.09,21134.0,8817044.0,600854,2.94,0.12
2006-02-07,4.22,4.14,4.22,4.1,27415.0,11410423.0,600854,-1.43,-0.06
2006-02-08,4.14,4.27,4.29,4.11,46953.0,19880114.0,600854,3.14,0.13
2006-02-09,4.25,4.17,4.25,4.16,23454.0,9855031.0,600854,-2.34,-0.1
2006-02-10,4.17,4.23,4.25,4.16,23077.0,9701391.0,600854,1.44,0.06
2006-02-13,4.22,4.2,4.24,4.15,18069.0,7558510.0,600854,-0.71,-0.03
2006-02-14,4.21,4.22,4.23,4.16,15411.0,6473894.0,600854,0.48,0.02
2006-02-15,4.23,4.34,4.38,4.22,62618.0,26965792.0,600854,2.84,0.12
2006-02-16,4.34,4.17,4.34,4.14,31302.0,13248333.0,600854,-3.92,-0.17
2006-02-17,4.18,4.09,4.21,4.08,21579.0,8908025.0,600854,-1.92,-0.08
2006-02-20,4.1,4.1,4.15,4.08,15854.0,6525949.0,600854,0.24,0.01
2006-02-21,4.1,4.15,4.18,4.01,21314.0,8687356.0,600854,1.22,0.05
2006-02-22,4.16,4.13,4.17,4.1,14663.0,6071941.0,600854,-0.48,-0.02
2006-02-23,4.13,4.1,4.15,4.02,15669.0,6407964.0,600854,-0.73,-0.03
2006-02-24,4.1,4.13,4.14,4.08,13437.0,5528932.0,600854,0.73,0.03
2006-02-27,4.15,4.15,4.2,4.12,18670.0,7758661.0,600854,0.48,0.02
2006-02-28,4.15,4.13,4.16,4.06,15546.0,6383443.0,600854,-0.48,-0.02
2006-03-01,4.12,4.15,4.17,4.11,13907.0,5764943.0,600854,0.48,0.02
2006-03-02,4.15,4.05,4.15,4.03,24875.0,10161468.0,600854,-2.41,-0.1
2006-03-03,4.05,4.01,4.08,3.97,19213.0,7705479.0,600854,-0.99,-0.04
2006-03-06,4.01,4.02,4.05,3.99,10072.0,4048043.0,600854,0.25,0.01
2006-03-07,4.02,3.92,4.02,3.87,16664.0,6554287.0,600854,-2.49,-0.1
2006-03-08,3.88,3.85,3.9,3.8,14175.0,5456476.0,600854,-1.79,-0.07
2006-03-09,3.83,3.85,3.88,3.82,10884.0,4190428.0,600854,0.0,0.0
2006-03-10,3.78,3.69,3.78,3.67,34888.0,12934774.0,600854,-4.16,-0.16
2006-03-13,3.66,3.69,3.7,3.65,22441.0,8249037.0,600854,0.0,0.0
2006-03-14,3.69,3.7,3.72,3.66,15488.0,5725762.0,600854,0.27,0.01
2006-03-15,3.7,3.76,3.76,3.68,17560.0,6537718.0,600854,1.62,0.06
2006-03-16,3.76,3.8,3.81,3.74,25512.0,9651642.0,600854,1.06,0.04
2006-03-17,3.84,3.86,3.92,3.8,57007.0,22047936.0,600854,1.58,0.06
2006-03-20,3.83,3.84,3.85,3.75,16297.0,6206871.0,600854,-0.52,-0.02
2006-03-21,3.84,3.82,3.88,3.8,14960.0,5739096.0,600854,-0.52,-0.02
2006-03-22,3.82,3.81,3.82,3.78,12950.0,4915220.0,600854,-0.26,-0.01
2006-03-23,3.81,3.85,3.91,3.78,21650.0,8347585.0,600854,1.05,0.04
2006-03-24,3.85,3.8,3.87,3.77,16948.0,6449592.0,600854,-1.3,-0.05
2006-03-27,3.76,3.78,3.8,3.73,16492.0,6207203.0,600854,-0.53,-0.02
2006-03-28,3.79,3.83,3.83,3.75,17817.0,6745361.0,600854,1.32,0.05
2006-03-29,3.83,3.81,3.85,3.8,18510.0,7083865.0,600854,-0.52,-0.02
2006-03-30,3.8,3.76,3.82,3.75,11951.0,4517560.0,600854,-1.31,-0.05
2006-03-31,3.75,3.74,3.76,3.7,14101.0,5260517.0,600854,-0.53,-0.02
2006-04-03,3.72,3.77,3.78,3.7,19321.0,7213849.0,600854,0.8,0.03
2006-04-04,3.77,3.78,3.78,3.7,23929.0,8939648.0,600854,0.27,0.01
2006-04-05,3.78,3.85,3.85,3.74,26239.0,9999381.0,600854,1.85,0.07
2006-04-06,3.85,3.8,3.85,3.8,23779.0,9094054.0,600854,-1.3,-0.05
2006-04-07,3.81,3.87,3.89,3.81,28377.0,10957904.0,600854,1.84,0.07
2006-04-10,3.85,3.93,3.94,3.85,30089.0,11759242.0,600854,1.55,0.06
2006-04-11,3.92,4.0,4.04,3.91,48260.0,19205904.0,600854,1.78,0.07
2006-04-12,4.0,3.98,4.02,3.94,24368.0,9691423.0,600854,-0.5,-0.02
2006-04-13,4.0,3.87,4.01,3.86,27369.0,10768422.0,600854,-2.76,-0.11
2006-04-14,3.87,3.95,3.96,3.84,20815.0,8137694.0,600854,2.07,0.08
2006-04-17,3.93,3.97,3.99,3.9,22842.0,9040986.0,600854,0.51,0.02
2006-04-18,3.99,3.98,4.0,3.93,22405.0,8881629.0,600854,0.25,0.01
2006-04-19,3.97,3.92,3.98,3.9,17267.0,6805746.0,600854,-1.51,-0.06
2006-04-20,3.92,3.87,3.93,3.84,27902.0,10838125.0,600854,-1.28,-0.05
2006-04-21,3.87,3.97,4.01,3.85,30474.0,12040675.0,600854,2.58,0.1
2006-04-24,3.96,3.82,4.0,3.79,30585.0,11810199.0,600854,-3.78,-0.15
2006-04-25,3.81,3.76,3.82,3.73,29099.0,10927007.0,600854,-1.57,-0.06
2006-04-27,3.85,3.83,3.87,3.78,26104.0,9966217.0,600854,1.86,0.07
2006-04-28,3.79,3.8,3.85,3.72,24942.0,9440974.0,600854,-0.78,-0.03
2006-05-08,3.8,3.91,3.91,3.78,41646.0,16074774.0,600854,2.89,0.11
2006-05-09,3.91,4.05,4.06,3.87,61961.0,24689808.0,600854,3.58,0.14
2006-05-10,4.05,4.1,4.18,3.96,57677.0,23673238.0,600854,1.23,0.05
2006-05-11,4.09,4.07,4.28,4.06,60888.0,25333952.0,600854,-0.73,-0.03
2006-05-12,4.1,4.18,4.18,4.05,48022.0,19844784.0,600854,2.7,0.11
2006-05-15,4.22,4.59,4.6,4.21,117075.0,51413464.0,600854,9.81,0.41
2006-05-16,4.58,4.24,4.58,4.21,97190.0,42451356.0,600854,-7.63,-0.35
2006-05-17,4.24,4.35,4.39,4.22,51324.0,22105320.0,600854,2.59,0.11
2006-05-18,4.32,4.67,4.79,4.24,128500.0,59119852.0,600854,7.36,0.32
2006-05-19,4.7,4.74,4.76,4.6,88215.0,41326324.0,600854,1.5,0.07
2006-06-01,5.21,5.21,5.21,5.0,53312.0,27672732.0,600854,9.92,0.47
2006-06-02,5.48,5.4,5.62,5.3,167992.0,91905416.0,600854,3.65,0.19
2006-06-05,5.45,5.5,5.55,5.37,67793.0,37001016.0,600854,1.85,0.1
2006-06-06,5.5,5.39,5.56,5.37,59902.0,32616646.0,600854,-2.0,-0.11
2006-06-07,5.39,5.11,5.51,5.01,96942.0,51478480.0,600854,-5.19,-0.28
2006-06-08,5.06,5.12,5.19,5.01,95651.0,48770476.0,600854,0.2,0.01
2006-07-17,3.88,3.9,4.01,3.72,113961.0,43882656.0,600854,-23.83,-1.22
2006-07-18,3.89,3.84,3.89,3.77,62448.0,23789396.0,600854,-1.54,-0.06
2006-07-19,3.78,3.65,3.84,3.63,54348.0,20196866.0,600854,-4.95,-0.19
2006-07-20,3.6,3.75,3.77,3.6,50952.0,18844520.0,600854,2.74,0.1
2006-07-21,3.75,3.82,3.85,3.74,60870.0,23228432.0,600854,1.87,0.07
2006-07-24,3.78,3.74,3.79,3.67,55916.0,20909280.0,600854,-2.09,-0.08
2006-07-25,3.74,3.8,3.83,3.73,46444.0,17639626.0,600854,1.6,0.06
2006-07-26,3.82,3.88,3.88,3.78,50184.0,19290320.0,600854,2.11,0.08
2006-07-27,3.9,3.77,3.93,3.75,103315.0,39630744.0,600854,-2.84,-0.11
2006-07-28,3.79,3.73,3.82,3.67,36824.0,13694462.0,600854,-1.06,-0.04
2006-07-31,3.71,3.51,3.72,3.5,43974.0,15821398.0,600854,-5.9,-0.22
2006-08-01,3.49,3.45,3.56,3.45,24957.0,8708151.0,600854,-1.71,-0.06
2006-08-02,3.44,3.39,3.5,3.3,42681.0,14405352.0,600854,-1.74,-0.06
2006-08-03,3.39,3.39,3.41,3.32,27818.0,9387797.0,600854,0.0,0.0
2006-08-04,3.49,3.31,3.49,3.3,37169.0,12692219.0,600854,-2.36,-0.08
2006-08-07,3.27,3.19,3.28,3.18,26956.0,8700899.0,600854,-3.63,-0.12
2006-08-08,3.17,3.28,3.28,3.16,22600.0,7336710.0,600854,2.82,0.09
2006-08-09,3.28,3.35,3.38,3.24,31211.0,10405095.0,600854,2.13,0.07
2006-08-10,3.35,3.39,3.4,3.32,19442.0,6535919.0,600854,1.19,0.04
2006-08-11,3.35,3.37,3.39,3.32,14135.0,4744393.0,600854,-0.59,-0.02
2006-08-14,3.36,3.23,3.38,3.2,20093.0,6579868.0,600854,-4.15,-0.14
2006-08-15,3.21,3.33,3.33,3.2,18678.0,6125696.0,600854,3.1,0.1
2006-08-16,3.32,3.45,3.47,3.32,61076.0,20864146.0,600854,3.6,0.12
2006-08-17,3.46,3.39,3.46,3.34,49984.0,16943708.0,600854,-1.74,-0.06
2006-08-18,3.38,3.35,3.4,3.33,15992.0,5381071.0,600854,-1.18,-0.04
2006-08-21,3.24,3.33,3.35,3.22,18913.0,6220319.0,600854,-0.6,-0.02
2006-08-22,3.34,3.39,3.41,3.33,18202.0,6140619.0,600854,1.8,0.06
2006-08-23,3.39,3.36,3.4,3.35,15873.0,5346293.0,600854,-0.88,-0.03
2006-08-24,3.36,3.37,3.39,3.31,15610.0,5229078.0,600854,0.3,0.01
2006-08-25,3.36,3.39,3.44,3.36,25296.0,8622543.0,600854,0.59,0.02
2006-08-28,3.4,3.45,3.47,3.39,24899.0,8552951.0,600854,1.77,0.06
2006-08-30,3.45,3.46,3.46,3.37,36380.0,12425441.0,600854,0.29,0.01
2006-08-31,3.44,3.44,3.46,3.39,27167.0,9300012.0,600854,-0.58,-0.02
2006-09-01,3.45,3.34,3.46,3.33,20719.0,7004492.0,600854,-2.91,-0.1
2006-09-04,3.33,3.37,3.39,3.32,14344.0,4827822.0,600854,0.9,0.03
2006-09-05,3.37,3.45,3.46,3.36,39943.0,13674502.0,600854,2.37,0.08
2006-09-06,3.45,3.43,3.49,3.41,28701.0,9869108.0,600854,-0.58,-0.02
2006-09-07,3.44,3.54,3.56,3.37,87531.0,30535024.0,600854,3.21,0.11
2006-09-08,3.52,3.5,3.56,3.48,39730.0,13949945.0,600854,-1.13,-0.04
2006-09-11,3.51,3.48,3.52,3.4,21654.0,7471500.0,600854,-0.57,-0.02
2006-09-12,3.48,3.47,3.51,3.44,23142.0,8041679.0,600854,-0.29,-0.01
2006-09-13,3.47,3.42,3.5,3.41,22766.0,7872341.0,600854,-1.44,-0.05
2006-09-14,3.42,3.49,3.5,3.4,26799.0,9237862.0,600854,2.05,0.07
2006-09-15,3.53,3.71,3.84,3.52,206889.0,77566928.0,600854,6.3,0.22
2006-09-18,3.67,3.7,3.73,3.61,71620.0,26251716.0,600854,-0.27,-0.01
2006-09-19,3.71,3.71,3.8,3.65,61080.0,22758776.0,600854,0.27,0.01
2006-09-20,3.7,3.7,3.74,3.66,42488.0,15736162.0,600854,-0.27,-0.01
2006-09-21,3.66,3.68,3.76,3.65,39787.0,14676000.0,600854,-0.54,-0.02
2006-09-22,3.68,3.58,3.7,3.57,38678.0,14010260.0,600854,-2.72,-0.1
2006-09-25,3.58,3.55,3.62,3.53,31509.0,11208579.0,600854,-0.84,-0.03
2006-09-26,3.54,3.55,3.58,3.51,17159.0,6077124.0,600854,0.0,0.0
2006-09-27,3.56,3.62,3.66,3.55,21268.0,7673701.0,600854,1.97,0.07
2006-09-28,3.62,3.61,3.65,3.59,21833.0,7885539.0,600854,-0.28,-0.01
2006-09-29,3.61,3.63,3.7,3.61,28040.0,10239085.0,600854,0.55,0.02
2006-10-09,3.66,3.73,3.74,3.64,41482.0,15275508.0,600854,2.75,0.1
2006-10-10,3.99,3.8,4.0,3.75,72165.0,27655916.0,600854,1.88,0.07
2006-10-11,3.77,3.74,3.79,3.7,38044.0,14222421.0,600854,-1.58,-0.06
2006-10-12,3.79,3.78,3.83,3.72,41297.0,15574130.0,600854,1.07,0.04
2006-10-13,3.78,3.72,3.8,3.71,30096.0,11303190.0,600854,-1.59,-0.06
2006-10-16,3.72,3.72,3.77,3.7,23253.0,8670746.0,600854,0.0,0.0
2006-10-17,3.72,3.69,3.77,3.66,36269.0,13455058.0,600854,-0.81,-0.03
2006-10-18,3.7,3.75,3.76,3.68,25133.0,9363938.0,600854,1.63,0.06
2006-10-19,3.75,3.72,3.76,3.69,27349.0,10162494.0,600854,-0.8,-0.03
2006-10-20,3.73,3.67,3.74,3.63,31318.0,11500636.0,600854,-1.34,-0.05
2006-10-23,3.67,3.58,3.67,3.48,36598.0,13067625.0,600854,-2.45,-0.09
2006-10-24,3.56,3.64,3.64,3.52,24807.0,8915388.0,600854,1.68,0.06
2006-10-25,3.62,3.53,3.64,3.52,30558.0,10876749.0,600854,-3.02,-0.11
2006-10-26,3.56,3.52,3.56,3.5,20675.0,7277091.0,600854,-0.28,-0.01
2006-10-27,3.52,3.4,3.53,3.39,39904.0,13726398.0,600854,-3.41,-0.12
2006-10-30,3.38,3.43,3.44,3.35,21976.0,7431064.0,600854,0.88,0.03
2006-10-31,3.43,3.45,3.46,3.41,22900.0,7875293.0,600854,0.58,0.02
2006-11-01,3.45,3.47,3.47,3.42,21659.0,7458411.0,600854,0.58,0.02
2006-11-02,3.48,3.43,3.48,3.4,25671.0,8822610.0,600854,-1.15,-0.04
2006-11-03,3.43,3.59,3.69,3.42,94484.0,33874576.0,600854,4.66,0.16
2006-11-06,3.54,3.53,3.55,3.49,37605.0,13247455.0,600854,-1.67,-0.06
2006-11-07,3.52,3.56,3.56,3.42,46070.0,16081314.0,600854,0.85,0.03
2006-11-08,3.57,3.49,3.57,3.48,34564.0,12149167.0,600854,-1.97,-0.07
2006-11-09,3.5,3.54,3.55,3.47,26265.0,9235964.0,600854,1.43,0.05
2006-11-10,3.54,3.51,3.62,3.5,64809.0,23163302.0,600854,-0.85,-0.03
2006-11-13,3.48,3.35,3.54,3.35,37319.0,12801281.0,600854,-4.56,-0.16
2006-11-14,3.35,3.46,3.52,3.28,39275.0,13313591.0,600854,3.28,0.11
2006-11-15,3.43,3.47,3.48,3.4,24207.0,8356802.0,600854,0.29,0.01
2006-11-16,3.51,3.44,3.56,3.41,55210.0,19281002.0,600854,-0.86,-0.03
2006-11-17,3.44,3.56,3.61,3.41,68145.0,24136598.0,600854,3.49,0.12
2006-11-20,3.56,3.53,3.59,3.48,36027.0,12683700.0,600854,-0.84,-0.03
2006-11-21,3.53,3.48,3.54,3.43,29834.0,10354960.0,600854,-1.42,-0.05
2006-11-22,3.47,3.52,3.56,3.45,34699.0,12202826.0,600854,1.15,0.04
2006-11-23,3.5,3.61,3.64,3.49,65075.0,23254596.0,600854,2.56,0.09
2006-11-24,3.59,3.6,3.63,3.54,45532.0,16329218.0,600854,-0.28,-0.01
2006-11-27,3.6,3.68,3.7,3.58,62364.0,22780198.0,600854,2.22,0.08
2006-11-28,3.7,3.65,3.72,3.6,52570.0,19277908.0,600854,-0.82,-0.03
2006-11-29,3.62,3.66,3.67,3.55,42810.0,15468409.0,600854,0.27,0.01
2006-11-30,3.67,3.75,3.78,3.67,101922.0,38040064.0,600854,2.46,0.09
2006-12-01,3.75,3.7,3.77,3.66,68249.0,25376436.0,600854,-1.33,-0.05
2006-12-04,3.69,3.72,3.75,3.67,57614.0,21363730.0,600854,0.54,0.02
2006-12-05,3.72,3.72,3.75,3.67,61365.0,22767196.0,600854,0.0,0.0
2006-12-06,3.72,3.73,3.79,3.61,82376.0,30596516.0,600854,0.27,0.01
2006-12-07,3.72,3.83,3.95,3.7,209630.0,81042392.0,600854,2.68,0.1
2006-12-08,3.81,3.65,3.88,3.64,95257.0,35710860.0,600854,-4.7,-0.18
2006-12-11,3.67,3.74,3.74,3.66,51742.0,19156008.0,600854,2.47,0.09
2006-12-12,3.74,3.85,3.92,3.62,117401.0,44706572.0,600854,2.94,0.11
2006-12-13,3.85,3.81,3.85,3.73,53783.0,20425500.0,600854,-1.04,-0.04
2006-12-14,3.84,3.78,3.84,3.74,51067.0,19354132.0,600854,-0.79,-0.03
2006-12-15,3.79,3.78,3.81,3.75,49007.0,18540924.0,600854,0.0,0.0
2006-12-18,3.78,3.8,3.84,3.76,68795.0,26071900.0,600854,0.53,0.02
2006-12-19,3.8,3.8,3.84,3.73,71007.0,26887836.0,600854,0.0,0.0
2006-12-20,3.78,3.94,3.98,3.75,154678.0,60264200.0,600854,3.68,0.14
2006-12-21,3.93,3.82,3.93,3.81,101733.0,39326784.0,600854,-3.05,-0.12
2006-12-22,3.82,3.83,3.95,3.77,82543.0,31776160.0,600854,0.26,0.01
2006-12-25,3.84,3.85,3.93,3.8,56338.0,21773254.0,600854,0.52,0.02
2006-12-26,3.87,3.86,3.95,3.79,87298.0,33827304.0,600854,0.26,0.01
2006-12-27,3.86,3.79,3.86,3.77,67025.0,25499486.0,600854,-1.81,-0.07
2006-12-28,3.79,3.63,3.8,3.61,77304.0,28581064.0,600854,-4.22,-0.16
2006-12-29,3.64,3.65,3.73,3.63,75576.0,27764770.0,600854,0.55,0.02
2007-01-04,3.69,3.69,3.77,3.65,67904.0,25159456.0,600854,1.1,0.04
2007-01-05,3.69,3.77,3.8,3.66,59897.0,22413282.0,600854,2.17,0.08
2007-01-08,3.77,3.88,3.89,3.77,101792.0,39122548.0,600854,2.92,0.11
2007-01-09,3.89,3.94,3.96,3.86,119387.0,46765300.0,600854,1.55,0.06
2007-01-10,3.96,4.04,4.05,3.86,132733.0,52443272.0,600854,2.54,0.1
2007-01-11,4.04,4.09,4.24,4.01,171687.0,70786864.0,600854,1.24,0.05
2007-01-12,4.06,3.88,4.14,3.85,107548.0,42942804.0,600854,-5.13,-0.21
2007-01-15,3.9,4.23,4.24,3.88,146799.0,59505872.0,600854,9.02,0.35
2007-01-16,4.31,4.24,4.35,4.13,233631.0,99135008.0,600854,0.24,0.01
2007-01-17,4.25,4.14,4.3,4.08,122257.0,51284560.0,600854,-2.36,-0.1
2007-01-18,4.15,4.28,4.3,4.1,109072.0,45818192.0,600854,3.38,0.14
2007-01-19,4.28,4.41,4.43,4.26,165472.0,71754504.0,600854,3.04,0.13
2007-01-22,4.53,4.53,4.54,4.41,158853.0,71068232.0,600854,2.72,0.12
2007-01-23,4.54,4.74,4.83,4.45,211668.0,98774680.0,600854,4.64,0.21
2007-01-24,4.71,4.7,4.79,4.65,114364.0,53869844.0,600854,-0.84,-0.04
2007-01-25,4.69,4.41,4.69,4.39,131125.0,59056036.0,600854,-6.17,-0.29
2007-01-26,4.37,4.35,4.48,4.11,119776.0,51262044.0,600854,-1.36,-0.06
2007-01-29,4.04,4.26,4.27,4.0,441118.0,182952640.0,600854,-2.07,-0.09
2007-01-30,4.19,4.19,4.25,4.11,256694.0,107394288.0,600854,-1.64,-0.07
2007-01-31,4.19,4.23,4.37,4.16,311908.0,132828064.0,600854,0.95,0.04
2007-02-01,4.2,4.19,4.27,4.03,167322.0,69757016.0,600854,-0.95,-0.04
2007-02-02,4.21,4.27,4.38,4.21,258853.0,111527160.0,600854,1.91,0.08
2007-02-05,4.28,4.2,4.31,4.1,97717.0,41016516.0,600854,-1.64,-0.07
2007-02-06,4.19,4.34,4.34,4.18,119140.0,50679444.0,600854,3.33,0.14
2007-02-07,4.36,4.4,4.43,4.31,160472.0,70168008.0,600854,1.38,0.06
2007-02-08,4.38,4.36,4.4,4.31,108205.0,47012804.0,600854,-0.91,-0.04
2007-02-09,4.36,4.28,4.38,4.2,118694.0,50873364.0,600854,-1.83,-0.08
2007-02-12,4.28,4.35,4.38,4.2,110901.0,47799088.0,600854,1.64,0.07
2007-02-13,4.36,4.46,4.5,4.3,175759.0,77322288.0,600854,2.53,0.11
2007-02-14,4.47,4.54,4.58,4.42,152095.0,68543264.0,600854,1.79,0.08
2007-02-15,4.66,4.73,4.83,4.64,222786.0,104771608.0,600854,4.19,0.19
2007-02-16,4.73,4.91,5.05,4.66,234681.0,114003136.0,600854,3.81,0.18
2007-02-26,4.93,5.21,5.27,4.82,191117.0,97216664.0,600854,6.11,0.3
2007-02-27,5.21,4.69,5.32,4.69,234718.0,117172016.0,600854,-9.98,-0.52
2007-02-28,4.59,4.91,4.97,4.55,190530.0,91133712.0,600854,4.69,0.22
2007-03-01,4.89,5.0,5.06,4.71,180223.0,88360024.0,600854,1.83,0.09
2007-03-02,5.05,5.19,5.29,5.05,219249.0,113976592.0,600854,3.8,0.19
2007-03-05,5.14,5.0,5.18,4.83,189451.0,94828024.0,600854,-3.66,-0.19
2007-03-06,4.93,4.93,5.01,4.78,101099.0,49573360.0,600854,-1.4,-0.07
2007-03-07,4.94,5.07,5.08,4.9,121005.0,60424064.0,600854,2.84,0.14
2007-03-08,5.06,5.2,5.25,5.0,173514.0,89637832.0,600854,2.56,0.13
2007-03-09,5.24,5.72,5.72,5.23,459979.0,258975968.0,600854,10.0,0.52
2007-03-12,5.82,6.07,6.27,5.65,495319.0,293189408.0,600854,6.12,0.35
2007-03-13,5.98,6.03,6.14,5.81,271689.0,162433872.0,600854,-0.66,-0.04
2007-03-14,5.95,5.85,6.07,5.63,229473.0,134123312.0,600854,-2.99,-0.18
2007-03-15,5.8,6.0,6.11,5.8,217397.0,130062472.0,600854,2.56,0.15
2007-03-16,6.0,6.07,6.37,5.91,299844.0,184973520.0,600854,1.17,0.07
2007-03-19,5.92,6.6,6.62,5.82,349920.0,223811104.0,600854,8.73,0.53
2007-03-20,6.6,6.7,7.09,6.53,326752.0,224459200.0,600854,1.52,0.1
2007-03-21,6.7,6.88,6.98,6.61,208922.0,143561744.0,600854,2.69,0.18
2007-03-22,6.88,6.82,6.98,6.7,154511.0,105858864.0,600854,-0.87,-0.06
2007-03-23,6.83,6.77,6.89,6.48,184567.0,122961568.0,600854,-0.73,-0.05
2007-03-26,6.81,7.44,7.45,6.77,258567.0,186005568.0,600854,9.9,0.67
2007-03-27,7.46,7.62,7.75,7.3,217333.0,162720144.0,600854,2.42,0.18
2007-03-28,7.6,7.5,7.88,7.0,266684.0,200026512.0,600854,-1.57,-0.12
2007-03-29,7.47,7.38,7.95,7.3,256625.0,195968480.0,600854,-1.6,-0.12
2007-03-30,7.27,7.35,7.52,7.23,129217.0,95577792.0,600854,-0.41,-0.03
2007-04-02,7.43,7.39,7.49,7.27,94718.0,69752520.0,600854,0.54,0.04
2007-04-03,7.44,7.42,7.44,7.23,125467.0,91786000.0,600854,0.41,0.03
2007-04-04,7.45,7.57,7.67,7.33,156547.0,117925200.0,600854,2.02,0.15
2007-04-05,7.55,7.82,7.91,7.5,169783.0,131896496.0,600854,3.3,0.25
2007-04-06,7.75,8.11,8.2,7.65,200339.0,160187696.0,600854,3.71,0.29
2007-04-09,8.12,8.08,8.42,7.99,191490.0,157022352.0,600854,-0.37,-0.03
2007-04-10,8.08,8.14,8.42,7.63,203765.0,163222416.0,600854,0.74,0.06
2007-04-11,8.1,8.09,8.31,7.9,143410.0,117020760.0,600854,-0.61,-0.05
2007-04-12,8.1,8.12,8.2,7.9,181395.0,146060240.0,600854,0.37,0.03
2007-04-13,8.03,8.39,8.62,7.96,259410.0,213915744.0,600854,3.33,0.27
2007-04-16,8.4,8.43,8.72,8.3,241580.0,205257376.0,600854,0.48,0.04
2007-04-17,8.4,8.34,8.43,8.04,207273.0,170655312.0,600854,-1.07,-0.09
2007-04-18,8.03,8.74,8.78,7.81,295686.0,244360880.0,600854,4.8,0.4
2007-04-19,8.69,9.61,9.61,8.5,667699.0,618002240.0,600854,9.95,0.87
2007-04-20,9.95,10.57,10.57,9.93,416258.0,427963520.0,600854,9.99,0.96
2007-04-23,11.0,10.79,11.45,10.45,365909.0,399209216.0,600854,2.08,0.22
2007-04-24,10.82,11.05,11.29,10.25,307430.0,331039296.0,600854,2.41,0.26
2007-04-25,10.85,10.48,10.89,10.2,208129.0,219664928.0,600854,-5.16,-0.57
2007-04-26,10.5,10.28,10.68,9.9,242448.0,249264176.0,600854,-1.91,-0.2
2007-04-30,9.81,9.99,10.23,9.77,318137.0,315286016.0,600854,-2.82,-0.29
2007-05-08,10.08,9.76,10.19,9.49,293626.0,284414176.0,600854,-2.3,-0.23
2007-05-09,9.7,10.25,10.25,9.41,294943.0,296653152.0,600854,5.02,0.49
2007-05-10,10.54,10.76,10.76,10.48,64447.0,68993624.0,600854,4.98,0.51
2007-05-11,11.3,11.3,11.3,11.0,117958.0,132931864.0,600854,5.02,0.54
2007-05-14,11.87,11.87,11.87,11.61,90340.0,107099368.0,600854,5.04,0.57
2007-05-16,12.46,11.48,12.46,11.28,366765.0,429851008.0,600854,-3.29,-0.39
2007-05-17,11.47,11.47,11.83,11.15,234107.0,267835696.0,600854,-0.09,-0.01
2007-05-21,11.55,11.85,12.0,11.2,270968.0,315966720.0,600854,3.31,0.38
2007-05-22,11.88,11.76,12.36,11.7,219649.0,263291392.0,600854,-0.76,-0.09
2007-05-23,11.7,12.35,12.35,11.35,320950.0,380506336.0,600854,5.02,0.59
2007-05-24,12.9,12.21,12.9,11.92,303638.0,375896000.0,600854,-1.13,-0.14
2007-05-25,12.2,11.86,12.4,11.8,180055.0,216176992.0,600854,-2.87,-0.35
2007-05-28,11.8,11.77,12.13,11.5,197866.0,233225392.0,600854,-0.76,-0.09
2007-05-29,11.7,11.62,11.94,11.4,196676.0,228030096.0,600854,-1.27,-0.15
2007-05-30,11.04,11.04,11.36,11.04,106143.0,117626128.0,600854,-4.99,-0.58
2007-05-31,10.49,10.49,10.49,10.49,19007.0,19938344.0,600854,-4.98,-0.55
2007-06-01,9.97,9.97,10.3,9.97,157592.0,158003328.0,600854,-4.96,-0.52
2007-06-04,9.47,9.47,9.47,9.47,18821.0,17823488.0,600854,-5.02,-0.5
2007-06-05,9.0,9.0,9.0,9.0,7266.0,6539400.0,600854,-4.96,-0.47
2007-06-06,8.55,8.7,9.29,8.55,342771.0,299843872.0,600854,-3.33,-0.3
2007-06-07,8.49,8.45,8.68,8.27,244508.0,205138992.0,600854,-2.87,-0.25
2007-06-08,8.58,8.87,8.87,8.51,191032.0,168484528.0,600854,4.97,0.42
2007-06-11,9.23,8.59,9.23,8.43,172715.0,151418848.0,600854,-3.16,-0.28
2007-06-12,8.48,8.16,8.49,8.16,188551.0,154692496.0,600854,-5.01,-0.43
2007-06-13,8.28,8.57,8.57,8.17,107227.0,91394040.0,600854,5.02,0.41
2007-06-14,8.95,8.95,9.0,8.58,240132.0,213833600.0,600854,4.43,0.38
2007-06-15,8.72,8.54,8.88,8.5,133911.0,115628808.0,600854,-4.58,-0.41
2007-06-18,8.59,8.97,8.97,8.56,212997.0,188256432.0,600854,5.04,0.43
2007-06-19,8.95,8.85,9.16,8.6,142811.0,127036224.0,600854,-1.34,-0.12
2007-06-20,8.78,8.41,8.97,8.41,145598.0,125975112.0,600854,-4.97,-0.44
2007-06-21,8.24,8.11,8.39,7.99,177043.0,142724944.0,600854,-3.57,-0.3
2007-06-22,8.1,7.7,8.1,7.7,72493.0,56505548.0,600854,-5.06,-0.41
2007-06-25,7.37,7.32,7.45,7.32,23367.0,17146128.0,600854,-4.94,-0.38
2007-06-26,6.95,6.95,6.95,6.95,15225.0,10581375.0,600854,-5.05,-0.37
2007-06-27,6.8,6.97,7.18,6.8,136461.0,95050672.0,600854,0.29,0.02
2007-06-28,6.94,6.62,7.15,6.62,110848.0,77184320.0,600854,-5.02,-0.35
2007-06-29,6.3,6.29,6.56,6.29,106220.0,66992888.0,600854,-4.98,-0.33
2007-07-02,6.12,6.05,6.28,5.98,101340.0,60792744.0,600854,-3.82,-0.24
2007-07-03,6.13,6.35,6.35,5.9,128401.0,79014304.0,600854,4.96,0.3
2007-07-04,6.25,6.33,6.51,6.17,100837.0,63935824.0,600854,-0.31,-0.02
2007-07-05,6.25,6.01,6.35,6.01,55055.0,33671528.0,600854,-5.06,-0.32
2007-07-06,5.92,6.26,6.31,5.71,67908.0,41018496.0,600854,4.16,0.25
2007-07-09,6.28,6.57,6.57,6.25,92289.0,59609180.0,600854,4.95,0.31
2007-07-10,6.78,6.6,6.9,6.56,189860.0,127744432.0,600854,0.46,0.03
2007-07-11,6.46,6.64,6.66,6.3,42024.0,27475884.0,600854,0.61,0.04
2007-07-12,6.64,6.44,6.66,6.41,45926.0,29828478.0,600854,-3.01,-0.2
2007-07-13,6.5,6.26,6.51,6.12,68058.0,42227840.0,600854,-2.8,-0.18
2007-07-16,6.27,5.96,6.27,5.95,32901.0,19947744.0,600854,-4.79,-0.3
2007-07-17,5.94,6.22,6.25,5.94,35983.0,21993568.0,600854,4.36,0.26
2007-07-18,6.21,6.5,6.5,6.1,55963.0,35307936.0,600854,4.5,0.28
2007-07-19,6.68,6.71,6.78,6.5,235991.0,157209088.0,600854,3.23,0.21
2007-07-20,6.66,6.79,6.86,6.6,166735.0,112298096.0,600854,1.19,0.08
2007-07-23,6.8,6.9,6.94,6.66,138359.0,94199080.0,600854,1.62,0.11
2007-07-24,6.91,6.75,6.95,6.7,153149.0,104439376.0,600854,-2.17,-0.15
2007-07-25,6.71,6.75,6.81,6.66,106421.0,71700592.0,600854,0.0,0.0
2007-07-26,6.78,7.09,7.09,6.72,153838.0,107091984.0,600854,5.04,0.34
2007-07-27,7.0,7.14,7.25,6.91,128980.0,91579392.0,600854,0.71,0.05
2007-07-30,7.09,7.21,7.38,7.03,123249.0,89238176.0,600854,0.98,0.07
2007-07-31,7.21,7.23,7.38,7.02,114792.0,82459328.0,600854,0.28,0.02
2007-08-01,7.24,6.87,7.56,6.87,160693.0,115768464.0,600854,-4.98,-0.36
2007-08-02,6.81,6.86,6.99,6.57,133544.0,90907896.0,600854,-0.15,-0.01
2007-08-03,6.87,6.86,6.93,6.66,112760.0,76527696.0,600854,0.0,0.0
2007-08-06,6.86,6.98,7.05,6.79,105342.0,72987464.0,600854,1.75,0.12
2007-08-07,7.01,7.02,7.24,6.9,116254.0,82121920.0,600854,0.57,0.04
2007-08-08,6.99,7.37,7.37,6.9,160554.0,115301416.0,600854,4.99,0.35
2007-08-09,7.37,7.29,7.5,7.24,113113.0,83217488.0,600854,-1.09,-0.08
2007-08-10,7.3,6.95,7.3,6.93,119152.0,83832336.0,600854,-4.66,-0.34
2007-08-13,6.81,7.06,7.08,6.7,110885.0,76036160.0,600854,1.58,0.11
2007-08-14,7.07,7.22,7.3,6.9,85909.0,61493416.0,600854,2.27,0.16
2007-08-15,7.24,6.96,7.26,6.86,103952.0,72730536.0,600854,-3.6,-0.26
2007-08-16,6.9,7.07,7.15,6.78,79041.0,55177556.0,600854,1.58,0.11
2007-08-17,7.0,7.2,7.37,6.97,118961.0,85467928.0,600854,1.84,0.13
2007-08-20,7.32,7.56,7.56,7.15,139288.0,103028088.0,600854,5.0,0.36
2007-08-21,7.65,7.94,7.94,7.35,190318.0,146786624.0,600854,5.03,0.38
2007-08-22,7.95,7.97,8.32,7.75,223970.0,181688144.0,600854,0.38,0.03
2007-08-23,8.02,8.13,8.18,7.86,110814.0,88895064.0,600854,2.01,0.16
2007-08-24,8.15,8.14,8.3,8.01,105144.0,85761376.0,600854,0.12,0.01
2007-08-27,8.27,7.77,8.27,7.73,154993.0,121964040.0,600854,-4.55,-0.37
2007-08-28,7.68,7.59,7.9,7.57,114681.0,88480056.0,600854,-2.32,-0.18
2007-08-29,7.62,7.7,7.82,7.5,80568.0,61573872.0,600854,1.45,0.11
2007-08-30,7.69,8.09,8.09,7.67,138042.0,110155680.0,600854,5.06,0.39
2007-08-31,8.12,8.18,8.49,8.1,141200.0,117134136.0,600854,1.11,0.09
2007-09-03,8.19,8.59,8.59,8.18,213931.0,181376944.0,600854,5.01,0.41
2007-09-04,8.85,9.02,9.02,8.6,220253.0,195323136.0,600854,5.01,0.43
2007-09-05,9.22,9.04,9.47,9.0,346104.0,320964320.0,600854,0.22,0.02
2007-09-06,9.04,8.89,9.25,8.72,165168.0,148117296.0,600854,-1.66,-0.15
2007-09-07,8.79,8.99,9.33,8.45,197864.0,176991248.0,600854,1.12,0.1
2007-09-10,8.88,9.44,9.44,8.54,172081.0,157444016.0,600854,5.01,0.45
2007-09-11,9.63,9.33,9.91,9.04,268745.0,262841904.0,600854,-1.17,-0.11
2007-09-12,9.1,8.98,9.33,8.86,164209.0,147302320.0,600854,-3.75,-0.35
2007-09-13,8.88,8.79,8.99,8.56,128644.0,112195768.0,600854,-2.12,-0.19
2007-09-14,8.89,9.04,9.1,8.62,102208.0,90583824.0,600854,2.84,0.25
2007-09-17,9.0,8.99,9.18,8.8,100548.0,90499368.0,600854,-0.55,-0.05
2007-09-18,8.99,8.76,8.99,8.65,94963.0,83083912.0,600854,-2.56,-0.23
2007-09-19,8.77,8.67,8.96,8.61,76889.0,67453264.0,600854,-1.03,-0.09
2007-09-20,8.68,9.1,9.1,8.67,132268.0,118953032.0,600854,4.96,0.43
2007-09-21,9.3,8.8,9.37,8.65,95379.0,85279184.0,600854,-3.3,-0.3
2007-09-24,8.8,8.65,8.85,8.38,65463.0,56234412.0,600854,-1.7,-0.15
2007-09-25,8.66,8.37,8.73,8.25,91323.0,76829760.0,600854,-3.24,-0.28
2007-09-26,8.37,8.1,8.59,8.09,87619.0,71724360.0,600854,-3.23,-0.27
2007-09-27,8.09,8.15,8.24,7.88,60487.0,48691932.0,600854,0.62,0.05
2007-09-28,8.16,8.17,8.48,8.1,73042.0,60415984.0,600854,0.25,0.02
2007-10-08,8.3,8.41,8.54,8.19,78417.0,65459568.0,600854,2.94,0.24
2007-10-09,8.48,8.83,8.83,8.31,101955.0,88759456.0,600854,4.99,0.42
2007-10-10,8.9,8.46,8.92,8.39,72740.0,62913652.0,600854,-4.19,-0.37
2007-10-11,8.46,8.12,8.55,8.05,75209.0,61762600.0,600854,-4.02,-0.34
2007-10-12,8.02,7.71,8.05,7.71,128201.0,99649984.0,600854,-5.05,-0.41
2007-10-15,7.71,7.78,7.89,7.35,58642.0,44468892.0,600854,0.91,0.07
2007-10-16,7.77,7.82,7.85,7.48,64904.0,49769156.0,600854,0.51,0.04
2007-10-17,7.78,7.52,7.78,7.43,59965.0,45494616.0,600854,-3.84,-0.3
2007-10-18,7.45,7.37,7.61,7.22,60435.0,44526484.0,600854,-1.99,-0.15
2007-10-19,7.37,7.28,7.48,7.26,32014.0,23551688.0,600854,-1.22,-0.09
2007-10-22,7.16,6.92,7.28,6.92,46356.0,32838942.0,600854,-4.95,-0.36
2007-10-23,6.92,7.08,7.1,6.81,43542.0,30302728.0,600854,2.31,0.16
2007-10-24,7.19,6.89,7.19,6.86,40432.0,28433862.0,600854,-2.68,-0.19
2007-10-25,6.79,6.55,6.79,6.55,56359.0,37121124.0,600854,-4.93,-0.34
2007-10-26,6.23,6.22,6.32,6.22,63519.0,39567808.0,600854,-5.04,-0.33
2007-10-29,6.17,6.14,6.23,5.91,50557.0,30607788.0,600854,-1.29,-0.08
2007-10-30,6.24,6.36,6.44,6.15,35176.0,22214664.0,600854,3.58,0.22
2007-10-31,6.41,6.57,6.63,6.36,43304.0,28117492.0,600854,3.3,0.21
2007-11-01,6.63,6.29,6.63,6.28,40201.0,25807468.0,600854,-4.26,-0.28
2007-11-02,6.23,6.07,6.23,5.99,45454.0,27642208.0,600854,-3.5,-0.22
2007-11-05,6.07,6.37,6.37,6.01,34139.0,21570604.0,600854,4.94,0.3
2007-11-06,6.39,6.37,6.57,6.21,38205.0,24563396.0,600854,0.0,0.0
2007-11-07,6.39,6.46,6.49,6.21,32833.0,20957634.0,600854,1.41,0.09
2007-11-08,6.42,6.2,6.42,6.2,27831.0,17528768.0,600854,-4.02,-0.26
2007-11-09,6.16,6.19,6.32,6.15,27348.0,17025372.0,600854,-0.16,-0.01
2007-11-12,6.11,5.97,6.15,5.88,53064.0,31644716.0,600854,-3.55,-0.22
2007-11-13,6.05,6.1,6.15,5.99,33384.0,20253576.0,600854,2.18,0.13
2007-11-14,6.13,6.29,6.34,6.1,32883.0,20569024.0,600854,3.11,0.19
2007-11-15,6.25,6.6,6.6,6.21,63328.0,41152456.0,600854,4.93,0.31
2007-11-16,6.65,6.51,6.65,6.33,48756.0,31711626.0,600854,-1.36,-0.09
2007-11-19,6.56,6.62,6.68,6.45,38434.0,25309892.0,600854,1.69,0.11
2007-11-20,6.62,6.72,6.8,6.56,47451.0,31675068.0,600854,1.51,0.1
2007-11-21,6.72,6.48,6.72,6.46,38332.0,25178284.0,600854,-3.57,-0.24
2007-11-22,6.37,6.16,6.43,6.16,42640.0,26580764.0,600854,-4.94,-0.32
2007-11-23,6.08,6.25,6.28,5.9,28052.0,17085922.0,600854,1.46,0.09
2007-11-26,6.28,6.23,6.39,6.21,24581.0,15511930.0,600854,-0.32,-0.02
2007-11-27,6.1,6.27,6.3,6.1,22019.0,13657239.0,600854,0.64,0.04
2007-11-29,6.32,6.33,6.4,6.15,34481.0,21736568.0,600854,0.96,0.06
2007-11-30,6.34,6.2,6.38,6.17,28238.0,17733836.0,600854,-2.05,-0.13
2007-12-03,6.2,6.24,6.27,6.13,23411.0,14532469.0,600854,0.65,0.04
2007-12-04,6.36,6.3,6.37,6.25,24477.0,15441594.0,600854,0.96,0.06
2007-12-05,6.3,6.38,6.42,6.24,31269.0,19818656.0,600854,1.27,0.08
2007-12-06,6.38,6.41,6.45,6.32,21081.0,13450419.0,600854,0.47,0.03
2007-12-07,6.41,6.5,6.54,6.35,41375.0,26772640.0,600854,1.4,0.09
2007-12-10,6.44,6.59,6.63,6.41,49169.0,32147198.0,600854,1.38,0.09
2007-12-11,6.6,6.74,6.78,6.54,62042.0,41182040.0,600854,2.28,0.15
2007-12-12,6.72,6.68,6.74,6.6,58894.0,39217888.0,600854,-0.89,-0.06
2007-12-13,6.7,6.47,6.78,6.46,50014.0,33264998.0,600854,-3.14,-0.21
2007-12-14,6.42,6.6,6.64,6.38,41204.0,26692228.0,600854,2.01,0.13
2007-12-17,6.61,6.71,6.83,6.52,52126.0,34863576.0,600854,1.67,0.11
2007-12-18,6.69,6.68,6.8,6.6,45324.0,30384144.0,600854,-0.45,-0.03
2007-12-19,6.7,6.78,6.85,6.7,53356.0,36201916.0,600854,1.5,0.1
2007-12-20,6.79,6.93,6.97,6.73,62903.0,43272952.0,600854,2.21,0.15
2007-12-21,6.9,6.92,6.98,6.8,57921.0,39925420.0,600854,-0.14,-0.01
2007-12-24,7.03,7.07,7.17,6.96,73009.0,51571804.0,600854,2.17,0.15
2007-12-25,7.07,7.35,7.42,6.99,108503.0,79389896.0,600854,3.96,0.28
2007-12-26,7.32,7.44,7.65,7.28,90702.0,68126928.0,600854,1.22,0.09
2007-12-27,7.44,7.45,7.65,7.35,59024.0,44076040.0,600854,0.13,0.01
2007-12-28,7.45,7.34,7.49,7.28,53006.0,39021592.0,600854,-1.48,-0.11
2008-01-02,7.34,7.71,7.71,7.26,85240.0,64583416.0,600854,5.04,0.37
2008-01-03,7.75,7.78,7.86,7.62,53051.0,41188736.0,600854,0.91,0.07
2008-01-04,7.78,7.69,7.79,7.51,55232.0,42240824.0,600854,-1.16,-0.09
2008-01-07,7.61,7.84,7.88,7.58,60895.0,47153440.0,600854,1.95,0.15
2008-01-08,7.83,7.51,7.96,7.45,83180.0,63973328.0,600854,-4.21,-0.33
2008-01-09,7.48,7.66,7.69,7.47,50231.0,38158636.0,600854,2.0,0.15
2008-01-10,7.67,7.68,7.8,7.61,55381.0,42721800.0,600854,0.26,0.02
2008-01-11,7.75,7.6,7.75,7.39,53770.0,40556884.0,600854,-1.04,-0.08
2008-01-14,7.61,7.85,7.88,7.48,84229.0,65046776.0,600854,3.29,0.25
2008-01-15,7.88,8.03,8.17,7.75,100078.0,80196656.0,600854,2.29,0.18
2008-01-16,7.99,7.84,8.08,7.79,65780.0,52017288.0,600854,-2.37,-0.19
2008-01-17,7.8,7.55,7.92,7.45,73239.0,55848280.0,600854,-3.7,-0.29
2008-01-18,7.17,7.17,7.17,7.17,16423.0,11775291.0,600854,-5.03,-0.38
2008-01-21,6.81,6.81,6.81,6.81,11100.0,7559100.0,600854,-5.02,-0.36
2008-01-22,6.47,6.47,6.47,6.47,2522.0,1631734.0,600854,-4.99,-0.34
2008-01-23,6.15,6.15,6.15,6.15,113129.0,69574336.0,600854,-4.95,-0.32
2008-01-24,6.24,6.46,6.46,6.24,304139.0,195403088.0,600854,5.04,0.31
2008-01-25,6.6,6.26,6.68,6.23,267035.0,171886544.0,600854,-3.1,-0.2
2008-01-28,6.07,5.95,6.2,5.95,162997.0,97585904.0,600854,-4.95,-0.31
2008-01-29,5.85,5.98,5.99,5.65,105457.0,60878388.0,600854,0.5,0.03
2008-01-30,5.96,5.98,6.17,5.78,85121.0,50864712.0,600854,0.0,0.0
2008-01-31,5.97,5.68,5.99,5.68,70330.0,40846332.0,600854,-5.02,-0.3
2008-02-01,5.65,5.4,5.74,5.4,94782.0,51433884.0,600854,-4.93,-0.28
2008-02-04,5.49,5.67,5.67,5.42,100983.0,56668440.0,600854,5.0,0.27
2008-02-05,5.67,5.74,5.81,5.57,62725.0,35803708.0,600854,1.23,0.07
2008-02-13,5.68,5.94,6.03,5.56,89915.0,52580960.0,600854,3.48,0.2
2008-02-14,5.97,5.96,6.06,5.82,57895.0,34540556.0,600854,0.34,0.02
2008-02-15,5.91,5.88,6.02,5.8,49456.0,29186872.0,600854,-1.34,-0.08
2008-02-18,5.91,6.0,6.05,5.88,55611.0,33280544.0,600854,2.04,0.12
2008-02-19,6.04,6.17,6.29,5.97,89685.0,54676612.0,600854,2.83,0.17
2008-02-20,6.18,5.98,6.18,5.97,63719.0,38520864.0,600854,-3.08,-0.19
2008-02-21,6.0,6.06,6.1,5.9,49012.0,29507256.0,600854,1.34,0.08
2008-02-22,6.06,5.92,6.08,5.8,64090.0,37869240.0,600854,-2.31,-0.14
2008-02-25,5.94,5.64,6.0,5.63,45426.0,26251306.0,600854,-4.73,-0.28
2008-02-26,5.79,5.77,5.85,5.61,38509.0,22063118.0,600854,2.3,0.13
2008-02-27,5.82,5.98,5.99,5.72,38497.0,22723176.0,600854,3.64,0.21
2008-02-28,6.0,5.97,6.04,5.88,40365.0,24001452.0,600854,-0.17,-0.01
2008-02-29,5.95,6.27,6.27,5.92,143448.0,89192360.0,600854,5.03,0.3
2008-03-03,6.28,6.3,6.37,6.11,90472.0,56544848.0,600854,0.48,0.03
2008-03-04,6.26,6.19,6.29,6.12,73283.0,45413052.0,600854,-1.75,-0.11
2008-03-05,6.17,6.3,6.4,6.12,66295.0,41455504.0,600854,1.78,0.11
2008-03-06,6.32,6.33,6.53,6.26,73211.0,46737504.0,600854,0.48,0.03
2008-03-07,6.32,6.16,6.32,6.09,45644.0,28200292.0,600854,-2.69,-0.17
2008-03-10,6.1,5.99,6.1,5.95,51075.0,30773926.0,600854,-2.76,-0.17
2008-03-11,5.92,6.29,6.29,5.91,87927.0,54573280.0,600854,5.01,0.3
2008-03-12,6.34,6.14,6.37,6.12,40355.0,25206028.0,600854,-2.38,-0.15
2008-03-13,6.15,6.01,6.19,5.9,50977.0,30940990.0,600854,-2.12,-0.13
2008-03-14,6.0,6.23,6.3,5.96,55549.0,34194052.0,600854,3.66,0.22
2008-03-17,6.32,6.54,6.54,6.32,83931.0,54729336.0,600854,4.98,0.31
2008-03-18,6.22,6.21,6.53,6.21,124449.0,77738296.0,600854,-5.05,-0.33
2008-03-19,5.91,6.05,6.24,5.9,151434.0,90719024.0,600854,-2.58,-0.16
2008-03-20,5.95,5.97,6.1,5.75,112526.0,65907176.0,600854,-1.32,-0.08
2008-03-21,5.98,6.14,6.27,5.91,99825.0,61629616.0,600854,2.85,0.17
2008-03-24,6.15,6.41,6.45,6.0,205536.0,131051104.0,600854,4.4,0.27
2008-03-25,6.29,6.48,6.73,6.21,195751.0,128665608.0,600854,1.09,0.07
2008-03-26,6.48,6.39,6.59,6.24,102310.0,65432992.0,600854,-1.39,-0.09
2008-03-27,6.39,6.09,6.39,6.07,87575.0,54510384.0,600854,-4.69,-0.3
2008-03-28,6.01,6.04,6.16,5.79,105667.0,62486436.0,600854,-0.82,-0.05
2008-03-31,5.93,5.74,5.97,5.74,61878.0,36115320.0,600854,-4.97,-0.3
2008-04-01,5.54,5.45,5.74,5.45,56491.0,30954560.0,600854,-5.05,-0.29
2008-04-02,5.23,5.18,5.39,5.18,84287.0,43880052.0,600854,-4.95,-0.27
2008-04-03,4.99,4.93,5.12,4.92,77721.0,38506024.0,600854,-4.83,-0.25
2008-04-07,5.1,5.18,5.18,4.93,41051.0,21161072.0,600854,5.07,0.25
2008-04-08,5.26,5.44,5.44,5.18,82963.0,44693884.0,600854,5.02,0.26
2008-04-09,5.52,5.67,5.71,5.46,120646.0,68446736.0,600854,4.23,0.23
2008-04-10,5.65,5.56,5.85,5.39,72474.0,40587148.0,600854,-1.94,-0.11
2008-04-11,5.67,5.67,5.69,5.54,40040.0,22511400.0,600854,1.98,0.11
2008-04-14,5.7,5.9,5.95,5.6,156898.0,92985744.0,600854,4.06,0.23
2008-04-15,5.89,5.96,6.17,5.76,86258.0,51719600.0,600854,1.02,0.06
2008-04-16,5.81,5.66,6.11,5.66,58248.0,33715008.0,600854,-5.03,-0.3
2008-04-17,5.4,5.38,5.57,5.38,48995.0,26616348.0,600854,-4.95,-0.28
2008-04-18,5.21,5.11,5.24,5.11,78337.0,40162832.0,600854,-5.02,-0.27
2008-04-21,5.21,5.35,5.36,4.86,56228.0,28741420.0,600854,4.7,0.24
2008-04-22,5.35,5.59,5.62,5.2,92121.0,51064792.0,600854,4.49,0.24
2008-04-23,5.5,5.54,5.7,5.37,56048.0,30978188.0,600854,-0.89,-0.05
2008-04-24,5.77,5.82,5.82,5.61,125807.0,72130632.0,600854,5.05,0.28
2008-04-25,5.76,5.9,6.05,5.63,104608.0,61440148.0,600854,1.37,0.08
2008-04-28,6.08,6.2,6.2,6.01,108576.0,67045472.0,600854,5.08,0.3
2008-04-29,6.51,6.51,6.51,6.42,174053.0,113265984.0,600854,5.0,0.31
2009-11-13,11.6,9.7,11.6,9.6,941193.0,969986432.0,600854,49.0,3.19
2009-11-16,9.46,9.53,9.95,9.29,539651.0,514426048.0,600854,-1.75,-0.17
2009-11-17,9.4,9.7,9.72,9.25,403947.0,383323008.0,600854,1.78,0.17
2009-11-18,9.61,9.68,9.95,9.55,266382.0,259034912.0,600854,-0.21,-0.02
2009-11-19,9.75,10.16,10.16,9.68,225625.0,226991728.0,600854,4.96,0.48
2009-11-20,10.67,10.17,10.67,10.14,546812.0,574327424.0,600854,0.1,0.01
2009-11-23,10.0,10.02,10.15,9.86,240624.0,239796560.0,600854,-1.47,-0.15
2009-11-24,9.99,9.52,10.34,9.52,261209.0,257923904.0,600854,-4.99,-0.5
2009-11-25,9.44,9.48,9.59,9.11,190916.0,178737632.0,600854,-0.42,-0.04
2009-11-26,9.45,9.01,9.55,9.01,229487.0,210150816.0,600854,-4.96,-0.47
2009-11-27,8.79,8.57,8.81,8.56,163255.0,141029824.0,600854,-4.88,-0.44
2009-11-30,8.63,8.82,8.87,8.58,125561.0,109607136.0,600854,2.92,0.25
2009-12-01,8.82,8.92,8.97,8.75,109927.0,97485744.0,600854,1.13,0.1
2009-12-02,8.97,9.1,9.32,8.92,137179.0,125512240.0,600854,2.02,0.18
2009-12-03,9.08,8.93,9.1,8.8,129286.0,115365176.0,600854,-1.87,-0.17
2009-12-04,8.89,8.74,9.15,8.55,130365.0,115929344.0,600854,-2.13,-0.19
2009-12-07,8.66,8.78,8.81,8.59,93402.0,81443808.0,600854,0.46,0.04
2009-12-08,8.81,9.03,9.19,8.74,145627.0,130945416.0,600854,2.85,0.25
2009-12-09,8.9,8.78,9.02,8.68,94744.0,83667880.0,600854,-2.77,-0.25
2009-12-10,8.83,8.9,9.15,8.8,100087.0,89807536.0,600854,1.37,0.12
2009-12-11,8.85,8.89,9.05,8.8,65794.0,58603856.0,600854,-0.11,-0.01
2009-12-14,8.85,8.63,8.85,8.45,84729.0,72621536.0,600854,-2.92,-0.26
2009-12-15,8.63,8.67,8.79,8.61,64452.0,56048240.0,600854,0.46,0.04
2009-12-16,8.62,8.57,8.72,8.52,58623.0,50411308.0,600854,-1.15,-0.1
2009-12-17,8.58,8.14,8.6,8.14,88017.0,73227280.0,600854,-5.02,-0.43
2009-12-18,8.04,7.75,8.1,7.73,94419.0,74167896.0,600854,-4.79,-0.39
2009-12-21,7.75,7.91,7.95,7.67,54077.0,42184536.0,600854,2.06,0.16
2009-12-22,7.9,7.52,7.9,7.51,58406.0,44728560.0,600854,-4.93,-0.39
2009-12-23,7.52,7.65,7.7,7.38,66578.0,50197040.0,600854,1.73,0.13
2009-12-24,7.64,8.03,8.03,7.62,87872.0,69466056.0,600854,4.97,0.38
2009-12-25,8.1,7.88,8.17,7.85,88988.0,71014288.0,600854,-1.87,-0.15
2009-12-28,7.91,8.08,8.08,7.87,70379.0,56309132.0,600854,2.54,0.2
2009-12-29,8.05,8.02,8.17,7.9,53641.0,43039568.0,600854,-0.74,-0.06
2009-12-30,8.04,7.92,8.1,7.82,53435.0,42432424.0,600854,-1.25,-0.1
2009-12-31,7.9,7.98,8.0,7.9,43571.0,34667724.0,600854,0.76,0.06
2010-01-04,8.02,8.01,8.08,7.93,49768.0,39812880.0,600854,0.38,0.03
2010-01-05,8.02,8.03,8.08,7.9,55743.0,44578180.0,600854,0.25,0.02
2010-01-06,8.03,8.21,8.3,7.97,101079.0,82566584.0,600854,2.24,0.18
2010-01-07,8.13,7.86,8.22,7.81,79433.0,63762864.0,600854,-4.26,-0.35
2010-01-08,7.83,7.93,7.94,7.71,58026.0,45293288.0,600854,0.89,0.07
2010-01-11,7.96,7.87,8.03,7.83,47915.0,37776816.0,600854,-0.76,-0.06
2010-01-12,7.84,7.99,8.02,7.82,47732.0,37944616.0,600854,1.52,0.12
2010-01-13,8.0,8.24,8.38,7.95,154850.0,127308096.0,600854,3.13,0.25
2010-01-14,8.14,8.36,8.47,8.14,116011.0,96919400.0,600854,1.46,0.12
2010-01-15,8.31,8.7,8.78,8.31,160603.0,137656896.0,600854,4.07,0.34
2010-01-18,8.65,8.74,8.9,8.62,122313.0,107252320.0,600854,0.46,0.04
2010-01-19,8.78,8.87,8.94,8.63,107607.0,94489960.0,600854,1.49,0.13
2010-01-20,8.86,8.6,8.93,8.49,120105.0,104909384.0,600854,-3.04,-0.27
2010-01-21,8.6,9.03,9.03,8.49,146329.0,128598560.0,600854,5.0,0.43
2010-01-22,8.96,9.1,9.36,8.85,186685.0,170416128.0,600854,0.78,0.07
2010-01-25,9.06,8.79,9.17,8.75,74413.0,66140152.0,600854,-3.41,-0.31
2010-01-26,8.7,8.54,8.79,8.45,72864.0,62220776.0,600854,-2.84,-0.25
2010-01-27,8.5,8.5,8.69,8.4,50099.0,42950596.0,600854,-0.47,-0.04
2010-01-29,8.55,8.71,8.93,8.55,86686.0,76314736.0,600854,2.47,0.21
2010-02-01,8.67,8.79,8.96,8.65,88793.0,78287328.0,600854,0.92,0.08
2010-02-02,8.9,8.57,8.96,8.54,55186.0,48294212.0,600854,-2.5,-0.22
2010-02-03,8.52,8.47,8.64,8.14,85394.0,70722376.0,600854,-1.17,-0.1
2010-02-04,8.35,8.41,8.49,8.22,48697.0,40786288.0,600854,-0.71,-0.06
2010-02-05,8.28,8.05,8.28,7.99,70452.0,57235792.0,600854,-4.28,-0.36
2010-02-08,8.05,8.1,8.13,7.98,23732.0,19144494.0,600854,0.62,0.05
2010-02-09,8.1,8.06,8.17,8.02,20018.0,16169968.0,600854,-0.49,-0.04
2010-02-10,8.13,8.04,8.14,7.93,32305.0,25887812.0,600854,-0.25,-0.02
2010-02-11,8.05,8.02,8.1,8.0,28744.0,23116472.0,600854,-0.25,-0.02
2010-02-12,8.05,8.16,8.18,8.01,29321.0,23764400.0,600854,1.75,0.14
2010-02-22,8.12,8.06,8.16,8.03,28464.0,23032598.0,600854,-1.23,-0.1
2010-02-23,8.05,8.25,8.26,7.97,38735.0,31422400.0,600854,2.36,0.19
2010-02-24,8.26,8.35,8.36,8.2,42668.0,35330828.0,600854,1.21,0.1
2010-02-25,8.36,8.76,8.77,8.31,130667.0,113594432.0,600854,4.91,0.41
2010-02-26,8.69,8.69,8.8,8.62,53408.0,46446440.0,600854,-0.8,-0.07
2010-03-01,8.71,8.67,8.78,8.62,66647.0,57890968.0,600854,-0.23,-0.02
2010-03-02,8.72,8.73,8.86,8.66,60099.0,52598588.0,600854,0.69,0.06
2010-03-03,8.75,9.0,9.16,8.73,118936.0,106590264.0,600854,3.09,0.27
2010-03-04,9.02,8.63,9.09,8.56,93540.0,82711552.0,600854,-4.11,-0.37
2010-03-05,8.7,8.67,8.75,8.55,44076.0,38090904.0,600854,0.46,0.04
2010-03-08,8.66,9.08,9.09,8.62,79850.0,71082936.0,600854,4.73,0.41
2010-03-09,9.13,8.94,9.13,8.84,90664.0,81290544.0,600854,-1.54,-0.14
2010-03-10,8.9,9.05,9.07,8.73,73938.0,66031380.0,600854,1.23,0.11
2010-03-11,9.07,8.95,9.11,8.82,55077.0,49227760.0,600854,-1.1,-0.1
2010-03-12,8.9,8.64,8.94,8.6,61541.0,53649128.0,600854,-3.46,-0.31
2010-03-15,8.6,8.48,8.68,8.4,28269.0,24063222.0,600854,-1.85,-0.16
2010-03-16,8.48,8.49,8.53,8.41,25788.0,21815248.0,600854,0.12,0.01
2010-03-17,8.51,8.71,8.73,8.51,42939.0,37251728.0,600854,2.59,0.22
2010-03-18,8.72,8.7,8.89,8.68,54386.0,47671568.0,600854,-0.11,-0.01
2010-03-19,8.79,8.95,8.98,8.69,84923.0,75136848.0,600854,2.87,0.25
2010-03-22,8.98,9.0,9.02,8.86,70573.0,63156320.0,600854,0.56,0.05
2010-03-23,9.03,8.94,9.06,8.93,58881.0,52978592.0,600854,-0.67,-0.06
2010-03-24,8.95,8.89,9.01,8.82,48457.0,43146564.0,600854,-0.56,-0.05
2010-03-25,8.88,9.19,9.33,8.82,136589.0,123992368.0,600854,3.37,0.3
2010-03-26,8.9,8.78,8.97,8.73,127360.0,112477072.0,600854,-4.46,-0.41
2010-03-29,8.8,8.68,8.86,8.61,71205.0,62031560.0,600854,-1.14,-0.1
2010-03-30,8.69,8.77,8.9,8.69,55173.0,48546000.0,600854,1.04,0.09
2010-03-31,8.77,8.71,8.82,8.68,46943.0,40991612.0,600854,-0.68,-0.06
2010-04-01,8.68,8.79,8.83,8.67,73396.0,64226924.0,600854,0.92,0.08
2010-04-02,8.8,8.89,8.95,8.74,70658.0,62414496.0,600854,1.14,0.1
2010-04-06,8.92,8.92,8.96,8.82,62855.0,55903912.0,600854,0.34,0.03
2010-04-07,8.93,9.0,9.15,8.88,85703.0,77322400.0,600854,0.9,0.08
2010-04-08,8.93,8.84,8.99,8.78,74210.0,65877120.0,600854,-1.78,-0.16
2010-04-09,8.8,8.85,8.87,8.66,60374.0,52999536.0,600854,0.11,0.01
2010-04-12,8.86,8.72,8.86,8.71,59883.0,52411328.0,600854,-1.47,-0.13
2010-04-13,8.73,8.46,8.79,8.3,86474.0,73956968.0,600854,-2.98,-0.26
2010-04-14,8.46,8.55,8.57,8.4,41642.0,35360292.0,600854,1.06,0.09
2010-04-15,8.53,8.37,8.59,8.31,57447.0,48307476.0,600854,-2.11,-0.18
2010-04-16,8.37,8.4,8.46,8.24,34599.0,28930720.0,600854,0.36,0.03
2010-04-19,8.38,8.08,8.4,8.02,47737.0,39411336.0,600854,-3.81,-0.32
2010-04-20,8.05,7.91,8.15,7.87,54289.0,43186504.0,600854,-2.1,-0.17
2010-04-21,8.0,8.08,8.18,7.9,56404.0,45446000.0,600854,2.15,0.17
2010-04-23,8.02,7.85,8.04,7.8,71278.0,56511272.0,600854,-2.85,-0.23
2010-04-26,7.79,7.71,7.88,7.66,39533.0,30503860.0,600854,-1.78,-0.14
2010-04-27,7.73,7.66,7.9,7.51,50081.0,38681356.0,600854,-0.65,-0.05
2010-04-28,7.63,7.67,7.72,7.53,28218.0,21529652.0,600854,0.13,0.01
2010-04-29,7.74,7.65,7.82,7.62,27196.0,20970408.0,600854,-0.26,-0.02
2010-04-30,7.69,7.36,7.69,7.27,42172.0,31122318.0,600854,-3.79,-0.29
2010-05-04,7.16,7.18,7.33,7.05,32495.0,23359248.0,600854,-2.45,-0.18
2010-05-05,7.14,7.26,7.29,7.0,35648.0,25498422.0,600854,1.11,0.08
2010-05-06,7.29,7.06,7.37,7.05,37383.0,27095156.0,600854,-2.75,-0.2
2010-05-07,6.89,6.84,7.1,6.75,39709.0,27491028.0,600854,-3.12,-0.22
2010-05-10,6.93,6.9,6.95,6.72,25136.0,17260776.0,600854,0.88,0.06
2010-05-11,7.05,6.7,7.08,6.65,34459.0,23616232.0,600854,-2.9,-0.2
2010-05-12,6.65,6.67,6.77,6.48,24918.0,16510048.0,600854,-0.45,-0.03
2010-05-13,6.66,6.76,6.82,6.52,23703.0,15864726.0,600854,1.35,0.09
2010-05-14,6.73,6.82,6.86,6.7,21455.0,14597697.0,600854,0.89,0.06
2010-05-17,6.79,6.48,6.79,6.48,27231.0,17844412.0,600854,-4.99,-0.34
2010-05-18,6.38,6.2,6.4,6.16,48781.0,30272228.0,600854,-4.32,-0.28
2010-05-19,6.17,6.11,6.25,6.04,27170.0,16698317.0,600854,-1.45,-0.09
2010-05-20,6.05,5.89,6.18,5.86,28407.0,17127312.0,600854,-3.6,-0.22
2010-05-21,5.6,5.77,5.82,5.6,72051.0,40857528.0,600854,-2.04,-0.12
2010-05-24,5.78,6.06,6.06,5.78,55112.0,32957652.0,600854,5.03,0.29
2010-05-25,6.0,5.93,6.04,5.79,53719.0,31809584.0,600854,-2.15,-0.13
2010-05-26,5.9,6.07,6.09,5.86,39478.0,23626928.0,600854,2.36,0.14
2010-05-27,6.04,6.11,6.18,5.94,43795.0,26580170.0,600854,0.66,0.04
2010-05-28,6.15,6.14,6.23,6.08,40456.0,24900680.0,600854,0.49,0.03
2010-05-31,6.14,5.84,6.16,5.83,33441.0,20159084.0,600854,-4.89,-0.3
2010-06-01,5.85,5.93,6.0,5.73,44195.0,25942396.0,600854,1.54,0.09
2010-06-02,5.85,6.23,6.23,5.85,93772.0,58118192.0,600854,5.06,0.3
2010-06-03,6.3,6.14,6.3,6.11,66251.0,41059600.0,600854,-1.44,-0.09
2010-06-04,6.0,6.1,6.13,6.0,34371.0,20869720.0,600854,-0.65,-0.04
2010-06-07,6.04,6.41,6.41,6.0,59774.0,38023216.0,600854,5.08,0.31
2010-06-08,6.66,6.43,6.66,6.35,96945.0,63160952.0,600854,0.31,0.02
2010-06-09,6.42,6.75,6.75,6.42,28242.0,18945760.0,600854,4.98,0.32
2010-06-10,6.85,6.99,7.09,6.76,134497.0,93462160.0,600854,3.56,0.24
2010-06-11,6.96,7.17,7.31,6.82,84807.0,59727608.0,600854,2.58,0.18
2010-06-17,7.18,6.97,7.22,6.9,55708.0,39474604.0,600854,-2.79,-0.2
2010-06-18,6.9,6.62,6.96,6.62,54268.0,36547620.0,600854,-5.02,-0.35
2010-06-21,6.59,6.74,6.79,6.43,31809.0,21170364.0,600854,1.81,0.12
2010-06-22,6.72,6.9,7.08,6.72,34048.0,23652916.0,600854,2.37,0.16
2010-06-23,6.85,6.77,6.95,6.69,24018.0,16369819.0,600854,-1.88,-0.13
2010-06-24,6.77,6.79,6.97,6.74,27622.0,18932798.0,600854,0.3,0.02
2010-06-25,6.79,6.62,6.79,6.58,27143.0,18090050.0,600854,-2.5,-0.17
2010-06-28,6.6,6.5,6.7,6.5,17162.0,11278509.0,600854,-1.81,-0.12
2010-06-29,6.51,6.18,6.58,6.18,30571.0,19180286.0,600854,-4.92,-0.32
2010-06-30,6.02,5.87,6.17,5.87,39604.0,23473756.0,600854,-5.02,-0.31
2010-07-01,5.91,5.9,6.09,5.87,21409.0,12765343.0,600854,0.51,0.03
2010-07-02,5.94,6.02,6.03,5.61,30629.0,18038374.0,600854,2.03,0.12
2010-07-05,5.98,5.99,6.0,5.85,14015.0,8323073.0,600854,-0.5,-0.03
2010-07-06,6.0,6.13,6.14,5.98,20384.0,12439622.0,600854,2.34,0.14
2010-07-07,6.12,6.25,6.32,6.08,21518.0,13371810.0,600854,1.96,0.12
2010-07-08,6.29,6.15,6.36,6.09,24458.0,15174947.0,600854,-1.6,-0.1
2010-07-09,6.19,6.29,6.3,6.08,27792.0,17348696.0,600854,2.28,0.14
2010-07-12,6.26,6.31,6.38,6.24,27745.0,17520032.0,600854,0.32,0.02
2010-07-13,6.28,6.19,6.3,6.08,22507.0,13904978.0,600854,-1.9,-0.12
2010-07-14,6.19,6.21,6.32,6.18,18524.0,11580804.0,600854,0.32,0.02
2010-07-15,6.19,6.08,6.25,6.08,21562.0,13252178.0,600854,-2.09,-0.13
2010-07-16,6.09,6.03,6.11,5.91,19422.0,11664075.0,600854,-0.82,-0.05
2010-07-19,6.01,6.16,6.18,6.0,23749.0,14557458.0,600854,2.16,0.13
2010-07-20,6.16,6.27,6.34,6.16,51675.0,32214552.0,600854,1.79,0.11
2010-07-21,6.28,6.34,6.42,6.27,49262.0,31278316.0,600854,1.12,0.07
2010-07-22,6.33,6.36,6.42,6.28,32233.0,20472316.0,600854,0.32,0.02
2010-07-23,6.36,6.5,6.57,6.31,66206.0,42538512.0,600854,2.2,0.14
2010-07-26,6.53,6.5,6.54,6.39,38788.0,25073064.0,600854,0.0,0.0
2010-07-27,6.49,6.41,6.49,6.4,26850.0,17310712.0,600854,-1.38,-0.09
2010-07-28,6.39,6.54,6.57,6.36,47800.0,31037816.0,600854,2.03,0.13
2010-07-29,6.53,6.62,6.64,6.42,66618.0,43640568.0,600854,1.22,0.08
2010-07-30,6.63,6.55,6.63,6.49,36286.0,23813628.0,600854,-1.06,-0.07
2010-08-02,6.54,6.64,6.68,6.52,46583.0,30862954.0,600854,1.37,0.09
2010-08-03,6.67,6.61,6.77,6.6,52703.0,35161428.0,600854,-0.45,-0.03
2010-08-04,6.61,6.62,6.74,6.49,46129.0,30410708.0,600854,0.15,0.01
2010-08-05,6.63,6.5,6.66,6.46,52980.0,34702120.0,600854,-1.81,-0.12
2010-08-06,6.45,6.56,6.57,6.4,58847.0,38181156.0,600854,0.92,0.06
2010-08-09,6.55,6.68,6.69,6.53,59227.0,39125240.0,600854,1.83,0.12
2010-08-10,6.67,6.38,6.7,6.36,49743.0,32575852.0,600854,-4.49,-0.3
2010-08-11,6.42,6.4,6.48,6.3,35673.0,22787624.0,600854,0.31,0.02
2010-08-12,6.3,6.21,6.39,6.2,48075.0,30238412.0,600854,-2.97,-0.19
2010-08-13,6.2,6.3,6.32,6.19,31639.0,19794920.0,600854,1.45,0.09
2010-08-16,6.27,6.42,6.46,6.27,40648.0,25973360.0,600854,1.9,0.12
2010-08-17,6.42,6.51,6.52,6.41,47600.0,30802508.0,600854,1.4,0.09
2010-08-18,6.53,6.45,6.56,6.4,47255.0,30612962.0,600854,-0.92,-0.06
2010-08-19,6.47,6.77,6.77,6.42,107468.0,71983248.0,600854,4.96,0.32
2010-08-20,6.83,6.67,6.87,6.66,98176.0,66403248.0,600854,-1.48,-0.1
2010-08-23,6.55,6.47,6.63,6.41,90747.0,58845832.0,600854,-3.0,-0.2
2010-08-24,6.4,6.79,6.79,6.38,56056.0,37581316.0,600854,4.95,0.32
2010-08-25,6.93,6.73,7.07,6.71,109235.0,74900608.0,600854,-0.88,-0.06
2010-08-26,6.72,6.83,7.07,6.72,94868.0,65524920.0,600854,1.49,0.1
2010-08-27,6.81,6.73,6.83,6.58,57712.0,38539232.0,600854,-1.46,-0.1
2010-08-30,6.74,6.73,6.8,6.67,54555.0,36816684.0,600854,0.0,0.0
2010-08-31,6.75,6.82,6.92,6.69,58917.0,40092128.0,600854,1.34,0.09
2010-09-01,6.78,6.56,6.84,6.48,68702.0,45563416.0,600854,-3.81,-0.26
2010-09-02,6.62,6.55,6.68,6.5,58791.0,38589264.0,600854,-0.15,-0.01
2010-09-03,6.52,6.58,6.65,6.48,52269.0,34307704.0,600854,0.46,0.03
2010-09-06,6.57,6.67,6.74,6.55,61770.0,41196648.0,600854,1.37,0.09
2010-09-07,6.66,6.69,6.71,6.61,34263.0,22806332.0,600854,0.3,0.02
2010-09-08,6.66,6.75,6.85,6.65,55550.0,37373932.0,600854,0.9,0.06
2010-09-09,6.71,6.54,6.75,6.52,56408.0,37254752.0,600854,-3.11,-0.21
2010-09-10,6.52,6.37,6.56,6.23,61039.0,39063512.0,600854,-2.6,-0.17
2010-09-13,6.38,6.46,6.52,6.35,36078.0,23183164.0,600854,1.41,0.09
2010-09-14,6.46,6.43,6.49,6.39,30683.0,19750390.0,600854,-0.46,-0.03
2010-09-15,6.41,6.49,6.51,6.4,38698.0,24911662.0,600854,0.93,0.06
2010-09-16,6.49,6.26,6.49,6.23,40882.0,25884920.0,600854,-3.54,-0.23
2010-09-17,6.28,6.23,6.32,6.1,23623.0,14733884.0,600854,-0.48,-0.03
2010-09-20,6.21,6.15,6.27,6.13,24975.0,15429135.0,600854,-1.28,-0.08
2010-09-21,6.15,6.13,6.2,6.1,17775.0,10918062.0,600854,-0.33,-0.02
2010-09-27,6.13,6.25,6.26,6.11,29052.0,17995236.0,600854,1.96,0.12
2010-09-28,6.23,6.2,6.25,6.17,17706.0,10974310.0,600854,-0.8,-0.05
2010-09-29,6.24,6.25,6.48,6.23,46390.0,29505906.0,600854,0.81,0.05
2010-09-30,6.1,6.26,6.31,6.1,31113.0,19406270.0,600854,0.16,0.01
2010-10-08,6.26,6.39,6.41,6.26,36410.0,23111140.0,600854,2.08,0.13
2010-10-11,6.38,6.43,6.51,6.23,56501.0,36288008.0,600854,0.63,0.04
2010-10-12,6.4,6.43,6.46,6.37,37550.0,24088668.0,600854,0.0,0.0
2010-10-13,6.41,6.5,6.6,6.4,56473.0,36709776.0,600854,1.09,0.07
2010-10-14,6.51,6.33,6.56,6.33,45553.0,29228886.0,600854,-2.62,-0.17
2010-10-15,6.33,6.35,6.42,6.25,38225.0,24257984.0,600854,0.32,0.02
2010-10-18,6.3,6.12,6.4,6.07,70635.0,43592756.0,600854,-3.62,-0.23
2010-10-19,6.13,6.25,6.26,6.07,38233.0,23615792.0,600854,2.12,0.13
2010-10-20,6.11,6.19,6.25,6.09,41718.0,25761644.0,600854,-0.96,-0.06
2010-10-21,6.15,6.19,6.22,6.1,40812.0,25152486.0,600854,0.0,0.0
2010-10-22,6.21,6.29,6.31,6.14,46550.0,28984848.0,600854,1.62,0.1
2010-10-25,6.29,6.36,6.37,6.27,50131.0,31743410.0,600854,1.11,0.07
2010-10-26,6.37,6.43,6.46,6.3,58305.0,37100920.0,600854,1.1,0.07
2010-10-27,6.43,6.34,6.44,6.32,33725.0,21516452.0,600854,-1.4,-0.09
2010-10-28,6.36,6.48,6.55,6.31,78268.0,50467920.0,600854,2.21,0.14
2010-10-29,6.43,6.36,6.47,6.32,55030.0,35054776.0,600854,-1.85,-0.12
2010-11-01,6.4,6.38,6.4,6.32,54603.0,34730328.0,600854,0.31,0.02
2010-11-02,6.38,6.5,6.54,6.31,104845.0,67297088.0,600854,1.88,0.12
2010-11-03,6.46,6.41,6.6,6.41,75727.0,49215560.0,600854,-1.38,-0.09
2010-11-04,6.42,6.47,6.49,6.38,65874.0,42430064.0,600854,0.94,0.06
2010-11-05,6.5,6.52,6.54,6.44,77842.0,50546612.0,600854,0.77,0.05
2010-11-08,6.52,6.69,6.8,6.5,121709.0,81022008.0,600854,2.61,0.17
2010-11-09,6.67,6.71,6.72,6.61,93166.0,61990192.0,600854,0.3,0.02
2010-11-10,6.7,6.72,6.86,6.66,71644.0,48280944.0,600854,0.15,0.01
2010-11-11,6.68,6.6,6.77,6.58,83827.0,56253824.0,600854,-1.79,-0.12
2010-11-12,6.56,6.27,6.7,6.27,94783.0,61183216.0,600854,-5.0,-0.33
2010-11-15,6.27,6.36,6.38,6.19,48038.0,30333544.0,600854,1.44,0.09
2010-11-16,6.39,6.2,6.39,6.12,52486.0,32939880.0,600854,-2.52,-0.16
2010-11-17,6.51,6.51,6.51,6.51,23041.0,14999925.0,600854,5.0,0.31
2010-11-18,6.7,6.84,6.84,6.51,317691.0,216705424.0,600854,5.07,0.33
2010-11-19,6.73,6.71,6.76,6.58,135706.0,90593608.0,600854,-1.9,-0.13
2010-11-22,6.69,6.89,7.05,6.67,166873.0,114593416.0,600854,2.68,0.18
2010-11-23,6.82,6.57,6.84,6.55,96839.0,64150412.0,600854,-4.64,-0.32
2010-11-24,6.48,6.58,6.6,6.4,67404.0,43844648.0,600854,0.15,0.01
2010-11-25,6.56,6.6,6.64,6.48,59641.0,39126196.0,600854,0.3,0.02
2010-11-26,6.56,6.45,6.59,6.42,48355.0,31370916.0,600854,-2.27,-0.15
2010-11-29,6.47,6.53,6.62,6.39,49153.0,32127820.0,600854,1.24,0.08
2010-11-30,6.48,6.33,6.58,6.2,53612.0,34131680.0,600854,-3.06,-0.2
2010-12-01,6.31,6.35,6.39,6.25,29034.0,18347096.0,600854,0.32,0.02
2010-12-02,6.38,6.4,6.43,6.33,31957.0,20419480.0,600854,0.79,0.05
2010-12-03,6.38,6.33,6.39,6.24,26995.0,17074232.0,600854,-1.09,-0.07
2010-12-06,6.33,6.25,6.33,6.2,20459.0,12825309.0,600854,-1.26,-0.08
2010-12-07,6.24,6.29,6.3,6.15,21200.0,13210312.0,600854,0.64,0.04
2010-12-08,6.28,6.26,6.35,6.23,18590.0,11690890.0,600854,-0.48,-0.03
2010-12-09,6.24,6.11,6.29,6.08,31300.0,19373998.0,600854,-2.4,-0.15
2010-12-10,6.12,6.17,6.19,6.1,18878.0,11596161.0,600854,0.98,0.06
2010-12-13,6.17,6.28,6.29,6.15,28336.0,17647956.0,600854,1.78,0.11
2010-12-14,6.29,6.32,6.32,6.24,28338.0,17805556.0,600854,0.64,0.04
2010-12-15,6.34,6.34,6.35,6.26,26467.0,16678404.0,600854,0.32,0.02
2010-12-16,6.34,6.29,6.36,6.25,24024.0,15131919.0,600854,-0.79,-0.05
2010-12-17,6.29,6.37,6.4,6.25,26339.0,16653452.0,600854,1.27,0.08
2010-12-20,6.36,6.28,6.39,6.2,35429.0,22320360.0,600854,-1.41,-0.09
2010-12-21,6.33,6.35,6.37,6.27,25286.0,16011500.0,600854,1.11,0.07
2010-12-22,6.37,6.32,6.39,6.29,21223.0,13409577.0,600854,-0.47,-0.03
2010-12-23,6.32,6.28,6.33,6.25,21285.0,13362900.0,600854,-0.63,-0.04
2010-12-24,6.31,6.24,6.31,6.21,21335.0,13332350.0,600854,-0.64,-0.04
2010-12-27,6.23,6.18,6.3,6.07,21877.0,13623910.0,600854,-0.96,-0.06
2010-12-28,6.49,6.49,6.49,6.49,69265.0,44953356.0,600854,5.02,0.31
2010-12-29,6.61,6.62,6.7,6.49,308006.0,203520512.0,600854,2.0,0.13
2010-12-30,6.64,6.62,6.75,6.57,209970.0,140008352.0,600854,0.0,0.0
2010-12-31,6.64,6.62,6.71,6.55,157559.0,104768712.0,600854,0.0,0.0
2011-01-04,6.68,6.67,6.78,6.57,181654.0,121708808.0,600854,0.76,0.05
2011-01-05,6.7,6.65,6.74,6.64,181554.0,121384344.0,600854,-0.3,-0.02
2011-01-06,6.66,6.63,6.68,6.58,144980.0,96383568.0,600854,-0.3,-0.02
2011-01-07,6.63,6.64,6.69,6.61,128848.0,85797184.0,600854,0.15,0.01
2011-01-10,6.69,6.64,6.73,6.62,161615.0,107725872.0,600854,0.0,0.0
2011-01-11,6.63,6.37,6.65,6.31,78375.0,50362848.0,600854,-4.07,-0.27
2011-01-12,6.38,6.42,6.46,6.35,30593.0,19606398.0,600854,0.78,0.05
2011-01-13,6.44,6.3,6.44,6.3,46547.0,29573308.0,600854,-1.87,-0.12
2011-01-14,6.3,6.33,6.36,6.2,33236.0,20858776.0,600854,0.48,0.03
2011-01-17,6.3,6.27,6.34,6.19,41328.0,25830396.0,600854,-0.95,-0.06
2011-01-18,6.34,6.58,6.58,6.32,226762.0,149060416.0,600854,4.94,0.31
2011-01-19,6.58,6.58,6.6,6.39,110447.0,71949232.0,600854,0.0,0.0
2011-01-20,6.54,6.28,6.56,6.27,70283.0,44991752.0,600854,-4.56,-0.3
2011-01-21,6.25,6.31,6.34,6.15,36930.0,23145570.0,600854,0.48,0.03
2011-01-24,6.34,6.19,6.34,6.18,37843.0,23561098.0,600854,-1.9,-0.12
2011-01-25,6.23,6.19,6.24,6.14,25458.0,15703623.0,600854,0.0,0.0
2011-01-26,6.2,6.25,6.26,6.17,20682.0,12891606.0,600854,0.97,0.06
2011-01-27,6.28,6.25,6.28,6.18,27138.0,16921792.0,600854,0.0,0.0
2011-01-28,6.26,6.27,6.28,6.2,29834.0,18631860.0,600854,0.32,0.02
2011-01-31,6.3,6.58,6.58,6.29,81938.0,53799440.0,600854,4.94,0.31
2011-02-01,6.58,6.59,6.74,6.57,139112.0,91976152.0,600854,0.15,0.01
2011-02-09,6.58,6.59,6.63,6.51,107715.0,71090560.0,600854,0.0,0.0
2011-02-10,6.61,6.59,6.64,6.52,64113.0,42175936.0,600854,0.0,0.0
2011-02-11,6.58,6.57,6.61,6.51,50571.0,33184386.0,600854,-0.3,-0.02
2011-02-14,6.59,6.59,6.63,6.55,87021.0,57390172.0,600854,0.3,0.02
2011-02-15,6.61,6.6,6.68,6.58,65230.0,43081836.0,600854,0.15,0.01
2011-02-16,6.6,6.58,6.6,6.51,53399.0,34986580.0,600854,-0.3,-0.02
2011-02-17,6.58,6.61,6.77,6.53,193891.0,128688480.0,600854,0.46,0.03
2011-02-21,6.68,6.62,6.68,6.54,112570.0,74337736.0,600854,0.15,0.01
2011-02-22,6.61,6.34,6.62,6.32,89677.0,57879728.0,600854,-4.23,-0.28
2011-02-23,6.36,6.39,6.41,6.32,35954.0,22937846.0,600854,0.79,0.05
2011-02-24,6.39,6.46,6.49,6.34,42474.0,27242448.0,600854,1.1,0.07
2011-02-25,6.48,6.49,6.5,6.36,54307.0,34877912.0,600854,0.46,0.03
2011-02-28,6.51,6.53,6.53,6.4,41860.0,27108496.0,600854,0.62,0.04
2011-03-01,6.51,6.5,6.56,6.47,50424.0,32868376.0,600854,-0.46,-0.03
2011-03-02,6.48,6.56,6.57,6.43,60983.0,39715284.0,600854,0.92,0.06
2011-03-03,6.55,6.57,6.7,6.51,111796.0,73779032.0,600854,0.15,0.01
2011-03-04,6.58,6.56,6.63,6.48,48035.0,31493032.0,600854,-0.15,-0.01
2011-03-07,6.6,6.6,6.66,6.55,55014.0,36283060.0,600854,0.61,0.04
2011-03-08,6.62,6.58,6.63,6.52,49205.0,32320682.0,600854,-0.3,-0.02
2011-03-09,6.58,6.53,6.59,6.52,48643.0,31797954.0,600854,-0.76,-0.05
2011-03-10,6.51,6.57,6.62,6.51,47224.0,30986188.0,600854,0.61,0.04
2011-03-11,6.58,6.61,6.76,6.55,136237.0,90883880.0,600854,0.61,0.04
2011-03-14,6.6,6.67,6.74,6.57,81273.0,54111300.0,600854,0.91,0.06
2011-03-15,6.64,7.0,7.0,6.64,346279.0,241545376.0,600854,4.95,0.33
2011-03-16,7.07,6.96,7.1,6.82,203072.0,141405552.0,600854,-0.57,-0.04
2011-03-17,6.86,6.8,7.02,6.78,119972.0,82559080.0,600854,-2.3,-0.16
2011-03-18,6.83,6.8,6.92,6.75,72122.0,49182612.0,600854,0.0,0.0
2011-03-21,6.83,7.14,7.14,6.8,71458.0,50527680.0,600854,5.0,0.34
2011-03-22,7.4,7.2,7.5,7.14,247814.0,181685600.0,600854,0.84,0.06
2011-03-23,7.09,7.18,7.23,7.02,126884.0,89961224.0,600854,-0.28,-0.02
2011-03-24,7.12,7.36,7.54,7.11,160995.0,119263792.0,600854,2.51,0.18
2011-03-25,7.3,7.38,7.6,7.26,134806.0,99933112.0,600854,0.27,0.02
2011-03-28,7.3,7.31,7.38,7.2,97539.0,70927080.0,600854,-0.95,-0.07
2011-03-29,7.31,7.06,7.33,7.05,95631.0,68505024.0,600854,-3.42,-0.25
2011-03-30,7.07,7.15,7.19,6.99,76453.0,54155480.0,600854,1.27,0.09
2011-03-31,7.15,6.98,7.19,6.93,64978.0,45708016.0,600854,-2.38,-0.17
2011-04-01,6.96,7.1,7.15,6.9,66292.0,46814288.0,600854,1.72,0.12
2011-04-06,7.08,7.08,7.16,7.01,61761.0,43814152.0,600854,-0.28,-0.02
2011-04-07,7.07,7.3,7.43,7.03,96040.0,69777440.0,600854,3.11,0.22
2011-04-08,7.25,7.29,7.33,7.21,54238.0,39345888.0,600854,-0.14,-0.01
2011-04-11,7.29,7.13,7.34,7.11,67641.0,48823240.0,600854,-2.19,-0.16
2011-04-12,7.09,7.15,7.28,7.06,61709.0,44165288.0,600854,0.28,0.02
2011-04-13,7.15,7.18,7.19,7.07,40650.0,29012148.0,600854,0.42,0.03
2011-04-14,7.18,7.3,7.42,7.15,85248.0,62195080.0,600854,1.67,0.12
2011-04-15,7.23,7.24,7.37,7.16,56034.0,40406752.0,600854,-0.82,-0.06
2011-04-18,7.21,7.4,7.52,7.16,92016.0,67876600.0,600854,2.21,0.16
2011-04-19,7.31,7.2,7.39,7.16,71517.0,51928432.0,600854,-2.7,-0.2
2011-04-20,7.23,7.17,7.25,7.1,62698.0,44844424.0,600854,-0.42,-0.03
2011-04-21,7.17,7.17,7.23,7.11,47409.0,33918552.0,600854,0.0,0.0
2011-04-22,7.19,7.04,7.23,7.03,71494.0,50809880.0,600854,-1.81,-0.13
2011-04-25,7.01,6.86,7.08,6.84,68896.0,47627512.0,600854,-2.56,-0.18
2011-04-26,6.88,6.93,6.97,6.8,43028.0,29693160.0,600854,1.02,0.07
2011-04-27,6.95,7.05,7.21,6.9,95603.0,67831488.0,600854,1.73,0.12
2011-04-28,6.87,6.7,7.01,6.7,65778.0,44873716.0,600854,-4.96,-0.35
2011-04-29,6.61,6.64,6.69,6.43,43420.0,28454092.0,600854,-0.9,-0.06
2011-05-03,6.7,6.73,6.82,6.61,56380.0,38071904.0,600854,1.36,0.09
2011-05-04,6.74,6.58,6.75,6.55,37535.0,24820848.0,600854,-2.23,-0.15
2011-05-05,6.55,6.62,6.68,6.45,22444.0,14809400.0,600854,0.61,0.04
2011-05-06,6.57,6.63,6.64,6.48,29598.0,19479200.0,600854,0.15,0.01
2011-05-09,6.64,6.57,6.67,6.52,34138.0,22543584.0,600854,-0.9,-0.06
2011-05-10,6.61,6.61,6.63,6.52,34516.0,22665602.0,600854,0.61,0.04
2011-05-11,6.61,6.68,6.71,6.57,40071.0,26691344.0,600854,1.06,0.07
2011-05-12,6.63,6.61,6.75,6.58,36234.0,24222184.0,600854,-1.05,-0.07
2011-05-13,6.59,6.64,6.66,6.54,40490.0,26711068.0,600854,0.45,0.03
2011-05-16,6.6,6.56,6.67,6.55,33846.0,22362872.0,600854,-1.2,-0.08
2011-05-17,6.56,6.43,6.56,6.31,57868.0,37122448.0,600854,-1.98,-0.13
2011-05-18,6.39,6.42,6.46,6.35,23964.0,15350230.0,600854,-0.16,-0.01
2011-05-19,6.44,6.36,6.44,6.35,29815.0,19069836.0,600854,-0.93,-0.06
2011-05-23,6.35,6.06,6.35,6.04,59946.0,36769076.0,600854,-4.72,-0.3
2011-05-24,6.04,6.08,6.11,5.8,38865.0,23148312.0,600854,0.33,0.02
2011-05-25,6.07,5.91,6.08,5.88,23844.0,14242226.0,600854,-2.8,-0.17
2011-05-26,5.93,5.9,6.06,5.9,24284.0,14492477.0,600854,-0.17,-0.01
2011-05-27,5.92,5.77,5.97,5.69,31990.0,18596332.0,600854,-2.2,-0.13
2011-05-30,5.79,5.55,5.8,5.5,31191.0,17507246.0,600854,-3.81,-0.22
2011-05-31,5.51,5.63,5.65,5.51,19868.0,11090425.0,600854,1.44,0.08
2011-06-01,5.65,5.64,5.66,5.6,17841.0,10039267.0,600854,0.18,0.01
2011-06-02,5.55,5.46,5.61,5.41,25225.0,13901296.0,600854,-3.19,-0.18
2011-06-03,5.46,5.55,5.56,5.41,26271.0,14491754.0,600854,1.65,0.09
2011-06-07,5.52,5.62,5.64,5.5,22257.0,12414789.0,600854,1.26,0.07
2011-06-08,5.59,5.64,5.65,5.51,20881.0,11639179.0,600854,0.36,0.02
2011-06-09,5.6,5.43,5.63,5.4,19488.0,10833129.0,600854,-3.72,-0.21
2011-06-10,5.43,5.41,5.5,5.31,25114.0,13524845.0,600854,-0.37,-0.02
2011-06-13,5.36,5.39,5.42,5.34,14871.0,7991184.0,600854,-0.37,-0.02
2011-06-14,5.39,5.48,5.54,5.39,19752.0,10813185.0,600854,1.67,0.09
2011-06-15,5.46,5.38,5.61,5.3,29437.0,16210259.0,600854,-1.82,-0.1
2011-06-16,5.42,5.65,5.65,5.4,50034.0,28167742.0,600854,5.02,0.27
2011-06-17,5.59,5.49,5.68,5.46,50225.0,28105496.0,600854,-2.83,-0.16
2011-06-20,5.61,5.76,5.76,5.6,49455.0,28390692.0,600854,4.92,0.27
2011-06-21,5.94,6.05,6.05,5.81,113578.0,67515024.0,600854,5.03,0.29
2011-06-22,6.1,6.04,6.34,6.03,139872.0,86620656.0,600854,-0.17,-0.01
2011-06-23,5.99,6.09,6.2,5.91,61338.0,37212076.0,600854,0.83,0.05
2011-06-24,6.1,6.1,6.14,6.01,70839.0,43011080.0,600854,0.16,0.01
2011-06-27,6.1,6.05,6.1,5.98,51206.0,30978626.0,600854,-0.82,-0.05
2011-06-28,6.02,5.96,6.08,5.89,49654.0,29579820.0,600854,-1.49,-0.09
2011-06-29,5.93,6.26,6.26,5.93,60980.0,37733432.0,600854,5.03,0.3
2011-06-30,6.3,6.27,6.31,6.14,76788.0,47841400.0,600854,0.16,0.01
2011-07-01,6.27,6.26,6.54,6.18,56585.0,35842344.0,600854,-0.16,-0.01
2011-07-04,6.25,6.32,6.35,6.21,46550.0,29271660.0,600854,0.96,0.06
2011-07-05,6.31,6.33,6.36,6.26,30528.0,19232884.0,600854,0.16,0.01
2011-07-06,6.33,6.28,6.35,6.21,36460.0,22764408.0,600854,-0.79,-0.05
2011-07-07,6.25,6.27,6.36,6.22,36799.0,23082840.0,600854,-0.16,-0.01
2011-07-08,6.24,6.29,6.48,6.23,34904.0,22107712.0,600854,0.32,0.02
2011-07-11,6.29,6.29,6.32,6.23,23645.0,14834859.0,600854,0.0,0.0
2011-07-12,6.27,6.15,6.45,6.13,50319.0,31686162.0,600854,-2.23,-0.14
2011-07-13,6.16,6.3,6.35,6.15,49995.0,31282440.0,600854,2.44,0.15
2011-07-14,6.28,6.26,6.34,6.19,37140.0,23192638.0,600854,-0.63,-0.04
2011-07-15,6.26,6.28,6.3,6.22,26428.0,16561246.0,600854,0.32,0.02
2011-07-18,6.29,6.34,6.4,6.24,44462.0,28151664.0,600854,0.96,0.06
2011-07-19,6.33,6.3,6.42,6.29,45177.0,28681964.0,600854,-0.63,-0.04
2011-07-20,6.28,6.22,6.37,6.15,35410.0,22037448.0,600854,-1.27,-0.08
2011-07-21,6.21,5.97,6.23,5.95,46017.0,27916884.0,600854,-4.02,-0.25
2011-07-22,6.0,5.93,6.04,5.9,31048.0,18470532.0,600854,-0.67,-0.04
2011-07-25,5.93,5.7,5.95,5.65,34340.0,19851092.0,600854,-3.88,-0.23
2011-07-26,5.7,5.72,5.77,5.67,20907.0,11956896.0,600854,0.35,0.02
2011-07-27,5.7,5.81,5.83,5.66,19132.0,11054450.0,600854,1.57,0.09
2011-07-28,5.78,5.73,5.78,5.68,20193.0,11547479.0,600854,-1.38,-0.08
2011-07-29,5.7,5.7,5.76,5.66,12887.0,7352012.0,600854,-0.52,-0.03
2011-08-01,5.7,5.72,5.75,5.61,13886.0,7914591.0,600854,0.35,0.02
2011-08-02,5.7,5.68,5.7,5.57,14728.0,8318278.0,600854,-0.7,-0.04
2011-08-03,5.62,5.67,5.7,5.6,11677.0,6610559.0,600854,-0.18,-0.01
2011-08-04,5.69,5.79,5.87,5.67,22288.0,12922430.0,600854,2.12,0.12
2011-08-05,5.58,5.61,5.69,5.55,20363.0,11461593.0,600854,-3.11,-0.18
2011-08-08,5.55,5.33,5.66,5.33,33297.0,18062712.0,600854,-4.99,-0.28
2011-08-09,5.22,5.32,5.33,5.06,44133.0,22810666.0,600854,-0.19,-0.01
2011-08-10,5.35,5.35,5.59,5.32,40587.0,22193224.0,600854,0.56,0.03
2011-08-11,5.15,5.36,5.43,5.15,21234.0,11291386.0,600854,0.19,0.01
2011-08-12,5.42,5.41,5.46,5.36,23332.0,12620591.0,600854,0.93,0.05
2011-08-15,5.43,5.51,5.52,5.39,20581.0,11224363.0,600854,1.85,0.1
2011-08-16,5.49,5.49,5.58,5.47,22290.0,12305526.0,600854,-0.36,-0.02
2011-08-17,5.49,5.43,5.49,5.38,26662.0,14492609.0,600854,-1.09,-0.06
2011-08-18,5.42,5.37,5.45,5.34,15759.0,8481948.0,600854,-1.1,-0.06
2011-08-19,5.2,5.28,5.32,5.2,20301.0,10691198.0,600854,-1.68,-0.09
2011-08-22,5.38,5.38,5.49,5.32,22903.0,12396811.0,600854,1.89,0.1
2011-08-23,5.39,5.44,5.44,5.3,19773.0,10658840.0,600854,1.12,0.06
2011-08-24,5.45,5.45,5.57,5.42,21614.0,11854847.0,600854,0.18,0.01
2011-08-25,5.46,5.53,5.54,5.43,25388.0,13965463.0,600854,1.47,0.08
2011-08-26,5.53,5.64,5.67,5.49,38011.0,21303620.0,600854,1.99,0.11
2011-08-29,5.6,5.52,5.69,5.5,24378.0,13616304.0,600854,-2.13,-0.12
2011-08-30,5.55,5.47,5.58,5.47,24631.0,13620799.0,600854,-0.91,-0.05
2011-08-31,5.47,5.48,5.52,5.42,16920.0,9252095.0,600854,0.18,0.01
2011-09-01,5.45,5.51,5.65,5.44,36395.0,20172428.0,600854,0.55,0.03
2011-09-02,5.52,5.42,5.52,5.31,20262.0,10906206.0,600854,-1.63,-0.09
2011-09-05,5.37,5.24,5.37,5.23,17809.0,9405249.0,600854,-3.32,-0.18
2011-09-06,5.22,5.25,5.31,5.2,13680.0,7183006.0,600854,0.19,0.01
2011-09-07,5.26,5.34,5.35,5.26,12475.0,6630527.0,600854,1.71,0.09
2011-09-08,5.37,5.29,5.38,5.28,11293.0,6017653.0,600854,-0.94,-0.05
2011-09-09,5.3,5.28,5.35,5.25,10598.0,5609825.0,600854,-0.19,-0.01
2011-09-13,5.25,5.19,5.25,5.14,16876.0,8736028.0,600854,-1.7,-0.09
2011-09-14,5.23,5.28,5.38,5.17,24250.0,12747624.0,600854,1.73,0.09
2011-09-15,5.28,5.25,5.32,5.23,15005.0,7927315.0,600854,-0.57,-0.03
2011-09-16,5.25,5.28,5.32,5.25,12425.0,6560382.0,600854,0.57,0.03
2011-09-19,5.3,5.18,5.3,5.15,16832.0,8776009.0,600854,-1.89,-0.1
2011-09-20,5.15,5.19,5.23,5.14,11619.0,6012178.0,600854,0.19,0.01
2011-09-21,5.2,5.31,5.31,5.13,23975.0,12613615.0,600854,2.31,0.12
2011-09-22,5.26,5.21,5.28,5.2,19556.0,10259260.0,600854,-1.88,-0.1
2011-09-23,5.14,5.15,5.22,5.09,21998.0,11316193.0,600854,-1.15,-0.06
2011-09-26,5.16,5.06,5.19,5.03,19193.0,9811734.0,600854,-1.75,-0.09
2011-09-27,5.09,5.0,5.1,4.97,34726.0,17408148.0,600854,-1.19,-0.06
2011-09-28,5.03,4.91,5.03,4.89,18242.0,9048035.0,600854,-1.8,-0.09
2011-09-29,4.91,4.69,4.91,4.68,27473.0,13100854.0,600854,-4.48,-0.22
2011-09-30,4.7,4.68,4.79,4.61,13240.0,6208141.0,600854,-0.21,-0.01
2011-10-10,4.72,4.61,4.74,4.59,13591.0,6325918.0,600854,-1.5,-0.07
2011-10-11,4.66,4.63,4.74,4.58,13669.0,6363625.0,600854,0.43,0.02
2011-10-12,4.59,4.76,4.78,4.47,25232.0,11746907.0,600854,2.81,0.13
2011-10-13,4.71,4.8,4.83,4.71,19046.0,9110019.0,600854,0.84,0.04
2011-10-14,4.77,4.76,4.79,4.71,12207.0,5791974.0,600854,-0.83,-0.04
2011-10-17,4.76,4.76,4.82,4.74,12133.0,5784848.0,600854,0.0,0.0
2011-10-18,4.75,4.63,4.78,4.63,13901.0,6576516.0,600854,-2.73,-0.13
2011-10-19,4.64,4.59,4.67,4.54,13800.0,6355826.0,600854,-0.86,-0.04
2011-10-20,4.57,4.4,4.59,4.4,16998.0,7597316.0,600854,-4.14,-0.19
2011-10-21,4.42,4.51,4.57,4.41,13790.0,6173997.0,600854,2.5,0.11
2011-10-24,4.53,4.55,4.56,4.45,15206.0,6858022.0,600854,0.89,0.04
2011-10-25,4.57,4.74,4.78,4.53,24325.0,11344397.0,600854,4.18,0.19
2011-10-26,4.69,4.72,4.88,4.69,33945.0,16252031.0,600854,-0.42,-0.02
2011-10-27,4.72,4.68,4.76,4.66,13788.0,6493262.0,600854,-0.85,-0.04
2011-10-28,4.71,4.82,4.9,4.71,32286.0,15551095.0,600854,2.99,0.14
2011-10-31,4.8,4.82,4.84,4.75,14588.0,7007660.0,600854,0.0,0.0
2011-11-01,4.8,4.77,4.83,4.75,16872.0,8068839.0,600854,-1.04,-0.05
2011-11-02,4.7,4.79,4.79,4.64,28587.0,13480279.0,600854,0.42,0.02
2011-11-03,4.79,4.83,4.89,4.79,34763.0,16841064.0,600854,0.84,0.04
2011-11-04,4.83,4.88,4.9,4.83,24118.0,11736460.0,600854,1.04,0.05
2011-11-07,4.87,4.99,5.03,4.83,49290.0,24404276.0,600854,2.25,0.11
2011-11-08,4.97,5.0,5.03,4.94,55824.0,27847256.0,600854,0.2,0.01
2011-11-09,4.98,4.99,5.01,4.93,22487.0,11161531.0,600854,-0.2,-0.01
2011-11-10,4.96,4.89,4.98,4.88,20439.0,10097642.0,600854,-2.0,-0.1
2011-11-11,4.83,4.89,4.94,4.83,12423.0,6068740.0,600854,0.0,0.0
2011-11-14,4.9,4.97,5.01,4.9,21407.0,10639211.0,600854,1.64,0.08
2011-11-15,4.96,5.03,5.08,4.96,53624.0,26887240.0,600854,1.21,0.06
2011-11-16,5.03,4.88,5.03,4.83,26818.0,13190281.0,600854,-2.98,-0.15
2011-11-17,4.85,4.84,4.92,4.82,12933.0,6291709.0,600854,-0.82,-0.04
2011-11-18,4.82,4.7,4.86,4.67,22978.0,10925818.0,600854,-2.89,-0.14
2011-11-21,4.69,4.65,4.7,4.58,16762.0,7759090.0,600854,-1.06,-0.05
2011-11-22,4.62,4.66,4.67,4.56,16798.0,7768529.0,600854,0.22,0.01
2011-11-23,4.65,4.6,4.67,4.59,8887.0,4114780.0,600854,-1.29,-0.06
2011-11-24,4.58,4.6,4.6,4.54,9678.0,4424100.0,600854,0.0,0.0
2011-11-25,4.6,4.74,4.83,4.58,33727.0,15948735.0,600854,3.04,0.14
2011-11-28,4.73,4.62,4.77,4.58,20006.0,9309567.0,600854,-2.53,-0.12
2011-11-29,4.65,4.66,4.68,4.58,15055.0,6965342.0,600854,0.87,0.04
2011-11-30,4.63,4.46,4.67,4.43,23981.0,10786703.0,600854,-4.29,-0.2
2011-12-01,4.65,4.53,4.65,4.52,20407.0,9311104.0,600854,1.57,0.07
2011-12-02,4.5,4.44,4.54,4.4,9945.0,4431799.0,600854,-1.99,-0.09
2011-12-05,4.44,4.28,4.47,4.25,16449.0,7161082.0,600854,-3.6,-0.16
2011-12-06,4.22,4.22,4.31,4.16,14634.0,6154840.0,600854,-1.4,-0.06
2011-12-07,4.23,4.23,4.29,4.18,7889.0,3328310.0,600854,0.24,0.01
2011-12-08,4.2,4.21,4.22,4.13,9973.0,4164433.0,600854,-0.47,-0.02
2011-12-09,4.17,4.17,4.19,4.13,7624.0,3170882.0,600854,-0.95,-0.04
2011-12-12,4.15,4.1,4.16,4.09,9067.0,3735882.0,600854,-1.68,-0.07
2011-12-13,4.08,3.92,4.08,3.9,25837.0,10183362.0,600854,-4.39,-0.18
2011-12-14,3.91,3.8,3.92,3.77,15428.0,5924704.0,600854,-3.06,-0.12
2011-12-15,3.77,3.62,3.77,3.61,34427.0,12553733.0,600854,-4.74,-0.18
2011-12-16,3.61,3.73,3.75,3.55,20064.0,7288685.0,600854,3.04,0.11
2011-12-19,3.7,3.7,3.71,3.54,19629.0,7110399.0,600854,-0.8,-0.03
2011-12-20,3.67,3.74,3.78,3.66,13709.0,5125265.0,600854,1.08,0.04
2011-12-21,3.74,3.63,3.78,3.61,8772.0,3251920.0,600854,-2.94,-0.11
2011-12-22,3.56,3.55,3.61,3.48,12945.0,4583747.0,600854,-2.2,-0.08
2011-12-23,3.55,3.58,3.64,3.55,8435.0,3041484.0,600854,0.85,0.03
2011-12-26,3.6,3.6,3.67,3.58,7332.0,2652405.0,600854,0.56,0.02
2011-12-27,3.6,3.55,3.62,3.53,6095.0,2175631.0,600854,-1.39,-0.05
2011-12-28,3.5,3.56,3.59,3.49,10406.0,3678013.0,600854,0.28,0.01
2011-12-29,3.53,3.52,3.61,3.49,9565.0,3401193.0,600854,-1.12,-0.04
2011-12-30,3.53,3.57,3.58,3.52,8248.0,2934363.0,600854,1.42,0.05
2012-01-04,3.58,3.55,3.63,3.54,12488.0,4481031.0,600854,-0.56,-0.02
2012-01-05,3.55,3.4,3.55,3.37,16640.0,5731396.0,600854,-4.23,-0.15
2012-01-06,3.4,3.41,3.42,3.31,9259.0,3108132.0,600854,0.29,0.01
2012-01-09,3.4,3.57,3.58,3.39,15329.0,5400008.0,600854,4.69,0.16
2012-01-10,3.53,3.7,3.7,3.53,25635.0,9349919.0,600854,3.64,0.13
2012-01-11,3.69,3.66,3.71,3.62,15264.0,5593586.0,600854,-1.08,-0.04
2012-01-12,3.62,3.66,3.74,3.62,14734.0,5413993.0,600854,0.0,0.0
2012-01-13,3.69,3.51,3.69,3.48,19422.0,6875421.0,600854,-4.1,-0.15
2012-01-16,3.46,3.46,3.5,3.42,8392.0,2916941.0,600854,-1.42,-0.05
2012-01-17,3.53,3.62,3.63,3.44,20769.0,7382500.0,600854,4.62,0.16
2012-01-18,3.6,3.56,3.67,3.55,17400.0,6301749.0,600854,-1.66,-0.06
2012-01-19,3.56,3.6,3.65,3.5,16239.0,5835196.0,600854,1.12,0.04
2012-01-20,3.66,3.67,3.7,3.63,18882.0,6935143.0,600854,1.94,0.07
2012-01-30,3.69,3.83,3.85,3.65,41535.0,15784623.0,600854,4.36,0.16
2012-01-31,3.78,3.87,3.87,3.76,24424.0,9321160.0,600854,1.04,0.04
2012-02-01,3.85,3.79,3.93,3.78,24817.0,9547589.0,600854,-2.07,-0.08
2012-02-02,3.79,3.8,3.81,3.75,22046.0,8311310.0,600854,0.26,0.01
2012-02-03,3.8,3.85,3.87,3.78,19227.0,7394929.0,600854,1.32,0.05
2012-02-06,3.87,3.92,3.95,3.84,31454.0,12247316.0,600854,1.82,0.07
2012-02-07,3.91,3.82,3.91,3.74,28691.0,10902744.0,600854,-2.55,-0.1
2012-02-08,3.8,3.88,3.89,3.77,18827.0,7231065.0,600854,1.57,0.06
2012-02-09,3.85,3.87,3.92,3.83,26842.0,10427531.0,600854,-0.26,-0.01
2012-02-10,3.87,3.92,4.01,3.87,27919.0,10962197.0,600854,1.29,0.05
2012-02-13,3.89,3.93,3.94,3.86,21148.0,8256280.0,600854,0.26,0.01
2012-02-14,3.93,4.01,4.07,3.91,40238.0,16104822.0,600854,2.04,0.08
2012-02-15,4.0,4.11,4.16,3.97,49540.0,20263602.0,600854,2.49,0.1
2012-02-16,4.14,4.06,4.14,4.02,35213.0,14345180.0,600854,-1.22,-0.05
2012-02-17,4.06,4.08,4.09,4.0,19761.0,7995135.0,600854,0.49,0.02
2012-02-20,4.12,4.06,4.14,4.03,24273.0,9887180.0,600854,-0.49,-0.02
2012-02-21,4.04,4.09,4.1,4.03,20551.0,8340874.0,600854,0.74,0.03
2012-02-22,4.07,4.12,4.12,4.06,27415.0,11246431.0,600854,0.73,0.03
2012-02-23,4.12,4.09,4.12,4.03,37459.0,15296246.0,600854,-0.73,-0.03
2012-02-24,4.07,4.14,4.15,4.06,41005.0,16874218.0,600854,1.22,0.05
2012-02-27,4.16,4.16,4.27,4.12,52469.0,21976070.0,600854,0.48,0.02
2012-02-28,4.13,4.11,4.16,4.07,35886.0,14735104.0,600854,-1.2,-0.05
2012-02-29,4.1,4.05,4.11,4.04,21245.0,8651223.0,600854,-1.46,-0.06
2012-03-01,4.02,4.06,4.09,4.02,17085.0,6931825.0,600854,0.25,0.01
2012-03-02,4.07,4.13,4.13,4.06,25766.0,10560205.0,600854,1.72,0.07
2012-03-05,4.11,4.16,4.24,4.09,44191.0,18433378.0,600854,0.73,0.03
2012-03-06,4.14,4.19,4.19,4.09,32916.0,13632086.0,600854,0.72,0.03
2012-03-07,4.15,4.16,4.25,4.13,38471.0,16132490.0,600854,-0.72,-0.03
2012-03-08,4.19,4.26,4.27,4.16,39581.0,16728877.0,600854,2.4,0.1
2012-03-09,4.28,4.28,4.31,4.21,32254.0,13701342.0,600854,0.47,0.02
2012-03-12,4.26,4.25,4.29,4.2,24881.0,10541367.0,600854,-0.7,-0.03
2012-03-13,4.25,4.28,4.29,4.22,26772.0,11391791.0,600854,0.71,0.03
2012-03-14,4.29,4.07,4.36,4.07,57348.0,24165844.0,600854,-4.91,-0.21
2012-03-15,4.07,3.95,4.1,3.91,32952.0,13148706.0,600854,-2.95,-0.12
2012-03-16,3.95,4.03,4.03,3.93,20764.0,8278923.0,600854,2.03,0.08
2012-03-19,4.01,4.07,4.08,3.98,23729.0,9557469.0,600854,0.99,0.04
2012-03-20,4.05,4.01,4.07,3.99,27312.0,10992698.0,600854,-1.47,-0.06
2012-03-21,4.02,4.02,4.04,3.92,32436.0,12935853.0,600854,0.25,0.01
2012-03-22,4.01,4.01,4.03,3.97,15453.0,6174461.0,600854,-0.25,-0.01
2012-03-23,3.99,4.21,4.21,3.97,115833.0,48489060.0,600854,4.99,0.2
2012-03-26,4.2,4.21,4.3,4.14,68788.0,29049304.0,600854,0.0,0.0
2012-03-27,4.19,4.16,4.25,4.1,27259.0,11386383.0,600854,-1.19,-0.05
2012-03-28,4.16,3.95,4.16,3.95,39357.0,15789686.0,600854,-5.05,-0.21
2012-03-29,3.92,3.81,3.92,3.77,27004.0,10355756.0,600854,-3.54,-0.14
2012-03-30,3.81,4.0,4.0,3.79,35391.0,13929312.0,600854,4.99,0.19
2012-04-05,4.02,4.17,4.2,4.01,55512.0,23032204.0,600854,4.25,0.17
2012-04-06,4.15,4.15,4.23,4.12,31324.0,13064704.0,600854,-0.48,-0.02
2012-04-09,4.15,4.36,4.36,4.14,85824.0,37197008.0,600854,5.06,0.21
2012-04-10,4.31,4.4,4.46,4.26,73007.0,31875508.0,600854,0.92,0.04
2012-04-11,4.39,4.36,4.41,4.3,38682.0,16853152.0,600854,-0.91,-0.04
2012-04-12,4.35,4.58,4.58,4.32,65791.0,29784934.0,600854,5.05,0.22
2012-04-13,4.72,4.51,4.73,4.48,70668.0,32273996.0,600854,-1.53,-0.07
2012-04-16,4.46,4.48,4.53,4.39,32590.0,14549486.0,600854,-0.67,-0.03
2012-04-17,4.48,4.6,4.68,4.43,35618.0,16236175.0,600854,2.68,0.12
2012-04-18,4.58,4.65,4.7,4.54,46233.0,21372692.0,600854,1.09,0.05
2012-04-19,4.68,4.57,4.7,4.56,34065.0,15668150.0,600854,-1.72,-0.08
2012-04-20,4.53,4.45,4.59,4.38,58686.0,26131396.0,600854,-2.63,-0.12
2012-04-23,4.41,4.49,4.57,4.35,55866.0,24903624.0,600854,0.9,0.04
2012-04-24,4.47,4.37,4.52,4.27,52864.0,23168424.0,600854,-2.67,-0.12
2012-04-25,4.35,4.38,4.43,4.31,36084.0,15789057.0,600854,0.23,0.01
2012-04-26,4.4,4.41,4.43,4.37,27245.0,12004689.0,600854,0.68,0.03
2012-04-27,4.42,4.51,4.63,4.4,45136.0,20505012.0,600854,2.27,0.1
2012-05-02,4.52,4.39,4.53,4.28,55263.0,24199078.0,600854,-2.66,-0.12
2012-05-03,4.34,4.23,4.42,4.17,58121.0,24691652.0,600854,-3.64,-0.16
2012-05-04,4.21,4.38,4.4,4.21,37816.0,16416982.0,600854,3.55,0.15
2012-05-07,4.35,4.41,4.42,4.32,28503.0,12458848.0,600854,0.68,0.03
2012-05-08,4.41,4.49,4.54,4.37,45058.0,20130506.0,600854,1.81,0.08
2012-05-09,4.47,4.53,4.59,4.45,47672.0,21573006.0,600854,0.89,0.04
2012-05-11,4.5,4.48,4.55,4.46,35275.0,15870542.0,600854,-1.1,-0.05
2012-05-14,4.5,4.37,4.5,4.36,25886.0,11443684.0,600854,-2.46,-0.11
2012-05-15,4.33,4.53,4.55,4.3,47205.0,21113968.0,600854,3.66,0.16
2012-05-18,4.98,4.98,4.98,4.93,93951.0,46755516.0,600854,9.93,0.45
2012-05-21,5.2,4.73,5.2,4.62,189530.0,93652608.0,600854,-5.02,-0.25
2012-05-22,4.72,4.66,4.77,4.58,96299.0,44695304.0,600854,-1.48,-0.07
2012-05-23,4.61,4.85,4.97,4.56,113723.0,54482692.0,600854,4.08,0.19
2012-05-24,4.8,5.18,5.3,4.72,211976.0,107627448.0,600854,6.8,0.33
2012-05-25,5.1,5.11,5.3,5.01,137260.0,70863648.0,600854,-1.35,-0.07
2012-05-28,5.06,5.14,5.2,4.96,101162.0,51513104.0,600854,0.59,0.03
2012-05-29,5.14,5.38,5.56,5.11,222014.0,120083880.0,600854,4.67,0.24
2012-05-30,5.33,5.34,5.4,5.23,113667.0,60298708.0,600854,-0.74,-0.04
2012-05-31,5.32,5.18,5.32,5.16,83943.0,43741904.0,600854,-3.0,-0.16
2012-06-01,5.15,5.15,5.25,5.09,60455.0,31164012.0,600854,-0.58,-0.03
2012-06-04,5.06,4.93,5.17,4.91,82902.0,41824784.0,600854,-4.27,-0.22
2012-06-05,4.93,4.97,5.02,4.85,42975.0,21217856.0,600854,0.81,0.04
2012-06-06,4.98,4.99,5.08,4.93,43047.0,21630418.0,600854,0.4,0.02
2012-06-07,5.03,4.79,5.08,4.78,60330.0,29608148.0,600854,-4.01,-0.2
2012-06-08,4.85,4.66,4.86,4.64,54483.0,25938854.0,600854,-2.71,-0.13
2012-06-11,4.68,4.78,4.81,4.63,36040.0,17039116.0,600854,2.58,0.12
2012-06-12,4.75,4.65,4.76,4.62,41741.0,19556300.0,600854,-2.72,-0.13
2012-06-13,4.65,4.74,4.76,4.63,29164.0,13707836.0,600854,1.94,0.09
2012-06-14,4.72,4.8,4.89,4.68,48592.0,23313888.0,600854,1.27,0.06
2012-06-15,4.8,4.76,4.84,4.69,24688.0,11780936.0,600854,-0.83,-0.04
2012-06-18,4.79,4.77,4.84,4.72,27368.0,13071266.0,600854,0.21,0.01
2012-06-19,4.77,4.67,4.78,4.65,24479.0,11543804.0,600854,-2.1,-0.1
2012-06-20,4.68,4.64,4.73,4.63,18604.0,8699216.0,600854,-0.64,-0.03
2012-06-21,4.63,4.62,4.7,4.58,29327.0,13611780.0,600854,-0.43,-0.02
2012-06-25,4.59,4.36,4.59,4.33,33250.0,14887289.0,600854,-5.63,-0.26
2012-06-26,4.36,4.38,4.46,4.33,26917.0,11814340.0,600854,0.46,0.02
2012-06-27,4.38,4.37,4.42,4.36,15239.0,6686541.0,600854,-0.23,-0.01
2012-06-28,4.38,4.26,4.41,4.25,35491.0,15284824.0,600854,-2.52,-0.11
2012-06-29,4.24,4.31,4.32,4.17,23003.0,9769293.0,600854,1.17,0.05
2012-07-02,4.35,4.35,4.4,4.32,19323.0,8428146.0,600854,0.93,0.04
2012-07-03,4.34,4.33,4.41,4.32,23577.0,10281993.0,600854,-0.46,-0.02
2012-07-04,4.33,4.3,4.36,4.21,18221.0,7814918.0,600854,-0.69,-0.03
2012-07-05,4.36,4.25,4.37,4.22,20487.0,8794416.0,600854,-1.16,-0.05
2012-07-06,4.25,4.25,4.29,4.1,30711.0,12875186.0,600854,0.0,0.0
2012-07-09,4.26,4.02,4.27,4.0,34796.0,14333451.0,600854,-5.41,-0.23
2012-07-10,3.98,4.01,4.03,3.93,19661.0,7826298.0,600854,-0.25,-0.01
2012-07-11,4.04,4.0,4.04,3.96,9642.0,3850671.0,600854,-0.25,-0.01
2012-07-12,4.0,4.04,4.06,3.93,20910.0,8344585.0,600854,1.0,0.04
2012-07-13,4.04,4.0,4.07,3.98,18520.0,7454009.0,600854,-0.99,-0.04
2012-07-16,4.03,3.8,4.03,3.78,25833.0,9970853.0,600854,-5.0,-0.2
2012-07-17,3.79,3.84,3.86,3.76,15987.0,6094720.0,600854,1.05,0.04
2012-07-18,3.84,3.91,3.92,3.8,20142.0,7790283.0,600854,1.82,0.07
2012-07-19,3.9,3.96,3.99,3.87,20358.0,8041943.0,600854,1.28,0.05
2012-07-20,3.96,4.15,4.36,3.92,60621.0,25333056.0,600854,4.8,0.19
2012-07-23,4.11,4.06,4.13,4.0,26588.0,10805794.0,600854,-2.17,-0.09
2012-07-24,4.06,4.1,4.14,4.04,14457.0,5917922.0,600854,0.99,0.04
2012-07-25,4.1,4.04,4.14,4.02,11662.0,4749552.0,600854,-1.46,-0.06
2012-07-26,4.06,3.96,4.06,3.91,20219.0,8044776.0,600854,-1.98,-0.08
2012-07-27,3.93,3.89,3.99,3.86,17514.0,6860697.0,600854,-1.77,-0.07
2012-07-30,3.89,3.74,3.92,3.6,16644.0,6307538.0,600854,-3.86,-0.15
2012-07-31,3.73,3.75,3.78,3.69,10032.0,3744363.0,600854,0.27,0.01
2012-08-01,3.78,3.78,3.82,3.71,11509.0,4359969.0,600854,0.8,0.03
2012-08-02,3.77,3.75,3.8,3.73,7812.0,2939321.0,600854,-0.79,-0.03
2012-08-03,3.77,3.82,3.83,3.75,10462.0,3970486.0,600854,1.87,0.07
2012-08-06,3.8,3.93,3.93,3.8,14698.0,5681320.0,600854,2.88,0.11
2012-08-07,3.93,4.04,4.17,3.89,27418.0,11091394.0,600854,2.8,0.11
2012-08-08,4.01,4.0,4.08,3.94,18970.0,7621821.0,600854,-0.99,-0.04
2012-08-09,3.99,4.04,4.06,3.95,15890.0,6402118.0,600854,1.0,0.04
2012-08-10,4.04,4.01,4.07,3.97,13435.0,5388777.0,600854,-0.74,-0.03
2012-08-13,4.04,3.89,4.04,3.88,12367.0,4905028.0,600854,-2.99,-0.12
2012-08-14,3.89,3.9,3.93,3.82,12082.0,4690564.0,600854,0.26,0.01
2012-08-15,3.92,3.96,4.02,3.89,22364.0,8866141.0,600854,1.54,0.06
2012-08-16,3.99,3.94,3.99,3.9,9869.0,3887078.0,600854,-0.51,-0.02
2012-08-17,3.92,3.94,3.96,3.84,10952.0,4276664.0,600854,0.0,0.0
2012-08-20,3.88,3.85,3.88,3.78,19355.0,7387649.0,600854,-2.28,-0.09
2012-08-21,3.85,3.88,3.91,3.83,12305.0,4772637.0,600854,0.78,0.03
2012-08-22,3.89,3.88,3.95,3.83,11320.0,4386132.0,600854,0.0,0.0
2012-08-23,3.86,3.99,4.04,3.85,27253.0,10832393.0,600854,2.84,0.11
2012-08-24,3.96,3.85,3.99,3.85,16615.0,6502679.0,600854,-3.51,-0.14
2012-08-27,3.85,3.75,3.85,3.74,10153.0,3826138.0,600854,-2.6,-0.1
2012-08-28,3.74,3.79,3.8,3.71,8586.0,3237318.0,600854,1.07,0.04
2012-08-29,3.76,3.76,3.81,3.74,8212.0,3099340.0,600854,-0.79,-0.03
2012-08-30,3.75,3.67,3.76,3.57,13002.0,4764084.0,600854,-2.39,-0.09
2012-08-31,3.7,3.66,3.7,3.61,6493.0,2376812.0,600854,-0.27,-0.01
2012-09-03,3.67,3.71,3.76,3.66,8906.0,3311742.0,600854,1.37,0.05
2012-09-04,3.71,3.67,3.73,3.66,5891.0,2179455.0,600854,-1.08,-0.04
2012-09-05,3.62,3.67,3.73,3.61,8329.0,3044518.0,600854,0.0,0.0
2012-09-06,3.68,3.7,3.72,3.67,7122.0,2629462.0,600854,0.82,0.03
2012-09-07,3.72,3.83,3.86,3.72,21578.0,8194775.0,600854,3.51,0.13
2012-09-10,3.82,3.87,3.92,3.82,18026.0,6968918.0,600854,1.04,0.04
2012-09-11,3.87,3.84,3.87,3.82,12299.0,4716010.0,600854,-0.78,-0.03
2012-09-12,3.85,3.97,3.97,3.83,28876.0,11268536.0,600854,3.39,0.13
2012-09-13,3.99,3.97,4.02,3.91,30316.0,12006699.0,600854,0.0,0.0
2012-09-14,3.98,3.99,4.08,3.85,30956.0,12295910.0,600854,0.5,0.02
2012-09-17,3.99,3.86,3.99,3.85,15953.0,6221159.0,600854,-3.26,-0.13
2012-09-18,3.86,3.79,3.86,3.77,7267.0,2767436.0,600854,-1.81,-0.07
2012-09-19,3.81,4.17,4.17,3.76,127549.0,52804756.0,600854,10.03,0.38
2012-09-20,4.17,4.01,4.17,3.9,118282.0,47479856.0,600854,-3.84,-0.16
2012-09-21,3.96,3.82,3.96,3.78,49802.0,19331238.0,600854,-4.74,-0.19
2012-09-24,3.77,3.75,3.82,3.7,33244.0,12494860.0,600854,-1.83,-0.07
2012-09-25,3.7,3.74,3.77,3.68,22439.0,8368046.0,600854,-0.27,-0.01
2012-09-26,3.72,3.68,3.74,3.63,19187.0,7060884.0,600854,-1.6,-0.06
2012-09-27,3.7,3.76,3.82,3.68,26975.0,10151491.0,600854,2.17,0.08
2012-09-28,3.76,3.8,3.8,3.7,28318.0,10632870.0,600854,1.06,0.04
2012-10-08,3.81,3.97,4.13,3.75,71318.0,28301350.0,600854,4.47,0.17
2012-10-09,3.95,4.12,4.24,3.92,82544.0,34090668.0,600854,3.78,0.15
2012-10-10,4.11,4.09,4.17,4.0,62825.0,25578982.0,600854,-0.73,-0.03
2012-10-11,4.06,4.1,4.25,4.02,78151.0,32382234.0,600854,0.24,0.01
2012-10-12,4.05,4.02,4.12,3.95,54119.0,21751660.0,600854,-1.95,-0.08
2012-10-15,4.02,4.1,4.13,3.95,49915.0,20268756.0,600854,1.99,0.08
2012-10-16,4.1,4.04,4.11,4.0,33268.0,13500623.0,600854,-1.46,-0.06
2012-10-17,4.04,4.05,4.14,4.01,24746.0,10066525.0,600854,0.25,0.01
2012-10-18,4.04,4.12,4.19,4.02,61463.0,25430876.0,600854,1.73,0.07
2012-10-19,4.15,4.16,4.28,4.08,69889.0,29184868.0,600854,0.97,0.04
2012-10-22,4.16,4.12,4.16,4.07,26753.0,10985208.0,600854,-0.96,-0.04
2012-10-23,4.12,4.26,4.5,4.08,141975.0,61040860.0,600854,3.4,0.14
2012-10-24,4.16,4.53,4.69,4.15,210780.0,94145336.0,600854,6.34,0.27
2012-10-25,4.47,4.26,4.47,4.22,133799.0,57868184.0,600854,-5.96,-0.27
2012-10-26,4.18,4.12,4.28,4.1,52171.0,21630208.0,600854,-3.29,-0.14
2012-10-29,4.1,4.04,4.13,4.01,34813.0,14144402.0,600854,-1.94,-0.08
2012-10-30,4.03,4.02,4.08,4.0,30787.0,12396526.0,600854,-0.5,-0.02
2012-10-31,4.02,4.05,4.07,4.0,20078.0,8096026.0,600854,0.75,0.03
2012-11-01,4.05,4.12,4.13,4.03,31816.0,13008950.0,600854,1.73,0.07
2012-11-02,4.12,4.12,4.15,4.07,26475.0,10847261.0,600854,0.0,0.0
2012-11-05,4.12,4.14,4.16,4.08,23283.0,9595344.0,600854,0.49,0.02
2012-11-06,4.1,4.05,4.14,3.98,23420.0,9472886.0,600854,-2.17,-0.09
2012-11-07,4.04,4.04,4.11,4.03,17690.0,7199939.0,600854,-0.25,-0.01
2012-11-08,4.02,3.86,4.02,3.84,24691.0,9678153.0,600854,-4.46,-0.18
2012-11-09,3.85,3.83,3.9,3.82,14785.0,5699764.0,600854,-0.78,-0.03
2012-11-12,3.83,3.86,3.89,3.81,14638.0,5626776.0,600854,0.78,0.03
2012-11-13,3.86,3.79,3.86,3.76,14338.0,5457885.0,600854,-1.81,-0.07
2012-11-14,3.76,3.83,3.85,3.73,11703.0,4443301.0,600854,1.06,0.04
2012-11-15,3.81,3.7,3.81,3.69,11924.0,4476794.0,600854,-3.39,-0.13
2012-11-16,3.7,3.69,3.71,3.65,9346.0,3438003.0,600854,-0.27,-0.01
2012-11-19,3.69,3.72,3.72,3.6,14211.0,5189214.0,600854,0.81,0.03
2012-11-20,3.72,3.76,3.86,3.7,17865.0,6734806.0,600854,1.08,0.04
2012-11-21,3.75,3.79,3.8,3.67,13163.0,4928579.0,600854,0.8,0.03
2012-11-22,3.79,3.74,3.79,3.74,9928.0,3728902.0,600854,-1.32,-0.05
2012-11-23,3.74,3.75,3.8,3.72,7310.0,2755086.0,600854,0.27,0.01
2012-11-26,3.76,3.72,3.78,3.72,4577.0,1714689.0,600854,-0.8,-0.03
2012-11-27,3.68,3.58,3.7,3.55,15585.0,5599798.0,600854,-3.76,-0.14
2012-11-28,3.58,3.49,3.58,3.48,8021.0,2817902.0,600854,-2.51,-0.09
2012-11-29,3.53,3.44,3.55,3.43,8059.0,2810579.0,600854,-1.43,-0.05
2012-11-30,3.43,3.47,3.5,3.43,10917.0,3793230.0,600854,0.87,0.03
2012-12-03,3.5,3.4,3.53,3.4,7393.0,2563564.0,600854,-2.02,-0.07
2012-12-04,3.4,3.49,3.49,3.36,10923.0,3734749.0,600854,2.65,0.09
2012-12-05,3.48,3.59,3.66,3.46,20675.0,7394371.0,600854,2.87,0.1
2012-12-06,3.56,3.58,3.62,3.54,10200.0,3658494.0,600854,-0.28,-0.01
2012-12-07,3.58,3.66,3.67,3.56,18291.0,6633160.0,600854,2.23,0.08
2012-12-10,3.68,3.69,3.75,3.62,20259.0,7462340.0,600854,0.82,0.03
2012-12-11,3.71,3.65,3.73,3.63,15993.0,5883862.0,600854,-1.08,-0.04
2012-12-12,3.64,3.65,3.69,3.61,12158.0,4428521.0,600854,0.0,0.0
2012-12-13,3.63,3.61,3.67,3.59,12802.0,4651139.0,600854,-1.1,-0.04
2012-12-14,3.61,3.72,3.75,3.6,26616.0,9837015.0,600854,3.05,0.11
2012-12-17,3.73,3.76,3.77,3.71,23881.0,8943740.0,600854,1.08,0.04
2012-12-18,3.75,3.74,3.77,3.7,23047.0,8598793.0,600854,-0.53,-0.02
2012-12-19,3.73,3.73,3.75,3.7,16767.0,6235216.0,600854,-0.27,-0.01
2012-12-20,3.73,3.73,3.75,3.68,15803.0,5875357.0,600854,0.0,0.0
2012-12-21,3.7,3.73,3.78,3.7,22236.0,8299922.0,600854,0.0,0.0
2012-12-24,3.72,3.7,3.74,3.69,21933.0,8144517.0,600854,-0.8,-0.03
2012-12-25,3.7,3.78,3.8,3.69,32383.0,12168939.0,600854,2.16,0.08
2012-12-26,3.77,3.84,3.88,3.77,32480.0,12412749.0,600854,1.59,0.06
2012-12-27,3.83,3.95,3.97,3.81,64485.0,25079646.0,600854,2.86,0.11
2012-12-28,3.91,3.9,3.93,3.85,35902.0,13958701.0,600854,-1.27,-0.05
2012-12-31,3.9,3.9,3.92,3.85,31236.0,12134912.0,600854,0.0,0.0
2013-01-04,3.9,3.91,3.93,3.86,28777.0,11204726.0,600854,0.26,0.01
2013-01-07,3.9,3.9,3.93,3.87,18854.0,7337422.0,600854,-0.26,-0.01
2013-01-08,3.9,3.93,3.94,3.87,27504.0,10748297.0,600854,0.77,0.03
2013-01-09,3.92,3.93,3.97,3.88,32219.0,12660711.0,600854,0.0,0.0
2013-01-10,3.93,3.98,4.01,3.9,37552.0,14844698.0,600854,1.27,0.05
2013-01-11,3.99,3.83,3.99,3.81,33801.0,13136804.0,600854,-3.77,-0.15
2013-01-14,3.83,3.93,3.93,3.81,34934.0,13553801.0,600854,2.61,0.1
2013-01-15,3.93,3.98,3.99,3.91,36803.0,14564077.0,600854,1.27,0.05
2013-01-16,3.98,3.98,4.04,3.93,41769.0,16649602.0,600854,0.0,0.0
2013-01-17,3.96,3.94,4.02,3.92,23273.0,9203329.0,600854,-1.01,-0.04
2013-01-18,3.95,4.0,4.01,3.94,31395.0,12501161.0,600854,1.52,0.06
2013-01-21,3.98,4.06,4.11,3.98,48281.0,19624576.0,600854,1.5,0.06
2013-01-22,4.06,3.96,4.07,3.93,37654.0,15053742.0,600854,-2.46,-0.1
2013-01-23,3.96,3.92,3.97,3.85,46156.0,18007214.0,600854,-1.01,-0.04
2013-01-24,3.9,3.82,3.95,3.8,34286.0,13317366.0,600854,-2.55,-0.1
2013-01-25,3.84,3.84,3.87,3.8,14717.0,5641002.0,600854,0.52,0.02
2013-01-28,3.84,3.91,3.91,3.84,25363.0,9831239.0,600854,1.82,0.07
2013-01-29,3.91,3.92,3.93,3.86,26809.0,10457702.0,600854,0.26,0.01
2013-01-30,3.91,4.14,4.15,3.86,115628.0,46770516.0,600854,5.61,0.22
2013-01-31,4.08,4.08,4.14,4.03,76346.0,31160412.0,600854,-1.45,-0.06
2013-02-01,4.07,4.07,4.1,4.02,37693.0,15298948.0,600854,-0.25,-0.01
2013-02-04,4.08,4.02,4.09,4.0,43783.0,17678920.0,600854,-1.23,-0.05
2013-02-05,4.02,4.04,4.05,3.97,18038.0,7233597.0,600854,0.5,0.02
2013-02-06,4.04,4.02,4.08,4.02,22211.0,8980049.0,600854,-0.5,-0.02
2013-02-07,4.02,4.0,4.03,3.97,24198.0,9680167.0,600854,-0.5,-0.02
2013-02-08,4.0,4.06,4.06,3.98,25878.0,10394539.0,600854,1.5,0.06
2013-02-18,4.07,4.16,4.18,4.02,64327.0,26487378.0,600854,2.46,0.1
2013-02-19,4.14,4.16,4.22,4.08,72594.0,30084388.0,600854,0.0,0.0
2013-02-20,4.24,4.16,4.29,4.12,67459.0,28184958.0,600854,0.0,0.0
2013-02-21,4.1,4.13,4.25,4.07,37823.0,15701788.0,600854,-0.72,-0.03
2013-02-22,4.11,4.06,4.14,4.05,21929.0,8980002.0,600854,-1.69,-0.07
2013-02-25,4.07,4.08,4.1,4.05,15072.0,6132697.0,600854,0.49,0.02
2013-02-26,4.07,3.98,4.07,3.97,27332.0,11004287.0,600854,-2.45,-0.1
2013-02-27,3.96,3.97,4.01,3.95,17023.0,6773803.0,600854,-0.25,-0.01
2013-02-28,3.97,4.22,4.3,3.92,61426.0,25141272.0,600854,6.3,0.25
2013-03-01,4.15,4.17,4.25,4.12,60001.0,24930536.0,600854,-1.18,-0.05
2013-03-04,4.13,4.04,4.16,4.03,28366.0,11601467.0,600854,-3.12,-0.13
2013-03-05,4.06,4.14,4.15,4.04,30590.0,12595564.0,600854,2.48,0.1
2013-03-06,4.14,4.55,4.55,4.12,207284.0,91123680.0,600854,9.9,0.41
2013-03-07,4.48,4.49,4.54,4.38,112449.0,50242896.0,600854,-1.32,-0.06
2013-03-08,4.43,4.37,4.53,4.35,44173.0,19634064.0,600854,-2.67,-0.12
2013-03-11,4.34,4.39,4.45,4.34,26999.0,11853042.0,600854,0.46,0.02
2013-03-12,4.38,4.28,4.4,4.21,35809.0,15376453.0,600854,-2.51,-0.11
2013-03-13,4.26,4.34,4.37,4.2,27765.0,11966120.0,600854,1.4,0.06
2013-03-14,4.33,4.4,4.46,4.31,45756.0,20206272.0,600854,1.38,0.06
2013-03-15,4.38,4.24,4.43,4.22,42268.0,18251548.0,600854,-3.64,-0.16
2013-03-18,4.24,4.17,4.3,4.15,33268.0,13996547.0,600854,-1.65,-0.07
2013-03-19,4.16,4.4,4.43,4.13,44118.0,18935968.0,600854,5.52,0.23
2013-03-20,4.36,4.84,4.84,4.33,352580.0,162024848.0,600854,10.0,0.44
2013-03-21,4.75,4.9,5.08,4.72,249007.0,121297768.0,600854,1.24,0.06
2013-03-22,4.85,5.39,5.39,4.77,531855.0,275485760.0,600854,10.0,0.49
2013-03-25,5.25,5.44,5.5,5.17,505591.0,268053792.0,600854,0.93,0.05
2013-03-26,5.38,5.27,5.38,5.2,167739.0,88584064.0,600854,-3.13,-0.17
2013-03-27,5.3,5.6,5.8,5.21,501495.0,273655296.0,600854,6.26,0.33
2013-03-28,5.48,5.39,5.5,5.25,438678.0,236283424.0,600854,-3.75,-0.21
2013-03-29,5.32,5.26,5.37,5.15,343307.0,179951680.0,600854,-2.41,-0.13
2013-04-01,5.21,5.02,5.23,4.96,190446.0,96300112.0,600854,-4.56,-0.24
2013-04-02,5.03,5.52,5.52,4.95,457575.0,242670128.0,600854,9.96,0.5
2013-04-03,5.43,5.35,5.53,5.24,361191.0,194527136.0,600854,-3.08,-0.17
2013-04-08,5.25,5.21,5.44,4.9,201251.0,105400016.0,600854,-2.62,-0.14
2013-04-09,5.15,5.34,5.47,5.15,332714.0,178297328.0,600854,2.5,0.13
2013-04-10,5.28,4.9,5.28,4.89,279919.0,140191744.0,600854,-8.24,-0.44
2013-04-11,4.87,4.79,4.87,4.72,119840.0,57505368.0,600854,-2.24,-0.11
2013-04-12,4.79,4.64,4.83,4.62,93997.0,44312224.0,600854,-3.13,-0.15
2013-04-15,4.66,4.7,4.73,4.62,68520.0,31971880.0,600854,1.29,0.06
2013-04-16,4.6,4.66,4.7,4.57,61845.0,28708226.0,600854,-0.85,-0.04
2013-04-17,4.69,4.73,4.76,4.66,77332.0,36467632.0,600854,1.5,0.07
2013-04-18,4.73,4.76,4.79,4.62,89313.0,42068008.0,600854,0.63,0.03
2013-04-19,4.74,4.82,4.86,4.71,98609.0,47317580.0,600854,1.26,0.06
2013-04-22,4.77,4.7,4.79,4.66,75536.0,35648740.0,600854,-2.49,-0.12
2013-04-23,4.7,4.43,4.7,4.42,83401.0,37874976.0,600854,-5.74,-0.27
2013-04-24,4.45,4.58,4.63,4.4,82563.0,37407940.0,600854,3.39,0.15
2013-04-25,4.54,4.4,4.54,4.38,74320.0,33092348.0,600854,-3.93,-0.18
2013-04-26,4.45,4.46,4.64,4.42,94001.0,42790612.0,600854,1.36,0.06
2013-05-02,4.48,4.56,4.62,4.47,50497.0,22943854.0,600854,2.24,0.1
2013-05-03,4.55,4.66,4.73,4.55,77988.0,36457432.0,600854,2.19,0.1
2013-05-06,4.68,4.69,4.74,4.61,64676.0,30218980.0,600854,0.64,0.03
2013-05-07,4.67,4.74,4.76,4.6,90502.0,42213524.0,600854,1.07,0.05
2013-05-08,4.71,4.69,4.74,4.65,56113.0,26328740.0,600854,-1.05,-0.05
2013-05-09,4.67,4.92,4.99,4.61,176288.0,85442000.0,600854,4.9,0.23
2013-05-10,4.86,4.98,5.19,4.82,144848.0,72628800.0,600854,1.22,0.06
2013-05-13,4.99,4.91,4.99,4.83,68641.0,33538812.0,600854,-1.41,-0.07
2013-05-14,4.91,4.8,4.92,4.75,59075.0,28337856.0,600854,-2.24,-0.11
2013-05-15,4.79,4.83,4.85,4.77,44084.0,21219052.0,600854,0.63,0.03
2013-05-16,4.85,4.84,4.91,4.78,63564.0,30804048.0,600854,0.21,0.01
2013-05-17,4.82,4.86,4.92,4.77,73783.0,35893416.0,600854,0.41,0.02
2013-05-20,4.89,4.96,5.01,4.85,86101.0,42622992.0,600854,2.06,0.1
2013-05-21,4.98,4.96,4.98,4.91,72018.0,35584288.0,600854,0.0,0.0
2013-05-22,4.95,5.03,5.06,4.93,82270.0,41154924.0,600854,1.41,0.07
2013-05-23,5.0,5.15,5.35,4.87,176383.0,90348200.0,600854,2.39,0.12
2013-05-24,5.09,5.14,5.18,5.04,88263.0,45115832.0,600854,-0.19,-0.01
2013-05-27,5.15,5.07,5.15,5.04,71216.0,36124756.0,600854,-1.36,-0.07
2013-05-28,5.08,5.08,5.08,4.96,63071.0,31731828.0,600854,0.2,0.01
2013-05-29,5.08,5.12,5.14,5.02,63860.0,32486052.0,600854,0.79,0.04
2013-05-30,5.13,4.95,5.14,4.92,83331.0,41607020.0,600854,-3.32,-0.17
2013-05-31,4.95,4.85,4.98,4.84,63348.0,30972616.0,600854,-2.02,-0.1
2013-06-03,4.86,4.89,4.91,4.81,38514.0,18788648.0,600854,0.82,0.04
2013-06-04,4.9,4.7,4.9,4.69,48825.0,23343066.0,600854,-3.89,-0.19
2013-06-05,4.71,4.69,4.75,4.66,27946.0,13136793.0,600854,-0.21,-0.01
2013-06-06,4.69,4.71,4.82,4.65,30245.0,14348248.0,600854,0.43,0.02
2013-06-07,4.71,4.55,4.75,4.5,33758.0,15554262.0,600854,-3.4,-0.16
2013-06-13,4.5,4.37,4.5,4.21,48151.0,20878716.0,600854,-3.96,-0.18
2013-06-14,4.37,4.39,4.42,4.34,25266.0,11069684.0,600854,0.46,0.02
2013-06-17,4.39,4.39,4.49,4.28,27440.0,12165662.0,600854,0.0,0.0
2013-06-18,4.4,4.47,4.5,4.4,29333.0,13074499.0,600854,1.82,0.08
2013-06-19,4.48,4.42,4.48,4.32,22129.0,9707950.0,600854,-1.12,-0.05
2013-06-20,4.43,4.3,4.43,4.25,22607.0,9819808.0,600854,-2.71,-0.12
2013-06-21,4.27,4.24,4.27,4.16,27456.0,11542373.0,600854,-1.4,-0.06
2013-06-24,4.2,3.88,4.22,3.84,41980.0,16847444.0,600854,-8.49,-0.36
2013-06-25,3.85,3.83,3.88,3.52,42798.0,15968551.0,600854,-1.29,-0.05
2013-06-26,3.82,3.83,3.86,3.72,34833.0,13243565.0,600854,0.0,0.0
2013-06-27,3.85,3.8,3.92,3.78,28778.0,11083252.0,600854,-0.78,-0.03
2013-06-28,3.77,3.78,3.89,3.68,21305.0,8098618.0,600854,-0.53,-0.02
2013-07-01,3.76,3.87,3.89,3.76,21801.0,8315532.0,600854,2.38,0.09
2013-07-02,3.88,3.92,3.93,3.81,24252.0,9415513.0,600854,1.29,0.05
2013-07-03,3.92,3.99,4.1,3.87,52472.0,21051808.0,600854,1.79,0.07
2013-07-04,3.93,4.06,4.15,3.92,62636.0,25309322.0,600854,1.75,0.07
2013-07-05,4.06,3.96,4.08,3.95,50110.0,20118660.0,600854,-2.46,-0.1
2013-07-08,3.92,3.71,3.92,3.7,32702.0,12404297.0,600854,-6.31,-0.25
2013-07-09,3.71,3.73,3.77,3.67,18543.0,6902784.0,600854,0.54,0.02
2013-07-10,3.75,3.85,3.87,3.72,28376.0,10782068.0,600854,3.22,0.12
2013-07-11,3.88,4.06,4.07,3.84,61194.0,24318268.0,600854,5.45,0.21
2013-07-12,4.06,4.0,4.06,3.95,42923.0,17212136.0,600854,-1.48,-0.06
2013-07-15,4.01,4.07,4.09,3.99,32727.0,13233287.0,600854,1.75,0.07
2013-07-16,4.05,4.24,4.3,4.01,78376.0,32708364.0,600854,4.18,0.17
2013-07-17,4.18,4.08,4.28,4.05,41536.0,17254502.0,600854,-3.77,-0.16
2013-07-18,4.11,4.01,4.11,3.97,36627.0,14790171.0,600854,-1.72,-0.07
2013-07-19,4.02,3.94,4.09,3.9,34716.0,13872580.0,600854,-1.75,-0.07
2013-07-22,3.94,4.0,4.01,3.86,24384.0,9629458.0,600854,1.52,0.06
2013-07-23,4.0,4.09,4.12,3.96,38039.0,15448722.0,600854,2.25,0.09
2013-07-24,4.09,4.11,4.12,4.0,38195.0,15534788.0,600854,0.49,0.02
2013-07-25,4.11,4.01,4.13,4.0,29744.0,12088131.0,600854,-2.43,-0.1
2013-07-26,4.02,4.08,4.15,3.94,37915.0,15379370.0,600854,1.75,0.07
2013-07-29,4.05,4.12,4.22,4.02,55825.0,23042900.0,600854,0.98,0.04
2013-07-30,4.11,4.19,4.21,4.0,77151.0,31952772.0,600854,1.7,0.07
2013-07-31,4.22,4.18,4.25,4.13,50210.0,21005398.0,600854,-0.24,-0.01
2013-08-01,4.15,4.22,4.23,4.15,46266.0,19401624.0,600854,0.96,0.04
2013-08-02,4.23,4.18,4.25,4.16,33087.0,13882621.0,600854,-0.95,-0.04
2013-08-05,4.17,4.21,4.25,4.16,34423.0,14496771.0,600854,0.72,0.03
2013-08-06,4.2,4.26,4.26,4.16,46871.0,19816098.0,600854,1.19,0.05
2013-08-07,4.25,4.25,4.35,4.22,59825.0,25604576.0,600854,-0.23,-0.01
2013-08-08,4.27,4.37,4.41,4.25,84869.0,36785000.0,600854,2.82,0.12
2013-08-09,4.36,4.39,4.44,4.28,63294.0,27624956.0,600854,0.46,0.02
2013-08-12,4.4,4.45,4.45,4.33,65491.0,28922818.0,600854,1.37,0.06
2013-08-13,4.45,4.42,4.49,4.39,45814.0,20277908.0,600854,-0.67,-0.03
2013-08-14,4.43,4.36,4.45,4.34,40258.0,17658904.0,600854,-1.36,-0.06
2013-08-15,4.33,4.23,4.38,4.22,43444.0,18679624.0,600854,-2.98,-0.13
2013-08-16,4.21,4.18,4.31,4.17,41575.0,17564838.0,600854,-1.18,-0.05
2013-08-19,4.17,4.34,4.35,4.15,40403.0,17317442.0,600854,3.83,0.16
2013-08-20,4.32,4.28,4.36,4.22,28873.0,12405124.0,600854,-1.38,-0.06
2013-08-21,4.31,4.36,4.39,4.24,37092.0,16015103.0,600854,1.87,0.08
2013-08-22,4.39,4.3,4.42,4.29,63914.0,27834852.0,600854,-1.38,-0.06
2013-08-23,4.3,4.21,4.33,4.14,57010.0,24093608.0,600854,-2.09,-0.09
2013-08-26,4.2,4.3,4.32,4.18,52538.0,22349800.0,600854,2.14,0.09
2013-08-27,4.3,4.3,4.33,4.27,40461.0,17379572.0,600854,0.0,0.0
2013-08-28,4.26,4.23,4.28,4.21,43885.0,18586072.0,600854,-1.63,-0.07
2013-08-29,4.24,4.26,4.28,4.21,30835.0,13112531.0,600854,0.71,0.03
2013-08-30,4.24,4.2,4.28,4.18,43522.0,18437628.0,600854,-1.41,-0.06
2013-09-02,4.24,4.24,4.25,4.09,43447.0,18089120.0,600854,0.95,0.04
2013-09-03,4.22,4.3,4.32,4.2,43703.0,18627560.0,600854,1.42,0.06
2013-09-04,4.29,4.31,4.32,4.25,40064.0,17202430.0,600854,0.23,0.01
2013-09-05,4.31,4.23,4.33,4.23,33489.0,14277707.0,600854,-1.86,-0.08
2013-09-06,4.21,4.34,4.37,4.1,78797.0,33713292.0,600854,2.6,0.11
2013-09-09,4.33,4.36,4.38,4.31,68215.0,29700696.0,600854,0.46,0.02
2013-09-10,4.36,4.39,4.4,4.32,62680.0,27295652.0,600854,0.69,0.03
2013-09-11,4.59,4.47,4.63,4.45,193649.0,87576336.0,600854,1.82,0.08
2013-09-12,4.45,4.46,4.48,4.37,75422.0,33344732.0,600854,-0.22,-0.01
2013-09-13,4.45,4.38,4.46,4.37,42601.0,18749496.0,600854,-1.79,-0.08
2013-09-16,4.38,4.4,4.42,4.36,38542.0,16930222.0,600854,0.46,0.02
2013-09-17,4.4,4.28,4.4,4.26,48048.0,20752896.0,600854,-2.73,-0.12
2013-09-18,4.27,4.28,4.29,4.21,32486.0,13815372.0,600854,0.0,0.0
2013-09-23,4.28,4.35,4.37,4.26,40546.0,17488192.0,600854,1.64,0.07
2013-09-24,4.35,4.28,4.35,4.26,32123.0,13801099.0,600854,-1.61,-0.07
2013-09-25,4.27,4.33,4.36,4.25,36711.0,15866793.0,600854,1.17,0.05
2013-09-26,4.32,4.19,4.33,4.19,34679.0,14745869.0,600854,-3.23,-0.14
2013-09-27,4.18,4.17,4.23,4.17,17199.0,7211725.0,600854,-0.48,-0.02
2013-09-30,4.17,4.22,4.24,4.17,18505.0,7762920.0,600854,1.2,0.05
2013-10-08,4.22,4.26,4.27,4.17,29793.0,12589100.0,600854,0.95,0.04
2013-10-09,4.23,4.29,4.3,4.23,26278.0,11206568.0,600854,0.7,0.03
2013-10-10,4.29,4.37,4.5,4.26,97256.0,42530600.0,600854,1.86,0.08
2013-10-11,4.36,4.36,4.38,4.32,52663.0,22911532.0,600854,-0.23,-0.01
2013-10-14,4.38,4.44,4.46,4.38,73276.0,32412536.0,600854,1.83,0.08
2013-10-15,4.45,4.45,4.53,4.42,61393.0,27438550.0,600854,0.23,0.01
2013-10-16,4.45,4.4,4.51,4.3,81262.0,35888048.0,600854,-1.12,-0.05
2013-10-17,4.37,4.4,4.48,4.36,55076.0,24340828.0,600854,0.0,0.0
2013-10-18,4.4,4.49,4.51,4.36,68818.0,30632846.0,600854,2.05,0.09
2013-10-21,4.49,4.53,4.59,4.45,95757.0,43349104.0,600854,0.89,0.04
2013-10-22,4.51,4.55,4.61,4.46,109762.0,49807316.0,600854,0.44,0.02
2013-10-23,4.53,4.39,4.56,4.37,57765.0,25753780.0,600854,-3.52,-0.16
2013-10-24,4.4,4.47,4.53,4.37,66335.0,29561152.0,600854,1.82,0.08
2013-10-25,4.49,4.43,4.59,4.35,111237.0,49848792.0,600854,-0.89,-0.04
2013-10-28,4.37,4.44,4.45,4.26,75020.0,32637672.0,600854,0.23,0.01
2013-10-29,4.41,4.19,4.44,4.1,72127.0,30812988.0,600854,-5.63,-0.25
2013-10-30,4.18,4.23,4.24,4.14,46707.0,19585582.0,600854,0.95,0.04
2013-10-31,4.21,4.26,4.34,4.19,56342.0,24116756.0,600854,0.71,0.03
2013-11-01,4.25,4.17,4.25,4.14,35785.0,14987539.0,600854,-2.11,-0.09
2013-11-04,4.19,4.18,4.22,4.16,18626.0,7793296.0,600854,0.24,0.01
2013-11-05,4.18,4.19,4.2,4.12,23031.0,9591120.0,600854,0.24,0.01
2013-11-06,4.15,4.2,4.27,4.15,41978.0,17744944.0,600854,0.24,0.01
2013-11-07,4.22,4.11,4.22,4.1,28535.0,11855249.0,600854,-2.14,-0.09
2013-11-08,4.13,4.0,4.13,3.99,28978.0,11727277.0,600854,-2.68,-0.11
2013-11-11,4.01,4.03,4.05,3.96,14515.0,5819962.0,600854,0.75,0.03
2013-11-12,4.08,4.11,4.13,4.05,23522.0,9627147.0,600854,1.99,0.08
2013-11-13,4.09,4.0,4.09,3.99,19865.0,8014631.0,600854,-2.68,-0.11
2013-11-14,3.98,4.03,4.07,3.95,16205.0,6521958.0,600854,0.75,0.03
2013-11-15,4.01,4.09,4.12,4.01,25065.0,10248206.0,600854,1.49,0.06
2013-11-18,4.12,4.16,4.16,4.08,40524.0,16718338.0,600854,1.71,0.07
2013-11-19,4.23,4.58,4.58,4.2,135433.0,60773152.0,600854,10.1,0.42
2013-11-20,4.81,4.87,4.95,4.66,388382.0,185385024.0,600854,6.33,0.29
2013-11-21,4.73,4.75,4.82,4.7,193639.0,92116568.0,600854,-2.46,-0.12
2013-11-22,4.69,4.7,4.79,4.64,132216.0,62213024.0,600854,-1.05,-0.05
2013-11-25,4.68,4.67,4.78,4.64,97457.0,45874088.0,600854,-0.64,-0.03
2013-11-26,4.64,4.58,4.67,4.53,117071.0,53631736.0,600854,-1.93,-0.09
2013-11-27,4.58,4.63,4.65,4.54,78071.0,35962904.0,600854,1.09,0.05
2013-11-28,4.62,4.67,4.82,4.59,138312.0,65332352.0,600854,0.86,0.04
2013-11-29,4.63,4.6,4.67,4.57,82009.0,37729656.0,600854,-1.5,-0.07
2013-12-02,4.48,4.3,4.51,4.27,97932.0,43052960.0,600854,-6.52,-0.3
2013-12-03,4.28,4.4,4.4,4.24,40151.0,17475144.0,600854,2.33,0.1
2013-12-04,4.38,4.45,4.51,4.36,50231.0,22367642.0,600854,1.14,0.05
2013-12-05,4.42,4.62,4.68,4.42,111399.0,50895656.0,600854,3.82,0.17
2013-12-06,4.59,4.53,4.78,4.52,87641.0,40720964.0,600854,-1.95,-0.09
2013-12-09,4.59,4.66,4.72,4.54,86173.0,40121444.0,600854,2.87,0.13
2013-12-10,4.7,4.83,4.93,4.64,177990.0,85511552.0,600854,3.65,0.17
2013-12-11,4.8,4.75,4.91,4.67,135112.0,64654064.0,600854,-1.66,-0.08
2013-12-12,4.75,4.67,4.84,4.63,92523.0,43779488.0,600854,-1.68,-0.08
2013-12-13,4.61,4.75,4.77,4.58,101447.0,47595820.0,600854,1.71,0.08
2013-12-16,4.72,4.68,4.77,4.54,83624.0,39002568.0,600854,-1.47,-0.07
2013-12-17,4.64,4.53,4.69,4.5,63522.0,28967352.0,600854,-3.21,-0.15
2013-12-18,4.53,4.51,4.59,4.44,46514.0,20991180.0,600854,-0.44,-0.02
2013-12-19,4.54,4.51,4.64,4.46,38904.0,17587150.0,600854,0.0,0.0
2013-12-20,4.54,4.43,4.54,4.35,46780.0,20753436.0,600854,-1.77,-0.08
2013-12-23,4.42,4.32,4.44,4.28,44614.0,19365032.0,600854,-2.48,-0.11
2013-12-24,4.31,4.34,4.39,4.28,44765.0,19474518.0,600854,0.46,0.02
2013-12-25,4.34,4.33,4.38,4.3,40326.0,17478070.0,600854,-0.23,-0.01
2013-12-26,4.33,4.24,4.33,4.11,66419.0,27984256.0,600854,-2.08,-0.09
2013-12-27,4.23,4.24,4.27,4.19,52325.0,22157192.0,600854,0.0,0.0
2013-12-30,4.25,4.21,4.27,4.17,37867.0,15936559.0,600854,-0.71,-0.03
2013-12-31,4.22,4.24,4.26,4.15,34347.0,14517442.0,600854,0.71,0.03
2014-01-02,4.23,4.24,4.29,4.18,39513.0,16759758.0,600854,0.0,0.0
2014-01-03,4.22,4.2,4.24,4.14,39423.0,16474850.0,600854,-0.94,-0.04
2014-01-06,4.18,4.03,4.19,4.02,29410.0,11989987.0,600854,-4.05,-0.17
2014-01-07,4.01,4.08,4.09,4.0,24474.0,9891681.0,600854,1.24,0.05
2014-01-08,4.07,4.04,4.11,4.03,21739.0,8831232.0,600854,-0.98,-0.04
2014-01-09,4.05,4.06,4.16,4.04,38200.0,15624951.0,600854,0.5,0.02
2014-01-10,4.05,4.02,4.07,3.99,32311.0,13017879.0,600854,-0.99,-0.04
2014-01-13,4.0,3.97,4.05,3.95,22661.0,9038864.0,600854,-1.24,-0.05
2014-01-14,3.96,4.07,4.08,3.95,25725.0,10378917.0,600854,2.52,0.1
2014-01-15,4.08,4.12,4.15,4.04,34836.0,14315096.0,600854,1.23,0.05
2014-01-16,4.14,4.09,4.14,4.07,24784.0,10160335.0,600854,-0.73,-0.03
2014-01-17,4.08,4.0,4.08,4.0,25653.0,10330097.0,600854,-2.2,-0.09
2014-01-20,3.98,4.03,4.04,3.97,17034.0,6836374.0,600854,0.75,0.03
2014-01-21,4.01,4.1,4.12,4.01,20310.0,8294913.0,600854,1.74,0.07
2014-01-22,4.11,4.19,4.19,4.08,33935.0,14078200.0,600854,2.2,0.09
2014-01-23,4.17,4.17,4.19,4.14,30920.0,12859356.0,600854,-0.48,-0.02
2014-01-24,4.15,4.21,4.22,4.14,31831.0,13355430.0,600854,0.96,0.04
2014-01-27,4.19,4.22,4.32,4.18,63306.0,26921944.0,600854,0.24,0.01
2014-01-28,4.22,4.2,4.25,4.15,31833.0,13379579.0,600854,-0.47,-0.02
2014-01-29,4.21,4.22,4.24,4.19,24476.0,10327686.0,600854,0.48,0.02
2014-01-30,4.21,4.18,4.24,4.12,25849.0,10761689.0,600854,-0.95,-0.04
2014-02-07,4.15,4.27,4.28,4.14,43750.0,18468440.0,600854,2.15,0.09
2014-02-10,4.25,4.47,4.65,4.25,108185.0,48409320.0,600854,4.68,0.2
2014-02-11,4.44,4.44,4.48,4.38,61021.0,27038068.0,600854,-0.67,-0.03
2014-02-12,4.44,4.49,4.55,4.42,58076.0,26102796.0,600854,1.13,0.05
2014-02-13,4.47,4.43,4.62,4.42,70375.0,31844752.0,600854,-1.34,-0.06
2014-02-14,4.43,4.48,4.52,4.41,55527.0,24794870.0,600854,1.13,0.05
2014-02-17,4.5,4.57,4.62,4.49,63129.0,28834358.0,600854,2.01,0.09
2014-02-18,4.56,4.53,4.59,4.48,78993.0,35730520.0,600854,-0.88,-0.04
2014-02-19,4.53,4.66,4.74,4.52,131997.0,61421476.0,600854,2.87,0.13
2014-02-20,4.63,4.54,4.66,4.53,87107.0,40096520.0,600854,-2.58,-0.12
2014-02-21,4.54,4.44,4.57,4.37,63820.0,28480024.0,600854,-2.2,-0.1
2014-02-24,4.42,4.45,4.47,4.35,54173.0,23930512.0,600854,0.23,0.01
2014-02-25,4.42,4.34,4.55,4.3,79649.0,35451876.0,600854,-2.47,-0.11
2014-02-26,4.3,4.38,4.38,4.28,47400.0,20566768.0,600854,0.92,0.04
2014-02-27,4.39,4.44,4.6,4.39,87620.0,39317556.0,600854,1.37,0.06
2014-02-28,4.43,4.65,4.66,4.42,116086.0,52943964.0,600854,4.73,0.21
2014-03-03,4.66,4.64,4.75,4.6,111275.0,51941484.0,600854,-0.22,-0.01
2014-03-04,4.61,4.71,4.82,4.55,117212.0,55077552.0,600854,1.51,0.07
2014-03-05,4.7,4.77,4.85,4.65,127882.0,60870088.0,600854,1.27,0.06
2014-03-06,4.74,4.7,4.85,4.69,110018.0,52263788.0,600854,-1.47,-0.07
2014-03-07,4.68,4.66,4.72,4.55,100625.0,46690752.0,600854,-0.85,-0.04
2014-03-10,4.63,4.45,4.64,4.43,77733.0,35079320.0,600854,-4.51,-0.21
2014-03-11,4.4,4.6,4.64,4.39,86149.0,38935388.0,600854,3.37,0.15
2014-03-12,4.55,4.51,4.62,4.4,69417.0,31288508.0,600854,-1.96,-0.09
2014-03-13,4.5,4.54,4.57,4.48,42014.0,19000196.0,600854,0.67,0.03
2014-03-14,4.51,4.61,4.69,4.49,68751.0,31640256.0,600854,1.54,0.07
2014-03-17,4.6,4.74,4.77,4.6,77272.0,36341264.0,600854,2.82,0.13
2014-03-18,4.74,4.72,4.76,4.66,61203.0,28872708.0,600854,-0.42,-0.02
2014-03-19,4.7,4.79,4.82,4.63,87957.0,41783484.0,600854,1.48,0.07
2014-03-20,4.76,4.57,4.84,4.56,91070.0,42638236.0,600854,-4.59,-0.22
2014-03-21,4.52,4.68,4.69,4.5,53232.0,24478826.0,600854,2.41,0.11
2014-03-24,4.66,4.71,4.76,4.65,64019.0,30047936.0,600854,0.64,0.03
2014-03-25,4.7,4.74,4.77,4.68,57748.0,27305296.0,600854,0.64,0.03
2014-03-26,4.74,4.71,4.79,4.68,49751.0,23496992.0,600854,-0.63,-0.03
2014-03-27,4.69,4.63,4.72,4.61,42255.0,19747068.0,600854,-1.7,-0.08
2014-03-28,4.63,4.49,4.64,4.47,66216.0,30058612.0,600854,-3.02,-0.14
2014-03-31,4.49,4.52,4.56,4.46,30838.0,13935636.0,600854,0.67,0.03
2014-04-01,4.5,4.59,4.59,4.5,25897.0,11794224.0,600854,1.55,0.07
2014-04-02,4.6,4.57,4.64,4.54,30149.0,13806702.0,600854,-0.44,-0.02
2014-04-03,4.58,4.62,4.64,4.54,44681.0,20533788.0,600854,1.09,0.05
2014-04-04,4.62,4.64,4.64,4.57,30421.0,14046950.0,600854,0.43,0.02
2014-04-08,4.6,4.68,4.68,4.59,36374.0,16924822.0,600854,0.86,0.04
2014-04-09,4.68,4.68,4.71,4.64,33034.0,15431593.0,600854,0.0,0.0
2014-04-10,4.67,4.69,4.71,4.64,36061.0,16865884.0,600854,0.21,0.01
2014-04-11,4.66,4.63,4.68,4.58,46393.0,21423164.0,600854,-1.28,-0.06
2014-04-14,4.67,4.67,4.68,4.61,35227.0,16351317.0,600854,0.86,0.04
2014-04-15,4.67,4.72,4.77,4.62,74439.0,34881568.0,600854,1.07,0.05
2014-04-16,4.79,4.69,4.79,4.63,73024.0,34385896.0,600854,-0.64,-0.03
2014-04-17,4.68,4.61,4.68,4.61,41633.0,19324206.0,600854,-1.71,-0.08
2014-04-18,4.58,4.74,4.75,4.56,72612.0,34013444.0,600854,2.82,0.13
2014-04-21,4.7,4.7,4.77,4.66,62146.0,29315824.0,600854,-0.84,-0.04
2014-04-22,4.69,4.84,4.89,4.67,167540.0,80436608.0,600854,2.98,0.14
2014-04-23,4.81,4.87,4.88,4.76,102381.0,49329700.0,600854,0.62,0.03
2014-04-24,4.85,4.84,4.96,4.78,100082.0,48671808.0,600854,-0.62,-0.03
2014-04-25,4.81,4.54,4.84,4.5,101393.0,47391440.0,600854,-6.2,-0.3
2014-04-28,4.56,4.49,4.59,4.45,51121.0,23105706.0,600854,-1.1,-0.05
2014-04-29,4.5,4.59,4.6,4.47,37445.0,17013146.0,600854,2.23,0.1
2014-04-30,4.6,4.68,4.69,4.55,43056.0,19865274.0,600854,1.96,0.09
2014-05-05,4.63,4.8,4.82,4.59,68048.0,32165580.0,600854,2.56,0.12
2014-05-06,4.79,4.81,4.88,4.75,76696.0,36909920.0,600854,0.21,0.01
2014-05-07,4.8,4.89,4.99,4.74,132178.0,64760536.0,600854,1.66,0.08
2014-05-08,4.88,4.84,4.97,4.82,92772.0,45403052.0,600854,-1.02,-0.05
2014-05-09,4.85,5.13,5.27,4.81,249864.0,127468896.0,600854,5.99,0.29
2014-05-12,5.1,5.2,5.21,5.08,156772.0,80797560.0,600854,1.36,0.07
2014-05-13,5.15,5.14,5.18,5.06,105072.0,53690064.0,600854,-1.15,-0.06
2014-05-14,5.14,5.05,5.22,5.04,107103.0,55020532.0,600854,-1.75,-0.09
2014-05-15,5.02,4.86,5.05,4.85,107926.0,53333968.0,600854,-3.76,-0.19
2014-05-16,4.86,4.97,4.98,4.82,79160.0,38858208.0,600854,2.26,0.11
2014-05-19,4.97,4.92,4.97,4.86,43902.0,21547220.0,600854,-1.01,-0.05
2014-05-20,4.94,5.01,5.01,4.89,52383.0,25874322.0,600854,1.83,0.09
2014-05-21,4.97,5.13,5.14,4.95,79599.0,40395872.0,600854,2.4,0.12
2014-05-22,5.11,5.01,5.16,5.0,59786.0,30423412.0,600854,-2.34,-0.12
2014-05-23,5.0,4.97,5.03,4.88,61079.0,30227306.0,600854,-0.8,-0.04
2014-05-26,4.99,5.04,5.05,4.94,49636.0,24781584.0,600854,1.41,0.07
2014-05-27,5.04,5.05,5.13,5.0,54963.0,27832820.0,600854,0.2,0.01
2014-05-28,5.05,5.12,5.15,4.97,94344.0,47816472.0,600854,1.39,0.07
2014-05-29,5.11,5.22,5.26,5.05,132723.0,68768120.0,600854,1.95,0.1
2014-05-30,5.22,5.15,5.26,5.13,84188.0,43601472.0,600854,-1.34,-0.07
2014-06-03,5.15,5.03,5.2,4.98,94802.0,48267628.0,600854,-2.33,-0.12
2014-06-04,5.02,4.93,5.03,4.85,68020.0,33533836.0,600854,-1.99,-0.1
2014-06-05,4.93,5.0,5.0,4.89,46353.0,22957848.0,600854,1.42,0.07
2014-06-06,4.98,5.05,5.08,4.95,54620.0,27401840.0,600854,1.0,0.05
2014-06-09,5.03,4.88,5.05,4.87,35535.0,17656532.0,600854,-3.37,-0.17
2014-06-10,4.87,4.98,5.03,4.86,47497.0,23501720.0,600854,2.05,0.1
2014-06-11,4.98,4.94,5.0,4.9,35748.0,17692132.0,600854,-0.8,-0.04
2014-06-12,4.94,4.87,4.95,4.85,46119.0,22541284.0,600854,-1.42,-0.07
2014-06-13,4.84,4.99,4.99,4.84,49492.0,24381340.0,600854,2.46,0.12
2014-06-16,4.96,4.99,5.02,4.93,35477.0,17628206.0,600854,0.0,0.0
2014-06-17,4.95,4.9,4.98,4.9,32455.0,16015274.0,600854,-1.8,-0.09
2014-06-18,4.86,4.85,4.92,4.74,65468.0,31615932.0,600854,-1.02,-0.05
2014-06-19,4.86,4.68,4.86,4.65,33397.0,15845576.0,600854,-3.51,-0.17
2014-06-20,4.68,4.72,4.73,4.65,23079.0,10818269.0,600854,0.85,0.04
2014-06-23,4.73,4.72,4.77,4.7,25925.0,12277446.0,600854,0.0,0.0
2014-06-24,4.71,4.8,4.82,4.7,24047.0,11475209.0,600854,1.69,0.08
2014-06-25,4.81,4.81,4.83,4.74,22703.0,10884990.0,600854,0.21,0.01
2014-06-26,4.8,4.88,4.95,4.75,38991.0,18992164.0,600854,1.46,0.07
2014-06-27,4.87,4.98,5.06,4.87,68144.0,33986252.0,600854,2.05,0.1
2014-06-30,4.98,4.98,5.02,4.96,34027.0,16954856.0,600854,0.0,0.0
2014-07-01,4.96,4.97,5.0,4.93,28291.0,14007826.0,600854,-0.2,-0.01
2014-07-02,4.97,5.24,5.46,4.94,252369.0,132046992.0,600854,5.43,0.27
2014-07-03,5.2,5.22,5.28,5.12,88664.0,46067784.0,600854,-0.38,-0.02
2014-07-04,5.18,5.13,5.21,5.12,46932.0,24190298.0,600854,-1.72,-0.09
2014-07-07,5.1,5.17,5.19,5.08,32459.0,16701902.0,600854,0.78,0.04
2014-07-08,5.15,5.28,5.35,5.09,183821.0,96630472.0,600854,2.13,0.11
2014-07-09,5.25,5.12,5.33,5.1,68239.0,35508292.0,600854,-3.03,-0.16
2014-07-10,5.1,5.23,5.45,5.06,188566.0,99108432.0,600854,2.15,0.11
2014-07-11,5.1,5.22,5.27,5.05,62702.0,32561566.0,600854,-0.19,-0.01
2014-07-14,5.21,5.32,5.35,5.19,129297.0,68083552.0,600854,1.92,0.1
2014-07-15,5.3,5.41,5.44,5.24,150752.0,80854272.0,600854,1.69,0.09
2014-07-16,5.42,5.28,5.42,5.25,100335.0,53418280.0,600854,-2.4,-0.13
2014-07-17,5.26,5.35,5.43,5.19,83501.0,43950928.0,600854,1.33,0.07
2014-07-18,5.3,5.38,5.53,5.3,75099.0,40595456.0,600854,0.56,0.03
2014-07-21,5.39,5.27,5.43,5.27,50138.0,26669624.0,600854,-2.04,-0.11
2014-07-22,5.28,5.44,5.58,5.25,133080.0,72585712.0,600854,3.23,0.17
2014-07-23,5.43,5.44,5.47,5.36,63949.0,34622376.0,600854,0.0,0.0
2014-07-24,5.45,5.36,5.48,5.29,73238.0,39335856.0,600854,-1.47,-0.08
2014-07-25,5.39,5.43,5.49,5.33,73867.0,40061172.0,600854,1.31,0.07
2014-07-28,5.43,5.53,5.55,5.36,106438.0,58106712.0,600854,1.84,0.1
2014-07-29,5.52,5.56,5.64,5.44,113096.0,62659548.0,600854,0.54,0.03
2014-07-30,5.53,5.52,5.54,5.42,62149.0,34071796.0,600854,-0.72,-0.04
2014-07-31,5.52,5.51,5.52,5.43,66294.0,36284964.0,600854,-0.18,-0.01
2014-08-01,5.48,5.37,5.53,5.35,118152.0,63944336.0,600854,-2.54,-0.14
2014-08-04,5.35,5.43,5.44,5.31,55717.0,30105894.0,600854,1.12,0.06
2014-08-05,5.43,5.42,5.44,5.37,57307.0,30974880.0,600854,-0.18,-0.01
2014-08-06,5.4,5.5,5.51,5.35,86684.0,47135712.0,600854,1.48,0.08
2014-08-07,5.49,5.42,5.57,5.41,87967.0,48203060.0,600854,-1.45,-0.08
2014-08-08,5.39,5.41,5.47,5.37,58999.0,31913468.0,600854,-0.18,-0.01
2014-08-11,5.4,5.52,5.54,5.39,72662.0,39860716.0,600854,2.03,0.11
2014-08-12,5.51,5.58,5.6,5.45,102219.0,56604924.0,600854,1.09,0.06
2014-08-13,5.58,5.5,5.59,5.44,103758.0,57036868.0,600854,-1.43,-0.08
2014-08-14,5.5,5.42,5.54,5.41,68199.0,37395544.0,600854,-1.45,-0.08
2014-08-15,5.43,5.46,5.51,5.4,68695.0,37429800.0,600854,0.74,0.04
2014-08-18,5.45,5.66,5.72,5.45,166484.0,93105792.0,600854,3.66,0.2
2014-08-19,5.62,5.65,5.68,5.58,93012.0,52313776.0,600854,-0.18,-0.01
2014-08-20,5.65,5.66,5.79,5.61,138294.0,78834880.0,600854,0.18,0.01
2014-08-21,5.68,5.7,5.72,5.57,85611.0,48256964.0,600854,0.71,0.04
2014-08-22,5.62,5.8,5.88,5.5,198513.0,112698000.0,600854,1.75,0.1
2014-08-25,5.8,5.72,5.89,5.7,143979.0,83099408.0,600854,-1.38,-0.08
2014-08-26,5.67,5.57,5.7,5.42,174794.0,96837384.0,600854,-2.62,-0.15
2014-08-27,5.5,5.72,5.77,5.45,174736.0,98616016.0,600854,2.69,0.15
2014-08-28,5.69,5.61,5.69,5.54,63958.0,35845000.0,600854,-1.92,-0.11
2014-08-29,5.62,5.86,5.87,5.57,200666.0,114837376.0,600854,4.46,0.25
2014-09-01,5.85,5.86,5.89,5.75,85202.0,49766336.0,600854,0.0,0.0
2014-09-02,5.85,5.94,5.96,5.81,127990.0,75372928.0,600854,1.37,0.08
2014-09-03,5.92,6.08,6.15,5.88,192221.0,115902552.0,600854,2.36,0.14
2014-09-04,6.08,6.04,6.08,5.99,129132.0,77881808.0,600854,-0.66,-0.04
2014-09-05,6.01,6.04,6.09,5.96,111190.0,67094660.0,600854,0.0,0.0
2014-09-09,6.02,6.15,6.26,5.99,131311.0,80477688.0,600854,1.82,0.11
2014-09-10,6.12,6.16,6.24,6.09,89284.0,55043712.0,600854,0.16,0.01
2014-09-11,6.13,6.04,6.2,6.02,107204.0,65532288.0,600854,-1.95,-0.12
2014-09-12,6.02,6.07,6.08,5.94,78826.0,47480988.0,600854,0.5,0.03
2014-09-15,6.03,6.14,6.16,6.0,79742.0,48461456.0,600854,1.15,0.07
2014-09-16,6.1,5.8,6.16,5.78,117366.0,70372424.0,600854,-5.54,-0.34
2014-09-17,5.8,5.88,5.89,5.77,64285.0,37534432.0,600854,1.38,0.08
2014-09-18,5.87,5.89,5.94,5.83,61001.0,35905504.0,600854,0.17,0.01
2014-09-19,5.89,5.97,5.98,5.86,62094.0,36774332.0,600854,1.36,0.08
2014-09-22,5.97,5.83,5.98,5.79,50499.0,29566944.0,600854,-2.35,-0.14
2014-09-23,5.83,5.92,5.93,5.81,83176.0,48780544.0,600854,1.54,0.09
2014-09-24,5.88,6.1,6.11,5.86,117851.0,70744568.0,600854,3.04,0.18
2014-09-25,6.09,6.01,6.11,6.0,72306.0,43809436.0,600854,-1.48,-0.09
2014-09-26,6.01,6.04,6.09,5.97,48875.0,29547756.0,600854,0.5,0.03
2014-09-29,6.03,6.12,6.16,6.02,75597.0,46063760.0,600854,1.32,0.08
2014-09-30,6.12,6.14,6.22,6.09,78637.0,48413600.0,600854,0.33,0.02
2014-10-08,6.15,6.24,6.25,6.1,95559.0,59148604.0,600854,1.63,0.1
2014-10-09,6.26,6.25,6.33,6.15,114861.0,71807936.0,600854,0.16,0.01
2014-10-10,6.23,6.11,6.23,6.09,84866.0,52186504.0,600854,-2.24,-0.14
2014-10-13,6.08,6.12,6.13,5.98,57232.0,34614256.0,600854,0.16,0.01
2014-10-14,6.1,6.12,6.14,6.05,53213.0,32463408.0,600854,0.0,0.0
2014-10-15,6.12,6.15,6.16,5.99,69215.0,42191092.0,600854,0.49,0.03
2014-10-16,6.09,6.06,6.18,6.05,73174.0,44714128.0,600854,-1.46,-0.09
2014-10-17,6.03,5.88,6.07,5.8,75386.0,44618844.0,600854,-2.97,-0.18
2014-10-20,5.88,5.95,5.95,5.84,45576.0,26895158.0,600854,1.19,0.07
2014-10-21,5.93,5.86,5.94,5.84,39900.0,23472840.0,600854,-1.51,-0.09
2014-10-22,5.86,5.87,5.94,5.82,40613.0,23888632.0,600854,0.17,0.01
2014-10-23,5.86,5.67,5.9,5.65,54108.0,31184588.0,600854,-3.41,-0.2
2014-10-24,5.62,5.54,5.79,5.52,48349.0,27130070.0,600854,-2.29,-0.13
2014-10-27,5.55,5.61,5.63,5.46,39114.0,21771536.0,600854,1.26,0.07
2014-10-28,5.59,5.78,5.79,5.59,58303.0,33370428.0,600854,3.03,0.17
2014-10-29,5.79,5.88,5.9,5.77,68310.0,39919632.0,600854,1.73,0.1
2014-10-30,5.86,5.87,5.9,5.8,50208.0,29393564.0,600854,-0.17,-0.01
2014-10-31,5.88,5.85,5.89,5.78,58633.0,34174320.0,600854,-0.34,-0.02
2014-11-03,5.87,5.95,6.02,5.84,67681.0,40259140.0,600854,1.71,0.1
2014-11-04,5.96,5.91,6.01,5.85,63236.0,37418352.0,600854,-0.67,-0.04
2014-11-05,5.93,5.85,5.95,5.82,38443.0,22529924.0,600854,-1.02,-0.06
2014-11-06,5.83,5.92,5.94,5.83,48652.0,28586114.0,600854,1.2,0.07
2014-11-07,5.92,5.81,5.96,5.73,63400.0,37493804.0,600854,-1.86,-0.11
2014-11-10,5.81,5.86,5.86,5.76,39574.0,22999476.0,600854,0.86,0.05
2014-11-11,5.86,5.68,5.88,5.64,68621.0,39262936.0,600854,-3.07,-0.18
2014-11-12,5.65,5.73,5.74,5.64,32784.0,18668856.0,600854,0.88,0.05
2014-11-13,5.74,5.63,5.74,5.56,52034.0,29260992.0,600854,-1.75,-0.1
2014-11-14,5.6,5.63,5.66,5.54,34520.0,19325370.0,600854,0.0,0.0
2014-11-17,5.63,5.72,5.79,5.6,42322.0,24068520.0,600854,1.6,0.09
2014-11-18,5.71,5.8,5.83,5.61,45232.0,26121324.0,600854,1.4,0.08
2014-11-19,5.79,5.82,5.86,5.76,40626.0,23592272.0,600854,0.34,0.02
2014-11-20,5.78,5.95,5.96,5.76,76922.0,45293088.0,600854,2.23,0.13
2014-11-21,5.86,5.92,5.93,5.83,61406.0,36174348.0,600854,-0.5,-0.03
2014-11-24,5.94,6.02,6.07,5.89,122131.0,73036800.0,600854,1.69,0.1
2014-11-25,6.02,6.05,6.21,6.02,110418.0,67373584.0,600854,0.5,0.03
2014-11-26,6.08,6.05,6.18,6.0,81491.0,49499352.0,600854,0.0,0.0
2014-11-27,6.06,6.06,6.16,5.97,131927.0,79926704.0,600854,0.17,0.01
2014-11-28,6.06,6.09,6.11,5.94,103121.0,62106012.0,600854,0.5,0.03
2014-12-01,6.08,6.07,6.2,5.95,144028.0,87552768.0,600854,-0.33,-0.02
2014-12-02,6.06,6.34,6.4,6.03,235015.0,147095616.0,600854,4.45,0.27
2014-12-03,6.26,6.16,6.34,6.06,236599.0,146060128.0,600854,-2.84,-0.18
2014-12-04,6.13,6.18,6.19,6.11,137823.0,84762712.0,600854,0.32,0.02
2014-12-05,6.18,5.85,6.18,5.82,161939.0,96673256.0,600854,-5.34,-0.33
2014-12-08,5.8,5.78,5.84,5.69,134807.0,77911616.0,600854,-1.2,-0.07
2014-12-09,5.8,5.58,5.86,5.5,178469.0,102128576.0,600854,-3.46,-0.2
2014-12-10,5.52,5.76,5.8,5.5,102980.0,58503276.0,600854,3.23,0.18
2014-12-11,5.72,5.82,5.87,5.7,76284.0,44218480.0,600854,1.04,0.06
2014-12-12,5.83,5.89,5.93,5.8,75308.0,44268792.0,600854,1.2,0.07
2014-12-15,5.89,5.89,5.92,5.79,81553.0,47702904.0,600854,0.0,0.0
2014-12-16,5.89,5.9,5.93,5.85,61420.0,36150612.0,600854,0.17,0.01
2014-12-17,5.9,6.0,6.18,5.85,204629.0,123110536.0,600854,1.69,0.1
2014-12-18,5.95,5.82,5.99,5.8,115520.0,67614736.0,600854,-3.0,-0.18
2014-12-19,5.8,5.73,5.88,5.63,75397.0,43198380.0,600854,-1.55,-0.09
2014-12-22,5.74,5.54,5.74,5.44,110877.0,61994888.0,600854,-3.32,-0.19
2014-12-23,5.5,5.58,5.74,5.49,64008.0,36121704.0,600854,0.72,0.04
2014-12-24,5.55,5.74,5.76,5.55,63893.0,36289608.0,600854,2.87,0.16
2014-12-25,5.72,5.77,5.77,5.67,43531.0,24950416.0,600854,0.52,0.03
2014-12-26,5.75,5.76,5.8,5.7,45931.0,26401940.0,600854,-0.17,-0.01
2014-12-29,5.76,5.71,5.84,5.65,53574.0,30649700.0,600854,-0.87,-0.05
2014-12-30,5.7,5.52,5.73,5.51,39515.0,22186256.0,600854,-3.33,-0.19
2014-12-31,5.53,5.59,5.59,5.5,32805.0,18178108.0,600854,1.27,0.07
2015-01-05,5.6,5.72,5.74,5.57,54206.0,30732614.0,600854,2.33,0.13
2015-01-06,5.7,5.78,5.83,5.66,71542.0,41177372.0,600854,1.05,0.06
2015-01-07,5.78,5.79,5.83,5.72,62923.0,36409744.0,600854,0.17,0.01
2015-01-08,5.79,5.78,5.83,5.73,43583.0,25226240.0,600854,-0.17,-0.01
2015-01-09,5.77,5.68,5.84,5.67,65601.0,37894960.0,600854,-1.73,-0.1
2015-01-12,5.68,5.5,5.68,5.5,39796.0,22164732.0,600854,-3.17,-0.18
2015-01-13,5.52,5.66,5.68,5.52,38567.0,21552052.0,600854,2.91,0.16
2015-01-14,5.65,5.62,5.69,5.6,31162.0,17604612.0,600854,-0.71,-0.04
2015-01-15,5.62,5.64,5.67,5.6,21322.0,12008053.0,600854,0.36,0.02
2015-01-16,5.62,5.77,5.8,5.61,69635.0,39769640.0,600854,2.3,0.13
2015-01-19,5.65,5.55,5.78,5.5,56403.0,31868764.0,600854,-3.81,-0.22
2015-01-20,5.6,5.69,5.69,5.58,29477.0,16642154.0,600854,2.52,0.14
2015-01-21,5.69,5.83,5.83,5.69,65071.0,37664936.0,600854,2.46,0.14
2015-01-22,5.82,5.93,5.94,5.78,86431.0,50737628.0,600854,1.72,0.1
2015-01-23,5.91,5.83,5.92,5.82,48810.0,28619630.0,600854,-1.69,-0.1
2015-01-26,5.83,5.95,5.95,5.83,57784.0,34048872.0,600854,2.06,0.12
2015-01-27,5.9,6.0,6.05,5.88,147805.0,88181688.0,600854,0.84,0.05
2015-01-28,5.98,5.91,6.01,5.9,65232.0,38845184.0,600854,-1.5,-0.09
2015-01-29,5.88,5.89,5.95,5.85,43521.0,25660032.0,600854,-0.34,-0.02
2015-01-30,5.89,5.9,6.01,5.88,61234.0,36431304.0,600854,0.17,0.01
2015-02-02,5.89,5.88,5.92,5.82,33739.0,19816640.0,600854,-0.34,-0.02
2015-02-03,5.89,5.94,5.96,5.82,64212.0,37878912.0,600854,1.02,0.06
2015-02-04,5.94,5.89,5.97,5.87,45781.0,27171820.0,600854,-0.84,-0.05
2015-02-05,5.93,5.85,5.95,5.83,38166.0,22404926.0,600854,-0.68,-0.04
2015-02-06,5.8,5.76,5.85,5.72,49013.0,28375130.0,600854,-1.54,-0.09
2015-02-09,5.76,5.74,5.81,5.7,25532.0,14696182.0,600854,-0.35,-0.02
2015-02-10,5.72,5.71,5.79,5.65,34396.0,19600476.0,600854,-0.52,-0.03
2015-02-11,5.71,5.78,5.79,5.71,30546.0,17590980.0,600854,1.23,0.07
2015-02-12,5.77,5.88,5.88,5.74,49438.0,28918116.0,600854,1.73,0.1
2015-02-13,5.88,5.91,5.95,5.86,65166.0,38541256.0,600854,0.51,0.03
2015-02-16,5.91,6.01,6.02,5.9,69598.0,41615396.0,600854,1.69,0.1
2015-02-17,6.03,6.01,6.03,5.95,48496.0,29062808.0,600854,0.0,0.0
2015-02-25,6.01,6.03,6.05,5.97,47575.0,28619314.0,600854,0.33,0.02
2015-02-26,6.0,6.04,6.04,5.97,41847.0,25139256.0,600854,0.17,0.01
2015-02-27,6.01,6.11,6.15,6.01,77437.0,47111784.0,600854,1.16,0.07
2015-03-02,6.13,6.23,6.28,6.06,105526.0,64934172.0,600854,1.96,0.12
2015-03-03,6.24,6.15,6.24,6.11,61883.0,38263804.0,600854,-1.28,-0.08
2015-03-04,6.12,6.29,6.29,6.1,92846.0,57497400.0,600854,2.28,0.14
2015-03-05,6.28,6.39,6.5,6.24,140623.0,89438432.0,600854,1.59,0.1
2015-03-06,6.37,6.31,6.4,6.25,69685.0,44060836.0,600854,-1.25,-0.08
2015-03-09,6.25,6.42,6.45,6.21,73625.0,47000584.0,600854,1.74,0.11
2015-03-10,6.42,6.51,6.6,6.41,68498.0,44657252.0,600854,1.4,0.09
2015-03-11,6.51,6.58,6.68,6.47,85572.0,56189100.0,600854,1.08,0.07
2015-03-12,6.62,6.51,6.63,6.5,52075.0,34032792.0,600854,-1.06,-0.07
2015-03-13,6.52,6.47,6.54,6.38,82398.0,53047184.0,600854,-0.61,-0.04
2015-03-16,6.47,6.57,6.6,6.46,84282.0,55155396.0,600854,1.55,0.1
2015-03-17,6.57,6.65,6.73,6.54,98200.0,65088512.0,600854,1.22,0.08
2015-03-18,6.63,6.72,6.73,6.61,107037.0,71572936.0,600854,1.05,0.07
2015-03-19,6.73,6.73,6.77,6.64,100770.0,67529512.0,600854,0.15,0.01
2015-03-20,6.7,6.8,6.94,6.7,119969.0,81882696.0,600854,1.04,0.07
2015-03-23,6.8,6.94,6.94,6.8,91805.0,63174608.0,600854,2.06,0.14
2015-03-24,6.9,6.86,6.99,6.67,128522.0,87775264.0,600854,-1.15,-0.08
2015-03-25,6.87,7.05,7.07,6.75,136300.0,94102504.0,600854,2.77,0.19
2015-03-26,7.05,7.06,7.26,6.98,159720.0,113575304.0,600854,0.14,0.01
2015-03-27,7.01,7.12,7.2,7.01,95218.0,67906296.0,600854,0.85,0.06
2015-03-30,7.14,7.17,7.21,7.07,91226.0,65177900.0,600854,0.7,0.05
2015-03-31,7.19,7.09,7.23,7.06,107497.0,76617944.0,600854,-1.12,-0.08
2015-04-01,7.07,7.28,7.31,7.06,123709.0,88954600.0,600854,2.68,0.19
2015-04-02,7.26,7.36,7.39,7.18,121861.0,88877728.0,600854,1.1,0.08
2015-04-03,7.39,8.1,8.1,7.31,200344.0,157045792.0,600854,10.05,0.74
2015-04-07,8.44,8.29,8.48,8.06,416645.0,343294944.0,600854,2.35,0.19
2015-04-08,8.2,8.05,8.2,7.89,229020.0,184209968.0,600854,-2.9,-0.24
2015-04-09,7.95,7.91,8.03,7.58,183478.0,142963024.0,600854,-1.74,-0.14
2015-04-10,7.88,8.11,8.21,7.81,172303.0,138964576.0,600854,2.53,0.2
2015-04-13,8.05,8.12,8.24,8.01,165664.0,134636688.0,600854,0.12,0.01
2015-04-14,8.12,8.07,8.2,8.0,151709.0,122481920.0,600854,-0.62,-0.05
2015-04-15,8.08,7.83,8.09,7.66,149178.0,117164504.0,600854,-2.97,-0.24
2015-04-16,7.72,7.85,7.89,7.62,98781.0,76876032.0,600854,0.26,0.02
2015-04-17,7.87,7.86,8.02,7.83,126662.0,100120720.0,600854,0.13,0.01
2015-04-20,7.88,7.77,7.97,7.72,134538.0,105137416.0,600854,-1.15,-0.09
2015-04-21,7.77,8.13,8.15,7.74,168959.0,134849920.0,600854,4.63,0.36
2015-04-22,8.15,8.27,8.35,8.1,204306.0,168321216.0,600854,1.72,0.14
2015-04-23,8.29,8.49,8.83,8.29,264077.0,226442480.0,600854,2.66,0.22
2015-04-24,8.2,8.47,8.66,8.13,186295.0,157052608.0,600854,-0.24,-0.02
2015-04-27,8.53,8.52,8.63,8.31,171131.0,144906352.0,600854,0.59,0.05
2015-04-28,8.49,8.07,8.49,7.98,165364.0,135700656.0,600854,-5.28,-0.45
2015-04-29,8.1,8.29,8.36,8.05,110117.0,90722416.0,600854,2.73,0.22
2015-04-30,8.35,8.3,8.52,8.24,146171.0,123114800.0,600854,0.12,0.01
2015-05-04,8.29,8.76,8.96,8.15,223294.0,190611584.0,600854,5.54,0.46
2015-05-05,8.7,8.27,8.73,8.2,152480.0,129207688.0,600854,-5.59,-0.49
2015-05-06,8.28,7.94,8.37,7.89,120005.0,98088088.0,600854,-3.99,-0.33
2015-05-07,7.94,7.63,8.15,7.6,109668.0,86387424.0,600854,-3.9,-0.31
2015-05-08,7.72,7.88,7.96,7.68,113986.0,88764656.0,600854,3.28,0.25
2015-05-11,7.95,8.21,8.3,7.89,137868.0,111726800.0,600854,4.19,0.33
2015-05-12,8.2,8.4,8.51,8.14,157498.0,130901848.0,600854,2.31,0.19
2015-05-13,8.43,8.53,8.92,8.4,264752.0,230136640.0,600854,1.55,0.13
2015-05-14,8.59,8.63,8.69,8.48,161061.0,138056640.0,600854,1.17,0.1
2015-05-15,8.59,8.52,8.6,8.27,160257.0,134862032.0,600854,-1.27,-0.11
2015-05-18,8.45,9.37,9.37,8.43,256881.0,234622240.0,600854,9.98,0.85
2015-05-19,9.45,9.88,10.18,9.2,380164.0,364624256.0,600854,5.44,0.51
2015-05-20,9.7,9.66,10.08,9.59,237838.0,233957632.0,600854,-2.23,-0.22
2015-05-21,9.59,9.78,9.83,9.53,150322.0,145744368.0,600854,1.24,0.12
2015-05-22,9.88,9.9,10.28,9.78,251467.0,251137232.0,600854,1.23,0.12
2015-05-25,9.81,10.27,10.54,9.61,269293.0,272720000.0,600854,3.74,0.37
2015-05-26,10.21,10.48,10.54,10.02,225977.0,233173952.0,600854,2.04,0.21
2015-05-27,10.4,10.34,10.48,10.12,221216.0,226890544.0,600854,-1.34,-0.14
2015-05-28,10.24,9.63,10.58,9.5,266166.0,272100608.0,600854,-6.87,-0.71
2015-05-29,9.52,9.86,10.02,9.21,191272.0,184985328.0,600854,2.39,0.23
2015-06-01,9.91,10.66,10.68,9.86,255529.0,262276352.0,600854,8.11,0.8
2015-06-02,10.64,11.73,11.73,10.5,278966.0,316756800.0,600854,10.04,1.07
2015-06-03,12.9,12.9,12.9,12.07,863995.0,1091475328.0,600854,9.97,1.17
2015-06-04,12.3,12.01,12.49,11.61,522133.0,626756032.0,600854,-6.9,-0.89
2015-06-05,12.01,12.09,12.44,11.81,420021.0,507817408.0,600854,0.67,0.08
2015-06-08,12.0,11.73,12.0,11.49,248610.0,291192992.0,600854,-2.98,-0.36
2015-06-09,11.72,11.89,12.15,11.55,235677.0,281652192.0,600854,1.36,0.16
2015-06-10,11.75,12.37,12.58,11.65,317668.0,389035424.0,600854,4.04,0.48
2015-06-11,12.38,12.34,12.39,12.06,209058.0,255615280.0,600854,-0.24,-0.03
2015-06-12,12.36,12.98,13.27,12.31,426084.0,542388416.0,600854,5.19,0.64
2015-06-15,12.85,13.29,14.0,12.71,402955.0,537218432.0,600854,2.39,0.31
2015-06-16,12.9,12.4,13.23,12.11,278774.0,354548384.0,600854,-6.7,-0.89
2015-06-17,12.37,12.5,12.65,11.6,273097.0,330446304.0,600854,0.81,0.1
2015-06-18,12.36,12.16,12.87,12.15,246159.0,306992768.0,600854,-2.72,-0.34
2015-06-19,11.78,10.94,11.88,10.94,185019.0,209922432.0,600854,-10.03,-1.22
2015-06-23,10.8,10.58,11.2,9.85,222565.0,231684064.0,600854,-3.29,-0.36
2015-06-24,10.8,10.97,11.1,10.52,195798.0,212455952.0,600854,3.69,0.39
2015-06-25,10.97,10.51,11.25,10.22,185469.0,202575088.0,600854,-4.19,-0.46
2015-06-26,10.2,9.46,10.23,9.46,205241.0,200616032.0,600854,-9.99,-1.05
2015-06-29,9.78,8.51,9.83,8.51,243388.0,216033504.0,600854,-10.04,-0.95
2015-06-30,8.36,8.93,8.98,7.66,308394.0,257667920.0,600854,4.94,0.42
2015-07-01,8.78,8.18,9.13,8.15,236340.0,208622112.0,600854,-8.4,-0.75
2015-07-02,8.06,7.36,8.32,7.36,296980.0,229329136.0,600854,-10.02,-0.82
2015-07-03,7.2,6.77,7.62,6.63,285806.0,199508352.0,600854,-8.02,-0.59
2015-07-06,7.45,6.51,7.45,6.2,280786.0,192256816.0,600854,-3.84,-0.26
2015-07-07,6.38,5.86,6.38,5.86,206420.0,123235856.0,600854,-9.98,-0.65
2015-07-08,5.3,5.27,5.62,5.27,375252.0,199201888.0,600854,-10.07,-0.59
2015-07-09,5.2,5.8,5.8,5.18,273311.0,154817968.0,600854,10.06,0.53
2015-07-10,6.25,6.38,6.38,6.11,133770.0,84524112.0,600854,10.0,0.58
2015-07-13,6.95,7.02,7.02,6.68,391249.0,270416864.0,600854,10.03,0.64
2015-07-14,7.15,7.38,7.67,6.9,539717.0,396050240.0,600854,5.13,0.36
2015-07-15,7.05,6.64,7.24,6.64,300071.0,205810128.0,600854,-10.03,-0.74
2015-07-16,6.32,6.84,7.08,6.06,216912.0,145040880.0,600854,3.01,0.2
2015-07-17,6.83,7.36,7.43,6.83,260737.0,186852640.0,600854,7.6,0.52
2015-07-20,7.3,7.38,7.56,7.16,300191.0,221331216.0,600854,0.27,0.02
2015-07-21,7.29,7.44,7.57,7.16,239915.0,177371536.0,600854,0.81,0.06
2015-07-22,7.44,7.57,7.65,7.25,254082.0,190308368.0,600854,1.75,0.13
2015-07-23,7.55,7.95,8.05,7.52,375292.0,291657408.0,600854,5.02,0.38
2015-07-24,7.9,7.79,8.25,7.58,390889.0,309746624.0,600854,-2.01,-0.16
2015-07-27,7.55,7.01,7.76,7.01,252736.0,187429056.0,600854,-10.01,-0.78
2015-07-28,6.51,6.55,6.99,6.31,256166.0,168282688.0,600854,-6.56,-0.46
2015-07-29,6.71,6.99,7.03,6.5,230813.0,155463216.0,600854,6.72,0.44
2015-07-30,6.9,6.89,7.21,6.83,251857.0,176212320.0,600854,-1.43,-0.1
2015-07-31,6.72,7.05,7.48,6.63,301303.0,211908336.0,600854,2.32,0.16
2015-08-03,6.92,7.11,7.37,6.65,320600.0,225448816.0,600854,0.85,0.06
2015-08-04,7.12,7.82,7.82,7.06,547047.0,410624480.0,600854,9.99,0.71
2015-08-05,7.87,8.01,8.4,7.62,657081.0,526722400.0,600854,2.43,0.19
2015-08-06,7.69,7.9,8.33,7.6,506517.0,406298176.0,600854,-1.37,-0.11
2015-08-07,7.91,8.25,8.36,7.81,526538.0,428030880.0,600854,4.43,0.35
2015-08-10,8.57,8.63,8.79,8.3,509567.0,433517408.0,600854,4.61,0.38
2015-08-11,8.62,8.52,8.64,8.32,432797.0,367112128.0,600854,-1.27,-0.11
2015-08-12,8.4,8.51,8.58,8.1,400715.0,333180096.0,600854,-0.12,-0.01
2015-08-13,8.44,8.77,8.78,8.21,486758.0,415680192.0,600854,3.06,0.26
2015-08-14,8.64,8.56,8.86,8.55,383882.0,333175936.0,600854,-2.39,-0.21
2015-08-17,8.5,8.85,8.94,8.26,413240.0,354682944.0,600854,3.39,0.29
2015-08-18,8.78,7.97,8.95,7.97,461944.0,394596512.0,600854,-9.94,-0.88
2015-08-19,7.66,8.24,8.31,7.5,419855.0,332923264.0,600854,3.39,0.27
2015-08-20,8.09,7.92,8.33,7.9,276865.0,224616912.0,600854,-3.88,-0.32
2015-08-21,7.78,7.21,7.87,7.14,257353.0,192142032.0,600854,-8.96,-0.71
2015-08-24,6.85,6.49,7.05,6.49,176761.0,116529568.0,600854,-9.99,-0.72
2015-08-25,5.93,5.84,6.29,5.84,188790.0,113056256.0,600854,-10.02,-0.65
2015-08-26,5.96,5.68,6.15,5.58,227990.0,134009960.0,600854,-2.74,-0.16
2015-08-27,5.88,6.12,6.15,5.71,197297.0,117115240.0,600854,7.75,0.44
2015-08-28,6.26,6.73,6.73,6.14,280115.0,179205792.0,600854,9.97,0.61
2015-08-31,6.62,6.75,7.35,6.41,457451.0,311834624.0,600854,0.3,0.02
2015-09-01,6.65,6.43,7.09,6.4,428827.0,288397920.0,600854,-4.74,-0.32
2015-09-02,5.96,5.79,6.47,5.79,298800.0,181437728.0,600854,-9.95,-0.64
2015-09-07,5.9,5.83,6.1,5.74,168361.0,99944840.0,600854,0.69,0.04
2015-09-08,5.79,6.18,6.21,5.69,158868.0,94598032.0,600854,6.0,0.35
2015-09-09,6.17,6.4,6.42,6.13,239917.0,151383984.0,600854,3.56,0.22
2015-09-10,6.3,6.16,6.37,6.13,132114.0,82873104.0,600854,-3.75,-0.24
2015-09-11,6.16,6.24,6.28,6.12,92011.0,57086360.0,600854,1.3,0.08
2015-09-14,6.28,5.62,6.29,5.62,142429.0,83633424.0,600854,-9.94,-0.62
2015-09-15,5.57,5.28,5.68,5.24,107694.0,58687732.0,600854,-6.05,-0.34
2015-09-16,5.38,5.74,5.81,5.3,141667.0,78634936.0,600854,8.71,0.46
2015-09-17,5.69,5.57,5.89,5.56,176736.0,100873760.0,600854,-2.96,-0.17
2015-09-18,5.64,5.53,5.66,5.4,109222.0,60670168.0,600854,-0.72,-0.04
2015-09-21,5.42,5.9,5.94,5.42,177359.0,101093528.0,600854,6.69,0.37
2015-09-22,5.85,6.07,6.39,5.82,266722.0,160868304.0,600854,2.88,0.17
2015-09-23,5.9,5.94,6.09,5.8,120903.0,71891208.0,600854,-2.14,-0.13
2015-09-24,5.94,6.21,6.48,5.91,341045.0,210550112.0,600854,4.55,0.27
2015-09-25,6.16,6.0,6.21,5.89,120072.0,72601912.0,600854,-3.38,-0.21
2015-09-28,6.0,6.32,6.58,5.95,375984.0,237063520.0,600854,5.33,0.32
2015-09-29,6.2,6.62,6.69,6.14,492896.0,318539712.0,600854,4.75,0.3
2015-09-30,6.59,6.42,6.74,6.37,308983.0,201751408.0,600854,-3.02,-0.2
2015-10-08,6.56,6.65,6.75,6.5,215935.0,142562592.0,600854,3.58,0.23
2015-10-09,6.62,6.64,6.72,6.55,174423.0,115268832.0,600854,-0.15,-0.01
2015-10-12,6.68,6.81,6.99,6.61,251568.0,171303488.0,600854,2.56,0.17
2015-10-13,6.74,6.79,6.84,6.7,196258.0,132976592.0,600854,-0.29,-0.02
2015-10-14,6.77,6.81,6.95,6.71,175070.0,119592408.0,600854,0.29,0.02
2015-10-15,6.7,6.93,6.95,6.7,181332.0,124424112.0,600854,1.76,0.12
2015-10-16,6.94,7.02,7.03,6.82,243118.0,168486608.0,600854,1.3,0.09
2015-10-19,7.06,6.94,7.08,6.88,182632.0,127432760.0,600854,-1.14,-0.08
2015-10-20,6.93,6.99,7.0,6.83,126167.0,87384024.0,600854,0.72,0.05
2015-10-21,6.95,6.47,7.11,6.38,257192.0,176633824.0,600854,-7.44,-0.52
2015-10-22,6.47,6.66,6.68,6.41,112719.0,73783352.0,600854,2.94,0.19
2015-10-23,6.64,7.07,7.12,6.62,235540.0,162712256.0,600854,6.16,0.41
2015-10-26,7.1,7.3,7.56,7.01,347501.0,252834048.0,600854,3.25,0.23
2015-10-27,7.19,7.28,7.38,6.88,212567.0,152296800.0,600854,-0.27,-0.02
2015-10-28,7.22,7.2,7.48,7.13,257496.0,187682320.0,600854,-1.1,-0.08
2015-10-29,7.29,7.23,7.29,7.06,124369.0,89502240.0,600854,0.42,0.03
2015-10-30,7.19,7.15,7.33,7.05,99021.0,71444984.0,600854,-1.11,-0.08
2015-11-02,7.09,7.04,7.21,7.0,105912.0,75265832.0,600854,-1.54,-0.11
2015-11-03,7.03,7.07,7.13,7.01,67980.0,48095588.0,600854,0.43,0.03
2015-11-04,7.07,7.34,7.38,7.07,140780.0,102455400.0,600854,3.82,0.27
2015-11-05,7.35,7.43,7.52,7.26,195770.0,144801552.0,600854,1.23,0.09
2015-11-06,7.4,7.77,7.84,7.34,257888.0,196170752.0,600854,4.58,0.34
2015-11-09,7.7,7.81,7.83,7.65,194900.0,151273424.0,600854,0.51,0.04
2015-11-10,7.77,7.86,7.95,7.58,184320.0,143401360.0,600854,0.64,0.05
2015-11-11,7.85,7.84,7.92,7.75,118883.0,93066416.0,600854,-0.25,-0.02
2015-11-12,7.83,7.68,7.89,7.56,130273.0,100581976.0,600854,-2.04,-0.16
2015-11-13,7.6,7.69,7.88,7.58,146398.0,113390464.0,600854,0.13,0.01
2015-11-16,7.49,7.78,7.85,7.49,166557.0,128648520.0,600854,1.17,0.09
2015-11-17,7.8,8.31,8.56,7.78,479866.0,397022336.0,600854,6.81,0.53
2015-11-18,8.22,9.14,9.14,8.19,747554.0,657630720.0,600854,9.99,0.83
2015-11-19,9.03,9.31,9.36,8.88,673280.0,611814336.0,600854,1.86,0.17
2015-11-20,9.21,9.12,9.35,9.07,398248.0,364348032.0,600854,-2.04,-0.19
2015-11-23,9.2,9.03,9.2,8.9,234821.0,211338672.0,600854,-0.99,-0.09
2015-11-24,9.0,9.21,9.34,8.78,524127.0,479370880.0,600854,1.99,0.18
2015-11-25,9.12,8.8,9.33,8.73,452379.0,405432512.0,600854,-4.45,-0.41
2015-11-26,8.81,8.51,8.87,8.48,258135.0,223488208.0,600854,-3.3,-0.29
2015-11-27,8.57,7.91,8.69,7.68,213146.0,178067344.0,600854,-7.05,-0.6
2015-11-30,7.88,8.02,8.08,7.53,208338.0,163202400.0,600854,1.39,0.11
2015-12-01,7.95,8.11,8.29,7.87,159606.0,128707216.0,600854,1.12,0.09
2015-12-02,8.02,7.9,8.11,7.64,114022.0,89918520.0,600854,-2.59,-0.21
2015-12-03,7.87,8.12,8.23,7.87,117840.0,95179920.0,600854,2.78,0.22
2015-12-04,8.05,7.89,8.17,7.88,130940.0,104867400.0,600854,-2.83,-0.23
2015-12-07,7.9,8.03,8.1,7.86,91646.0,73119304.0,600854,1.77,0.14
2015-12-08,8.0,8.28,8.36,7.99,208338.0,171178496.0,600854,3.11,0.25
2015-12-09,8.18,8.5,8.56,8.13,192262.0,161312464.0,600854,2.66,0.22
2015-12-10,8.48,8.5,8.8,8.28,326821.0,280162464.0,600854,0.0,0.0
2015-12-11,8.44,8.32,8.7,8.28,226649.0,191404576.0,600854,-2.12,-0.18
2015-12-14,8.2,8.1,8.22,7.91,160566.0,129473824.0,600854,-2.64,-0.22
2015-12-15,8.12,8.09,8.19,8.06,113794.0,92466976.0,600854,-0.12,-0.01
2015-12-16,8.15,8.06,8.18,8.02,129026.0,104604096.0,600854,-0.37,-0.03
2015-12-17,8.11,8.28,8.3,8.09,183480.0,150601760.0,600854,2.73,0.22
2015-12-18,8.29,8.22,8.34,8.16,139527.0,115148744.0,600854,-0.72,-0.06
2015-12-21,8.18,8.35,8.43,8.11,195343.0,162922752.0,600854,1.58,0.13
2015-12-22,8.37,8.36,8.39,8.25,128223.0,106643192.0,600854,0.12,0.01
2015-12-23,8.39,8.25,8.41,8.25,155708.0,129852744.0,600854,-1.32,-0.11
2015-12-24,8.22,8.09,8.25,7.97,138138.0,111837000.0,600854,-1.94,-0.16
2015-12-25,8.12,8.56,8.57,8.11,189303.0,158655584.0,600854,5.81,0.47
2015-12-28,8.56,8.25,8.67,8.23,144363.0,122119072.0,600854,-3.62,-0.31
2015-12-29,8.19,8.49,8.49,8.16,113087.0,94611448.0,600854,2.91,0.24
2015-12-30,8.45,8.58,8.65,8.36,120461.0,102535608.0,600854,1.06,0.09
2015-12-31,8.61,8.29,8.63,8.28,95247.0,80360904.0,600854,-3.38,-0.29
2016-01-04,8.28,7.46,8.29,7.46,95500.0,74459656.0,600854,-10.01,-0.83
2016-01-05,7.19,7.16,7.39,6.91,138218.0,98862840.0,600854,-4.02,-0.3
2016-01-06,7.24,7.39,7.41,7.13,87533.0,63596000.0,600854,3.21,0.23
2016-01-07,7.23,6.65,7.25,6.65,24549.0,17155378.0,600854,-10.01,-0.74
2016-01-08,6.82,6.76,6.98,6.3,111190.0,74622200.0,600854,1.65,0.11
2016-01-11,6.69,6.11,6.74,6.1,106509.0,68513176.0,600854,-9.62,-0.65
2016-01-12,6.15,6.3,6.33,6.06,65679.0,40908668.0,600854,3.11,0.19
2016-01-13,6.34,6.17,6.39,6.14,50610.0,31684480.0,600854,-2.06,-0.13
2016-01-14,5.98,6.42,6.47,5.87,95672.0,59627880.0,600854,4.05,0.25
2016-01-15,6.38,6.01,6.46,5.97,65382.0,40639408.0,600854,-6.39,-0.41
2016-01-18,5.92,6.15,6.28,5.88,55649.0,34215220.0,600854,2.33,0.14
2016-01-19,6.12,6.33,6.38,6.12,65482.0,41164792.0,600854,2.93,0.18
2016-01-20,6.3,6.3,6.41,6.23,60660.0,38357036.0,600854,-0.47,-0.03
2016-01-21,6.23,6.04,6.41,6.03,56206.0,35164948.0,600854,-4.13,-0.26
2016-01-22,6.17,6.18,6.23,5.99,40863.0,25000618.0,600854,2.32,0.14
2016-01-25,6.2,6.24,6.33,6.17,36239.0,22625908.0,600854,0.97,0.06
2016-01-26,6.2,5.69,6.21,5.66,59761.0,35629092.0,600854,-8.81,-0.55
2016-01-27,5.71,5.61,5.78,5.18,70345.0,38691460.0,600854,-1.41,-0.08
2016-01-28,5.51,5.36,5.62,5.31,35880.0,19744964.0,600854,-4.46,-0.25
2016-01-29,5.36,5.56,5.63,5.33,40813.0,22544416.0,600854,3.73,0.2
2016-02-01,5.56,5.57,5.63,5.48,38539.0,21444566.0,600854,0.18,0.01
2016-02-02,5.57,5.86,5.88,5.57,45342.0,26069280.0,600854,5.21,0.29
2016-02-03,5.8,5.89,5.91,5.71,35716.0,20734388.0,600854,0.51,0.03
2016-02-04,5.9,6.03,6.09,5.87,56401.0,33991456.0,600854,2.38,0.14
2016-02-05,6.02,5.99,6.12,5.96,42245.0,25575056.0,600854,-0.66,-0.04
2016-02-15,5.8,5.98,6.05,5.73,47190.0,27805448.0,600854,-0.17,-0.01
2016-02-16,5.99,6.23,6.23,5.99,52226.0,32191856.0,600854,4.18,0.25
2016-02-17,6.21,6.21,6.24,6.14,45491.0,28209284.0,600854,-0.32,-0.02
2016-02-18,6.26,6.3,6.38,6.21,59124.0,37143532.0,600854,1.45,0.09
2016-02-19,6.28,6.3,6.31,6.21,38355.0,24028292.0,600854,0.0,0.0
2016-02-22,6.35,6.37,6.43,6.31,64716.0,41191936.0,600854,1.11,0.07
2016-02-23,6.37,6.43,6.44,6.3,53505.0,34096368.0,600854,0.94,0.06
2016-02-24,6.4,6.4,6.44,6.28,52873.0,33647888.0,600854,-0.47,-0.03
2016-02-25,6.42,5.83,6.47,5.77,77858.0,47689520.0,600854,-8.91,-0.57
2016-02-26,5.86,5.86,5.96,5.66,49193.0,28789292.0,600854,0.51,0.03
2016-02-29,5.86,5.54,5.87,5.35,56902.0,31649968.0,600854,-5.46,-0.32
2016-03-01,5.51,5.68,5.72,5.44,54369.0,30445004.0,600854,2.53,0.14
2016-03-02,5.65,5.95,5.98,5.65,56148.0,32820244.0,600854,4.75,0.27
2016-03-03,5.94,6.55,6.55,5.92,174297.0,109832944.0,600854,10.08,0.6
2016-03-04,6.58,6.74,6.91,6.4,278694.0,186714688.0,600854,2.9,0.19
2016-03-07,6.7,7.1,7.35,6.64,263902.0,186820496.0,600854,5.34,0.36
2016-03-08,7.1,7.03,7.19,6.83,210747.0,147510304.0,600854,-0.99,-0.07
2016-03-09,6.9,6.95,7.17,6.8,122279.0,85752344.0,600854,-1.14,-0.08
2016-03-10,6.95,6.61,7.0,6.6,95955.0,64893384.0,600854,-4.89,-0.34
2016-03-11,6.59,6.75,6.8,6.57,63079.0,42152828.0,600854,2.12,0.14
2016-03-14,6.76,6.8,7.02,6.76,101156.0,69745088.0,600854,0.74,0.05
2016-03-15,6.79,6.67,6.85,6.64,53037.0,35735224.0,600854,-1.91,-0.13
2016-03-16,6.78,6.78,6.99,6.69,97225.0,66389728.0,600854,1.65,0.11
2016-03-17,6.8,6.94,7.02,6.72,123121.0,84854256.0,600854,2.36,0.16
2016-03-18,6.94,7.06,7.08,6.88,168802.0,118096944.0,600854,1.73,0.12
2016-03-21,7.05,7.04,7.09,6.9,219544.0,153751184.0,600854,-0.28,-0.02
2016-03-22,6.97,7.07,7.17,6.85,176330.0,123535024.0,600854,0.43,0.03
2016-03-23,7.0,6.97,7.03,6.87,80060.0,55604212.0,600854,-1.41,-0.1
2016-03-24,6.94,6.71,6.94,6.68,96603.0,65569732.0,600854,-3.73,-0.26
2016-03-25,6.73,6.74,6.81,6.63,60761.0,40840176.0,600854,0.45,0.03
2016-03-28,6.77,7.02,7.1,6.76,160511.0,111181248.0,600854,4.15,0.28
2016-03-29,7.02,6.69,7.02,6.63,117671.0,79709656.0,600854,-4.7,-0.33
2016-03-30,6.73,6.87,6.87,6.7,82461.0,55980576.0,600854,2.69,0.18
2016-03-31,6.89,7.11,7.3,6.86,205280.0,145349968.0,600854,3.49,0.24
2016-04-01,7.05,7.09,7.13,6.95,109463.0,76943072.0,600854,-0.28,-0.02
2016-04-05,7.12,7.3,7.32,7.01,119853.0,86556400.0,600854,2.96,0.21
2016-04-06,7.24,7.17,7.27,7.13,105264.0,75734768.0,600854,-1.78,-0.13
2016-04-07,7.19,7.01,7.25,7.0,80639.0,57422364.0,600854,-2.23,-0.16
2016-04-08,6.98,6.9,7.01,6.8,69740.0,48273084.0,600854,-1.57,-0.11
2016-04-11,6.95,7.23,7.27,6.94,118890.0,84777272.0,600854,4.78,0.33
2016-04-12,7.18,7.1,7.24,7.05,64021.0,45473976.0,600854,-1.8,-0.13
2016-04-13,7.16,7.5,7.78,7.14,238520.0,178600080.0,600854,5.63,0.4
2016-04-14,7.6,7.64,7.98,7.5,342849.0,264718080.0,600854,1.87,0.14
2016-04-15,7.65,7.79,7.84,7.49,187909.0,144124608.0,600854,1.96,0.15
2016-04-18,7.65,7.77,7.97,7.57,154307.0,119936520.0,600854,-0.26,-0.02
2016-04-19,7.75,7.74,7.93,7.69,110825.0,86292032.0,600854,-0.39,-0.03
2016-04-20,7.78,7.13,7.8,7.02,177888.0,131122256.0,600854,-7.88,-0.61
2016-04-21,7.15,7.01,7.23,6.99,92575.0,65964644.0,600854,-1.68,-0.12
2016-04-22,6.99,7.1,7.13,6.91,72280.0,51081552.0,600854,1.28,0.09
2016-04-25,7.04,7.2,7.29,6.93,74763.0,53039108.0,600854,1.41,0.1
2016-04-26,7.2,7.25,7.29,7.14,65706.0,47429636.0,600854,0.69,0.05
2016-04-27,7.2,7.25,7.37,7.2,71140.0,51776728.0,600854,0.0,0.0
2016-04-28,7.24,7.21,7.36,7.04,91528.0,66140416.0,600854,-0.55,-0.04
2016-04-29,7.16,7.56,7.66,7.08,163006.0,121465784.0,600854,4.85,0.35
2016-05-03,7.57,7.71,7.75,7.41,125101.0,95417360.0,600854,1.98,0.15
2016-05-04,7.67,7.61,7.71,7.5,103088.0,78334064.0,600854,-1.3,-0.1
2016-05-05,7.59,7.63,7.65,7.54,74648.0,56677248.0,600854,0.26,0.02
2016-05-06,7.63,7.1,7.67,7.04,133732.0,98346656.0,600854,-6.95,-0.53
2016-05-09,7.02,6.66,7.03,6.65,108020.0,73534112.0,600854,-6.2,-0.44
2016-05-10,6.71,6.69,6.78,6.64,51236.0,34296568.0,600854,0.45,0.03
2016-05-11,6.72,6.74,6.88,6.68,72192.0,48857632.0,600854,0.75,0.05
2016-05-12,6.54,6.63,6.74,6.3,65431.0,42873432.0,600854,-1.63,-0.11
2016-05-13,6.62,6.68,6.75,6.58,45179.0,30128000.0,600854,0.75,0.05
2016-05-16,6.62,6.92,6.95,6.55,81979.0,55701944.0,600854,3.59,0.24
2016-05-17,6.9,6.8,6.95,6.7,88430.0,60199560.0,600854,-1.73,-0.12
2016-05-18,6.74,6.56,6.74,6.4,84518.0,55229376.0,600854,-3.53,-0.24
2016-05-19,6.55,6.56,6.69,6.51,55235.0,36517880.0,600854,0.0,0.0
2016-05-20,6.5,6.65,6.67,6.43,55917.0,36930296.0,600854,1.37,0.09
2016-05-23,6.64,6.7,6.79,6.62,60420.0,40549464.0,600854,0.75,0.05
2016-05-24,6.69,6.77,6.78,6.65,65877.0,44226856.0,600854,1.04,0.07
2016-05-25,6.79,6.6,6.85,6.55,72936.0,49147788.0,600854,-2.51,-0.17
2016-05-26,6.6,6.6,6.67,6.39,69383.0,45197164.0,600854,0.0,0.0
2016-05-27,6.61,6.64,6.67,6.55,53329.0,35281612.0,600854,0.61,0.04
2016-05-30,6.53,6.62,6.66,6.46,47297.0,31108640.0,600854,-0.3,-0.02
2016-05-31,6.64,6.83,6.86,6.6,94489.0,64045264.0,600854,3.17,0.21
2016-06-01,6.85,6.96,7.08,6.85,123487.0,85919096.0,600854,1.9,0.13
2016-06-02,6.96,6.98,7.01,6.87,73777.0,51246972.0,600854,0.29,0.02
2016-06-03,7.0,7.02,7.03,6.84,105090.0,72948224.0,600854,0.57,0.04
2016-06-06,7.0,7.1,7.13,6.95,86931.0,61110592.0,600854,1.14,0.08
2016-06-07,7.08,7.14,7.29,6.98,106582.0,76085592.0,600854,0.56,0.04
2016-06-08,7.18,7.48,7.59,7.14,182343.0,134808432.0,600854,4.76,0.34
2016-06-13,7.34,6.91,7.37,6.88,125666.0,90432216.0,600854,-7.62,-0.57
2016-06-14,6.94,7.05,7.07,6.71,104299.0,71396160.0,600854,2.03,0.14
2016-06-15,6.92,7.51,7.69,6.88,196188.0,145746160.0,600854,6.52,0.46
2016-06-16,7.45,7.64,7.86,7.42,198838.0,151573152.0,600854,1.73,0.13
2016-06-17,7.61,7.53,7.74,7.49,138391.0,105080440.0,600854,-1.44,-0.11
2016-06-20,7.5,7.78,7.83,7.32,133365.0,100969904.0,600854,3.32,0.25
2016-06-21,7.85,7.43,7.85,7.39,145655.0,110960840.0,600854,-4.5,-0.35
2016-06-22,7.38,7.56,7.62,7.38,79760.0,60093696.0,600854,1.75,0.13
2016-06-23,7.56,7.46,7.6,7.38,76218.0,56919388.0,600854,-1.32,-0.1
2016-06-24,7.4,7.36,7.57,7.18,103742.0,76353880.0,600854,-1.34,-0.1
2016-06-27,7.26,7.47,7.49,7.26,101848.0,75522752.0,600854,1.49,0.11
2016-06-28,7.4,7.51,7.56,7.35,86282.0,64303260.0,600854,0.54,0.04
2016-06-29,7.53,7.46,7.56,7.41,79717.0,59703420.0,600854,-0.67,-0.05
2016-06-30,7.47,7.47,7.56,7.45,73615.0,55190536.0,600854,0.13,0.01
2016-07-01,7.46,7.46,7.52,7.41,84076.0,62770692.0,600854,-0.13,-0.01
2016-07-04,7.41,7.73,7.76,7.4,176285.0,134947056.0,600854,3.62,0.27
2016-07-05,7.75,8.14,8.39,7.62,308226.0,246671216.0,600854,5.3,0.41
2016-07-06,8.0,8.01,8.06,7.94,158446.0,126711256.0,600854,-1.6,-0.13
2016-07-07,8.02,8.05,8.12,7.97,115091.0,92446544.0,600854,0.5,0.04
2016-07-08,8.03,7.94,8.16,7.93,115629.0,93016568.0,600854,-1.37,-0.11
2016-07-11,7.89,7.93,8.06,7.86,97717.0,77779408.0,600854,-0.13,-0.01
2016-07-12,7.9,8.12,8.14,7.81,131024.0,104711072.0,600854,2.4,0.19
2016-07-13,8.15,8.09,8.2,8.04,106269.0,86093448.0,600854,-0.37,-0.03
2016-07-14,8.06,8.08,8.09,7.98,73627.0,59090656.0,600854,-0.12,-0.01
2016-07-15,8.08,8.03,8.14,8.01,69069.0,55657152.0,600854,-0.62,-0.05
2016-07-18,8.03,7.9,8.03,7.85,68954.0,54627620.0,600854,-1.62,-0.13
2016-07-19,7.89,7.94,7.95,7.86,42983.0,33980512.0,600854,0.51,0.04
2016-07-20,7.94,7.95,8.0,7.92,41882.0,33386300.0,600854,0.13,0.01
2016-07-21,7.98,7.96,8.05,7.95,68670.0,54954724.0,600854,0.13,0.01
2016-07-22,7.96,7.94,8.03,7.9,50020.0,39680832.0,600854,-0.25,-0.02
2016-07-25,7.94,8.04,8.16,7.92,102961.0,82829288.0,600854,1.26,0.1
2016-07-26,8.03,8.14,8.14,8.0,83958.0,67839208.0,600854,1.24,0.1
2016-07-27,8.12,7.46,8.15,7.39,165733.0,127351280.0,600854,-8.35,-0.68
2016-07-28,7.46,7.59,7.61,7.42,80424.0,60432120.0,600854,1.74,0.13
2016-07-29,7.57,7.55,7.63,7.45,56485.0,42629580.0,600854,-0.53,-0.04
2016-08-01,7.51,7.47,7.59,7.15,82194.0,60560356.0,600854,-1.06,-0.08
2016-08-02,7.42,7.5,7.51,7.39,34591.0,25799848.0,600854,0.4,0.03
2016-08-03,7.48,7.52,7.54,7.44,55160.0,41323256.0,600854,0.27,0.02
2016-08-04,7.51,7.56,7.6,7.44,45046.0,33905692.0,600854,0.53,0.04
2016-08-05,7.52,7.51,7.68,7.48,84555.0,64031328.0,600854,-0.66,-0.05
2016-08-08,7.51,7.58,7.59,7.44,40528.0,30561830.0,600854,0.93,0.07
2016-08-09,7.56,7.64,7.65,7.53,54662.0,41632660.0,600854,0.79,0.06
2016-08-10,7.64,7.6,7.66,7.51,53401.0,40529000.0,600854,-0.52,-0.04
2016-08-11,7.53,7.42,7.62,7.4,45780.0,34319048.0,600854,-2.37,-0.18
2016-08-12,7.42,7.51,7.52,7.42,36536.0,27294334.0,600854,1.21,0.09
2016-08-15,7.52,7.63,7.67,7.48,72613.0,55115504.0,600854,1.6,0.12
2016-08-16,7.62,7.81,7.83,7.61,96127.0,74309152.0,600854,2.36,0.18
2016-08-17,7.78,7.78,7.79,7.68,73247.0,56633620.0,600854,-0.38,-0.03
2016-08-18,7.79,7.8,7.85,7.72,69713.0,54299928.0,600854,0.26,0.02
2016-08-19,7.8,7.76,7.82,7.67,48270.0,37390320.0,600854,-0.51,-0.04
2016-08-22,7.74,7.75,7.83,7.71,39089.0,30287324.0,600854,-0.13,-0.01
2016-08-23,7.71,7.68,7.76,7.58,68460.0,52644992.0,600854,-0.9,-0.07
2016-08-24,7.7,7.61,7.75,7.5,48508.0,37012116.0,600854,-0.91,-0.07
2016-08-25,7.57,7.45,7.61,7.37,57848.0,43092228.0,600854,-2.1,-0.16
2016-08-26,7.48,7.43,7.55,7.4,58225.0,43569560.0,600854,-0.27,-0.02
2016-08-29,7.43,7.55,7.55,7.41,43121.0,32338888.0,600854,1.62,0.12
2016-08-30,7.53,7.58,7.62,7.51,37637.0,28516796.0,600854,0.4,0.03
2016-08-31,7.56,7.62,7.67,7.49,69466.0,52542072.0,600854,0.53,0.04
2016-09-01,7.61,7.61,7.68,7.56,49521.0,37841940.0,600854,-0.13,-0.01
2016-09-02,7.59,7.68,7.76,7.53,68809.0,52874408.0,600854,0.92,0.07
2016-09-05,7.7,7.68,7.74,7.61,50318.0,38584184.0,600854,0.0,0.0
2016-09-06,7.65,7.71,7.72,7.5,66104.0,50386412.0,600854,0.39,0.03
2016-09-07,7.68,7.76,7.8,7.61,84593.0,65551700.0,600854,0.65,0.05
2016-09-08,7.76,7.76,7.77,7.7,48768.0,37704688.0,600854,0.0,0.0
2016-09-09,7.75,7.7,7.83,7.67,51105.0,39610280.0,600854,-0.77,-0.06
2016-09-12,7.55,7.38,7.56,7.37,68124.0,50697220.0,600854,-4.16,-0.32
2016-09-13,7.42,7.42,7.45,7.38,36014.0,26660068.0,600854,0.54,0.04
2016-09-14,7.39,7.29,7.41,7.2,78140.0,56995632.0,600854,-1.75,-0.13
2016-09-19,7.28,7.42,7.43,7.26,41049.0,30288304.0,600854,1.78,0.13
2016-09-20,7.43,7.42,7.48,7.38,40404.0,30045984.0,600854,0.0,0.0
2016-09-21,7.43,7.47,7.51,7.39,40895.0,30510558.0,600854,0.67,0.05
2016-09-22,7.5,7.52,7.57,7.47,41923.0,31525412.0,600854,0.67,0.05
2016-09-23,7.51,7.5,7.62,7.49,41351.0,31282982.0,600854,-0.27,-0.02
2016-09-26,7.48,7.29,7.53,7.25,47604.0,35282352.0,600854,-2.8,-0.21
2016-09-27,7.3,7.37,7.39,7.2,43220.0,31516120.0,600854,1.1,0.08
2016-09-28,7.35,7.38,7.42,7.3,30826.0,22716996.0,600854,0.14,0.01
2016-09-29,7.46,7.46,7.48,7.38,32972.0,24533076.0,600854,1.08,0.08
2016-09-30,7.45,7.53,7.62,7.45,66388.0,50263928.0,600854,0.94,0.07
2016-10-10,7.57,7.61,7.65,7.52,57249.0,43510092.0,600854,1.06,0.08
2016-10-11,7.62,7.7,7.76,7.58,62754.0,48211944.0,600854,1.18,0.09
2016-10-12,7.66,7.75,7.79,7.64,61972.0,47848004.0,600854,0.65,0.05
2016-10-13,7.71,7.76,7.83,7.7,66789.0,51815152.0,600854,0.13,0.01
2016-10-14,7.75,7.76,7.77,7.63,64937.0,49998976.0,600854,0.0,0.0
2016-10-17,7.76,7.67,7.81,7.62,62081.0,47878104.0,600854,-1.16,-0.09
2016-10-18,7.66,7.81,7.82,7.64,88701.0,68791336.0,600854,1.83,0.14
2016-10-19,7.79,7.75,7.84,7.73,48205.0,37523992.0,600854,-0.77,-0.06
2016-10-20,7.75,7.78,7.8,7.7,55368.0,42884648.0,600854,0.39,0.03
2016-10-21,7.76,7.73,7.78,7.63,58186.0,44874336.0,600854,-0.64,-0.05
2016-10-24,7.7,7.87,7.93,7.69,91502.0,71683376.0,600854,1.81,0.14
2016-10-25,7.86,7.87,7.91,7.82,64078.0,50351800.0,600854,0.0,0.0
2016-10-26,7.86,7.9,7.99,7.83,76827.0,60742732.0,600854,0.38,0.03
2016-10-27,7.89,7.85,7.89,7.8,37792.0,29642716.0,600854,-0.63,-0.05
2016-10-28,7.85,7.72,7.87,7.71,53168.0,41303940.0,600854,-1.66,-0.13
2016-10-31,7.72,7.75,7.76,7.63,42631.0,32783128.0,600854,0.39,0.03
2016-11-01,7.72,7.81,7.81,7.71,47246.0,36662336.0,600854,0.77,0.06
2016-11-02,7.72,7.73,7.81,7.7,48800.0,37844616.0,600854,-1.02,-0.08
2016-11-03,7.7,7.88,7.9,7.68,81971.0,64181232.0,600854,1.94,0.15
2016-11-04,7.88,7.9,7.92,7.83,57571.0,45385336.0,600854,0.25,0.02
2016-11-07,7.9,7.92,8.08,7.88,99145.0,79041856.0,600854,0.25,0.02
2016-11-08,7.96,8.04,8.11,7.95,78645.0,63261136.0,600854,1.52,0.12
2016-11-09,8.01,7.91,8.07,7.8,88511.0,70214080.0,600854,-1.62,-0.13
2016-11-10,7.94,8.14,8.24,7.94,129354.0,105169320.0,600854,2.91,0.23
2016-11-11,8.13,8.17,8.25,8.09,81985.0,66813008.0,600854,0.37,0.03
2016-11-14,8.16,8.17,8.23,8.1,84140.0,68631544.0,600854,0.0,0.0
2016-11-15,8.17,8.12,8.17,8.07,51489.0,41768468.0,600854,-0.61,-0.05
2016-11-16,8.12,8.15,8.16,8.07,55777.0,45289816.0,600854,0.37,0.03
2016-11-17,8.15,8.05,8.15,8.04,47612.0,38497212.0,600854,-1.23,-0.1
2016-11-18,8.05,8.08,8.09,7.99,69053.0,55538756.0,600854,0.37,0.03
2016-11-21,8.08,8.12,8.13,8.01,64049.0,51813568.0,600854,0.5,0.04
2016-11-22,8.11,8.22,8.24,8.08,73966.0,60483280.0,600854,1.23,0.1
2016-11-23,8.22,8.05,8.24,7.97,70653.0,57500648.0,600854,-2.07,-0.17
2016-11-24,8.06,7.95,8.11,7.9,89099.0,71319696.0,600854,-1.24,-0.1
2016-11-25,7.94,7.92,7.98,7.71,70270.0,55247372.0,600854,-0.38,-0.03
2016-11-28,7.93,7.92,7.97,7.87,46036.0,36474056.0,600854,0.0,0.0
2016-11-29,7.94,7.81,7.94,7.79,47679.0,37470956.0,600854,-1.39,-0.11
2016-11-30,7.81,7.83,7.84,7.74,67178.0,52318108.0,600854,0.26,0.02
2016-12-01,7.85,7.88,7.93,7.8,58066.0,45697256.0,600854,0.64,0.05
2016-12-02,7.89,7.65,7.91,7.63,59129.0,45851512.0,600854,-2.92,-0.23
2016-12-05,7.58,7.63,7.7,7.57,42921.0,32886738.0,600854,-0.26,-0.02
2016-12-06,7.65,7.71,7.74,7.65,35961.0,27700716.0,600854,1.05,0.08
2016-12-07,7.68,7.77,7.79,7.67,33305.0,25781340.0,600854,0.78,0.06
2016-12-08,7.8,7.78,7.82,7.74,29829.0,23209288.0,600854,0.13,0.01
2016-12-09,7.8,7.81,7.81,7.72,30578.0,23765272.0,600854,0.39,0.03
2016-12-12,7.81,7.37,7.82,7.34,77054.0,57976088.0,600854,-5.63,-0.44
2016-12-13,7.34,7.29,7.36,7.11,57645.0,41799680.0,600854,-1.09,-0.08
2016-12-14,7.28,7.21,7.28,7.16,45887.0,33150268.0,600854,-1.1,-0.08
2016-12-15,7.19,7.24,7.3,7.15,32944.0,23853346.0,600854,0.42,0.03
2016-12-16,7.22,7.34,7.36,7.21,36499.0,26666688.0,600854,1.38,0.1
2016-12-19,7.35,7.37,7.42,7.31,39939.0,29446792.0,600854,0.41,0.03
2016-12-20,7.37,7.4,7.41,7.3,40320.0,29709014.0,600854,0.41,0.03
2016-12-21,7.4,7.4,7.45,7.37,42797.0,31721364.0,600854,0.0,0.0
2016-12-22,7.4,7.39,7.42,7.34,29491.0,21759604.0,600854,-0.14,-0.01
2016-12-23,7.39,7.27,7.41,7.25,38122.0,27874552.0,600854,-1.62,-0.12
2016-12-26,7.26,7.43,7.43,7.17,45061.0,32815178.0,600854,2.2,0.16
2016-12-27,7.37,7.38,7.46,7.37,37274.0,27640692.0,600854,-0.67,-0.05
2016-12-28,7.42,7.44,7.48,7.37,40671.0,30254900.0,600854,0.81,0.06
2016-12-29,7.4,7.38,7.48,7.37,31117.0,23090116.0,600854,-0.81,-0.06
2016-12-30,7.38,7.4,7.45,7.35,34393.0,25482604.0,600854,0.27,0.02
2017-01-03,7.42,7.53,7.57,7.42,56937.0,42854808.0,600854,1.76,0.13
2017-01-04,7.5,7.64,7.7,7.5,74600.0,56998468.0,600854,1.46,0.11
2017-01-05,7.61,7.66,7.75,7.6,70341.0,54087452.0,600854,0.26,0.02
2017-01-06,7.66,7.77,7.83,7.6,77341.0,59752488.0,600854,1.44,0.11
2017-01-09,7.78,7.77,7.82,7.69,68021.0,52710252.0,600854,0.0,0.0
2017-01-10,7.75,7.77,7.78,7.66,74055.0,57208344.0,600854,0.0,0.0
2017-01-11,7.76,7.66,7.76,7.62,49160.0,37798288.0,600854,-1.42,-0.11
2017-01-12,7.64,7.55,7.68,7.54,52645.0,40033428.0,600854,-1.44,-0.11
2017-01-13,7.55,7.49,7.65,7.45,55848.0,42190240.0,600854,-0.79,-0.06
2017-01-16,7.43,6.96,7.5,6.78,88609.0,63432476.0,600854,-7.08,-0.53
2017-01-17,6.99,7.07,7.08,6.85,61233.0,42664888.0,600854,1.58,0.11
2017-01-18,7.01,7.01,7.08,6.98,38421.0,27008024.0,600854,-0.85,-0.06
2017-01-19,7.0,6.94,7.02,6.91,31147.0,21684240.0,600854,-1.0,-0.07
2017-01-20,6.94,7.08,7.11,6.93,56855.0,39949020.0,600854,2.02,0.14
2017-01-23,7.07,7.14,7.19,7.07,51587.0,36825896.0,600854,0.85,0.06
2017-01-24,7.13,7.14,7.17,7.08,42415.0,30298170.0,600854,0.0,0.0
2017-01-25,7.12,7.16,7.18,7.1,38894.0,27795680.0,600854,0.28,0.02
2017-01-26,7.18,7.18,7.19,7.13,33258.0,23851156.0,600854,0.28,0.02
2017-02-03,7.15,7.19,7.21,7.13,31971.0,22938770.0,600854,0.14,0.01
2017-02-06,7.18,7.24,7.26,7.17,50122.0,36216400.0,600854,0.7,0.05
2017-02-07,7.22,7.29,7.3,7.2,33805.0,24545224.0,600854,0.69,0.05
2017-02-08,7.28,7.38,7.38,7.24,49284.0,36062264.0,600854,1.23,0.09
2017-02-09,7.38,7.38,7.4,7.33,48030.0,35377384.0,600854,0.0,0.0
2017-02-10,7.38,7.44,7.48,7.36,47891.0,35581424.0,600854,0.81,0.06
2017-02-13,7.4,7.5,7.51,7.4,48185.0,35980976.0,600854,0.81,0.06
2017-02-14,7.5,7.42,7.55,7.39,45515.0,33923908.0,600854,-1.07,-0.08
2017-02-15,7.42,7.6,7.72,7.41,138047.0,104621328.0,600854,2.43,0.18
2017-02-16,7.57,7.77,7.85,7.53,141467.0,109026072.0,600854,2.24,0.17
2017-02-17,7.75,8.0,8.4,7.73,293220.0,235447632.0,600854,2.96,0.23
2017-02-20,7.95,8.21,8.53,7.91,276125.0,225647520.0,600854,2.63,0.21
2017-02-21,8.15,8.21,8.39,7.99,288203.0,235175328.0,600854,0.0,0.0
2017-02-22,8.14,8.17,8.24,8.06,166740.0,135797616.0,600854,-0.49,-0.04
2017-02-23,8.13,8.23,8.26,7.97,242462.0,196545280.0,600854,0.73,0.06
2017-02-24,8.15,8.81,9.05,8.15,702189.0,615321664.0,600854,7.05,0.58
2017-02-27,8.66,8.61,8.85,8.39,365639.0,313997984.0,600854,-2.27,-0.2
2017-02-28,8.52,8.41,8.57,8.35,195840.0,165809456.0,600854,-2.32,-0.2
2017-03-01,8.43,8.46,8.55,8.3,174269.0,147119888.0,600854,0.59,0.05
2017-03-02,8.45,8.33,8.45,8.28,133873.0,111908816.0,600854,-1.54,-0.13
2017-03-03,8.35,8.8,8.95,8.32,604056.0,526003648.0,600854,5.64,0.47
2017-03-06,8.68,8.73,9.03,8.61,575822.0,504534336.0,600854,-0.8,-0.07
2017-03-07,8.7,8.61,8.8,8.55,354474.0,306485632.0,600854,-1.37,-0.12
2017-03-08,8.55,8.44,8.6,8.34,206945.0,174118656.0,600854,-1.97,-0.17
2017-03-09,8.44,8.49,8.56,8.35,134862.0,114232256.0,600854,0.59,0.05
2017-03-10,8.44,8.35,8.48,8.34,108309.0,90776248.0,600854,-1.65,-0.14
2017-03-13,8.31,8.47,8.5,8.27,100235.0,83943152.0,600854,1.44,0.12
2017-03-14,8.41,8.38,8.48,8.36,92289.0,77520616.0,600854,-1.06,-0.09
2017-03-15,8.37,8.48,8.57,8.3,140341.0,118480040.0,600854,1.19,0.1
2017-03-16,8.48,8.4,8.54,8.37,125595.0,105946712.0,600854,-0.94,-0.08
2017-03-17,8.41,8.31,8.44,8.3,99570.0,83343584.0,600854,-1.07,-0.09
2017-03-20,8.28,8.3,8.37,8.21,86238.0,71418288.0,600854,-0.12,-0.01
2017-03-21,8.28,8.21,8.33,8.17,77630.0,63948284.0,600854,-1.08,-0.09
2017-03-22,8.2,8.22,8.28,8.07,90165.0,73819192.0,600854,0.12,0.01
2017-03-23,8.26,8.23,8.45,8.16,57167.0,47174068.0,600854,0.12,0.01
2017-03-24,8.23,8.25,8.3,8.15,47083.0,38726672.0,600854,0.24,0.02
2017-03-27,8.25,8.32,8.39,8.24,78377.0,65330432.0,600854,0.85,0.07
2017-03-28,8.32,8.39,8.43,8.31,91620.0,76783040.0,600854,0.84,0.07
2017-03-29,8.39,8.15,8.4,8.15,81236.0,67009096.0,600854,-2.86,-0.24
2017-03-30,8.22,8.15,8.23,8.11,65897.0,53758892.0,600854,0.0,0.0
2017-03-31,8.15,8.18,8.24,8.04,74675.0,60853720.0,600854,0.37,0.03
2017-04-05,8.13,8.28,8.31,8.13,78383.0,64561352.0,600854,1.22,0.1
2017-04-06,8.27,8.29,8.36,8.23,56716.0,47050000.0,600854,0.12,0.01
2017-04-07,8.3,8.21,8.3,8.18,71222.0,58724872.0,600854,-0.97,-0.08
2017-04-10,8.15,8.4,8.43,8.15,153513.0,128072688.0,600854,2.31,0.19
2017-04-11,8.41,8.32,8.45,8.11,151779.0,125815488.0,600854,-0.95,-0.08
2017-04-12,8.33,8.53,8.61,8.2,240082.0,204223568.0,600854,2.52,0.21
2017-04-13,8.54,8.54,8.58,8.41,113870.0,96561376.0,600854,0.12,0.01
2017-04-14,8.53,8.22,8.54,8.18,156105.0,129416504.0,600854,-3.75,-0.32
2017-04-17,8.06,8.22,8.26,8.06,74480.0,60786868.0,600854,0.0,0.0
2017-04-18,8.19,8.19,8.29,8.16,60328.0,49671948.0,600854,-0.36,-0.03
2017-04-19,8.16,8.28,8.36,8.01,209929.0,173002048.0,600854,1.1,0.09
2017-04-20,8.29,8.35,8.4,8.2,168754.0,140675552.0,600854,0.85,0.07
2017-04-21,8.35,8.21,8.44,8.18,135573.0,112325240.0,600854,-1.68,-0.14
2017-04-24,8.17,7.8,8.17,7.65,165702.0,131171568.0,600854,-4.99,-0.41
2017-04-25,7.76,7.74,7.84,7.67,60217.0,46606844.0,600854,-0.77,-0.06
2017-04-26,7.7,7.71,7.77,7.64,39614.0,30469812.0,600854,-0.39,-0.03
2017-04-27,7.71,8.48,8.48,7.66,654370.0,541215424.0,600854,9.99,0.77
2017-04-28,8.36,8.39,8.57,8.32,457265.0,384223232.0,600854,-1.06,-0.09
2017-05-02,8.33,8.35,8.43,8.25,150210.0,125138976.0,600854,-0.48,-0.04
2017-05-03,8.33,8.7,9.05,8.28,798785.0,697319680.0,600854,4.19,0.35
2017-05-04,8.6,8.18,8.92,8.03,802061.0,686143616.0,600854,-5.98,-0.52
2017-05-05,8.0,7.47,8.05,7.36,358554.0,276351072.0,600854,-8.68,-0.71
2017-05-08,7.36,7.26,7.43,7.17,124280.0,90814456.0,600854,-2.81,-0.21
2017-05-09,7.19,7.31,7.37,7.15,70399.0,51248772.0,600854,0.69,0.05
2017-05-10,7.3,7.23,7.34,7.21,68248.0,49466616.0,600854,-1.09,-0.08
2017-05-11,7.13,7.07,7.21,6.84,146779.0,102963000.0,600854,-2.21,-0.16
2017-05-12,7.0,7.07,7.25,7.0,49175.0,34914512.0,600854,0.0,0.0
2017-05-15,7.07,7.63,7.69,7.0,238122.0,178386720.0,600854,7.92,0.56
2017-05-16,7.55,7.78,7.93,7.55,221264.0,171348496.0,600854,1.97,0.15
2017-05-17,7.77,8.12,8.43,7.69,501749.0,407208576.0,600854,4.37,0.34
2017-05-18,8.19,8.13,8.19,8.0,169715.0,137746416.0,600854,0.12,0.01
2017-05-19,8.16,8.2,8.26,8.11,101587.0,83212544.0,600854,0.86,0.07
2017-05-22,8.24,8.05,8.26,7.91,111162.0,89929712.0,600854,-1.83,-0.15
2017-05-23,8.11,7.25,8.22,7.25,306503.0,234384512.0,600854,-9.94,-0.8
2017-05-24,7.1,7.32,7.4,6.93,198452.0,143522640.0,600854,0.97,0.07
2017-05-25,7.28,7.24,7.4,6.93,168826.0,121372320.0,600854,-1.09,-0.08
2017-05-26,7.25,7.46,7.55,7.2,121384.0,89836328.0,600854,3.04,0.22
2017-05-31,7.6,7.56,7.61,7.43,77203.0,58150352.0,600854,1.34,0.1
2017-06-01,7.5,7.52,7.6,7.46,65776.0,49639608.0,600854,-0.53,-0.04
2017-06-02,7.53,7.5,7.58,7.36,56106.0,41979216.0,600854,-0.27,-0.02
2017-06-05,7.46,7.0,7.7,6.75,700565.0,500065344.0,600854,-6.67,-0.5
2017-06-06,6.72,6.35,6.79,6.3,459558.0,295558784.0,600854,-9.29,-0.65
2017-06-07,6.3,6.42,6.45,6.21,231301.0,147483504.0,600854,1.1,0.07
2017-06-08,6.39,6.33,6.42,6.26,191863.0,121603736.0,600854,-1.4,-0.09
2017-06-09,6.29,6.34,6.37,6.26,124115.0,78256544.0,600854,0.16,0.01
2017-06-12,6.31,6.14,6.33,6.12,152379.0,94451072.0,600854,-3.15,-0.2
2017-06-13,6.13,6.22,6.24,6.09,83227.0,51511644.0,600854,1.3,0.08
2017-06-14,6.19,6.23,6.3,6.18,88730.0,55350296.0,600854,0.16,0.01
2017-06-15,6.22,6.32,6.33,6.21,89804.0,56497280.0,600854,1.44,0.09
2017-06-16,6.33,6.26,6.34,6.24,77220.0,48444700.0,600854,-0.95,-0.06
2017-06-19,6.26,6.32,6.33,6.25,70136.0,44084448.0,600854,0.96,0.06
2017-06-20,6.33,6.3,6.37,6.29,91701.0,58058968.0,600854,-0.32,-0.02
2017-06-21,6.3,6.93,6.93,6.3,582433.0,391159552.0,600854,10.0,0.63
2017-06-22,6.9,6.8,6.93,6.76,285691.0,195737808.0,600854,-1.88,-0.13
2017-06-23,6.76,6.84,6.92,6.76,179165.0,122515216.0,600854,0.59,0.04
2017-06-26,6.85,6.85,6.99,6.8,134478.0,92500112.0,600854,0.15,0.01
2017-06-27,6.85,6.81,6.91,6.77,89896.0,61416140.0,600854,-0.58,-0.04
2017-06-28,6.78,6.79,6.94,6.71,134191.0,91772696.0,600854,-0.29,-0.02
2017-06-29,6.79,6.83,7.24,6.64,359854.0,247290448.0,600854,0.59,0.04
2017-06-30,6.77,6.74,6.8,6.68,88674.0,59869156.0,600854,-1.32,-0.09
2017-07-03,6.78,6.79,6.86,6.72,66550.0,45269072.0,600854,0.74,0.05
2017-07-04,6.8,6.77,6.83,6.74,45385.0,30749674.0,600854,-0.29,-0.02
2017-07-05,6.8,6.8,6.87,6.75,80045.0,54519072.0,600854,0.44,0.03
2017-07-06,6.8,6.83,6.96,6.74,192429.0,132031328.0,600854,0.44,0.03
2017-07-07,6.8,6.84,6.87,6.76,74273.0,50657384.0,600854,0.15,0.01
2017-07-10,6.82,6.76,6.82,6.74,58074.0,39351084.0,600854,-1.17,-0.08
2017-07-11,6.75,6.68,6.79,6.64,70657.0,47510560.0,600854,-1.18,-0.08
2017-07-12,6.7,6.51,6.74,6.35,91061.0,59409132.0,600854,-2.54,-0.17
2017-07-13,6.24,6.43,6.52,6.24,122819.0,79069072.0,600854,-1.23,-0.08
2017-07-14,6.4,6.43,6.5,6.4,53325.0,34395960.0,600854,0.0,0.0
2017-07-17,6.41,6.33,6.52,6.08,111160.0,70871280.0,600854,-1.56,-0.1
2017-07-18,6.33,6.96,6.96,6.33,669694.0,458691616.0,600854,9.95,0.63
2017-07-19,6.9,7.62,7.66,6.85,900692.0,661285504.0,600854,9.48,0.66
2017-07-20,7.54,7.65,7.8,7.38,913918.0,692354432.0,600854,0.39,0.03
2017-07-21,7.64,7.63,7.65,7.44,355669.0,268937792.0,600854,-0.26,-0.02
2017-07-24,7.54,7.65,7.75,7.49,295520.0,225087072.0,600854,0.26,0.02
2017-07-25,7.65,7.52,7.73,7.48,308823.0,233714624.0,600854,-1.7,-0.13
2017-07-26,7.52,7.51,7.6,7.3,162602.0,121027224.0,600854,-0.13,-0.01
2017-07-27,7.52,7.55,7.58,7.45,121761.0,91658192.0,600854,0.53,0.04
2017-07-28,7.56,7.53,7.65,7.51,88101.0,66574048.0,600854,-0.26,-0.02
2017-07-31,7.58,7.81,8.05,7.57,676988.0,528285024.0,600854,3.72,0.28
2017-08-01,7.71,7.92,8.1,7.65,771663.0,610639040.0,600854,1.41,0.11
2017-08-02,7.81,7.13,7.88,7.13,698021.0,511705664.0,600854,-9.97,-0.79
2017-08-03,6.7,6.62,6.89,6.5,464535.0,308734400.0,600854,-7.15,-0.51
2017-08-04,6.6,6.59,6.69,6.56,204822.0,135399664.0,600854,-0.45,-0.03
2017-08-07,6.6,6.57,6.6,6.42,180629.0,117400808.0,600854,-0.3,-0.02
2017-08-08,6.53,6.59,6.62,6.51,122228.0,80257976.0,600854,0.3,0.02
2017-08-09,6.55,6.62,6.71,6.53,143900.0,95508792.0,600854,0.46,0.03
2017-08-10,6.6,6.55,6.61,6.4,126411.0,82509456.0,600854,-1.06,-0.07
2017-08-11,6.53,6.4,6.53,6.39,92750.0,59848568.0,600854,-2.29,-0.15
2017-08-14,6.4,6.53,6.55,6.38,81123.0,52697620.0,600854,2.03,0.13
2017-08-15,6.53,6.6,6.64,6.5,83047.0,54619352.0,600854,1.07,0.07
2017-08-16,6.62,6.63,6.68,6.57,98729.0,65490940.0,600854,0.45,0.03
2017-08-17,6.6,6.66,6.67,6.58,80754.0,53501364.0,600854,0.45,0.03
2017-08-18,6.63,6.64,6.66,6.59,60813.0,40258904.0,600854,-0.3,-0.02
2017-08-21,6.65,6.7,6.75,6.62,86616.0,57846012.0,600854,0.9,0.06
2017-08-22,6.7,6.62,6.71,6.59,67740.0,44874332.0,600854,-1.19,-0.08
2017-08-23,6.6,6.58,6.64,6.55,61196.0,40422320.0,600854,-0.6,-0.04
2017-08-24,6.58,6.48,6.59,6.41,81166.0,52782072.0,600854,-1.52,-0.1
2017-08-25,6.48,6.6,6.6,6.46,72953.0,47832840.0,600854,1.85,0.12
2017-08-28,6.59,6.73,6.84,6.56,156840.0,105151664.0,600854,1.97,0.13
2017-08-29,6.73,6.84,6.85,6.66,168481.0,114233584.0,600854,1.63,0.11
2017-08-30,7.1,6.85,7.18,6.85,282278.0,197372864.0,600854,0.15,0.01
2017-08-31,6.83,6.8,6.88,6.72,119339.0,81086184.0,600854,-0.73,-0.05
2017-09-01,6.8,6.81,6.85,6.73,92613.0,62837788.0,600854,0.15,0.01
2017-09-04,6.81,6.81,6.82,6.76,80154.0,54437808.0,600854,0.0,0.0
2017-09-05,6.79,6.84,6.87,6.73,93542.0,63580452.0,600854,0.44,0.03
2017-09-06,6.81,6.91,6.95,6.76,108287.0,74302384.0,600854,1.02,0.07
2017-09-07,6.86,6.8,6.94,6.79,89254.0,61265008.0,600854,-1.59,-0.11
2017-09-08,6.8,6.75,6.83,6.7,86543.0,58501768.0,600854,-0.74,-0.05
2017-09-11,6.73,7.0,7.12,6.73,197496.0,137396032.0,600854,3.7,0.25
2017-09-12,6.97,6.93,7.07,6.9,164213.0,114656192.0,600854,-1.0,-0.07
2017-09-13,6.93,6.95,6.96,6.82,86341.0,59641256.0,600854,0.29,0.02
2017-09-14,6.96,6.96,6.99,6.88,91421.0,63324904.0,600854,0.14,0.01
2017-09-15,6.96,6.87,6.97,6.86,75601.0,52239892.0,600854,-1.29,-0.09
2017-09-18,6.89,7.04,7.05,6.83,108221.0,75234464.0,600854,2.47,0.17
2017-09-19,7.01,6.96,7.06,6.93,80539.0,56223452.0,600854,-1.14,-0.08
2017-09-20,6.96,7.07,7.11,6.93,128830.0,90870080.0,600854,1.58,0.11
2017-09-21,7.1,6.96,7.12,6.95,84507.0,59365732.0,600854,-1.56,-0.11
2017-09-22,6.98,6.89,6.98,6.87,78851.0,54400780.0,600854,-1.01,-0.07
2017-09-25,6.86,6.74,6.98,6.66,69761.0,47611316.0,600854,-2.18,-0.15
2017-09-26,6.74,6.78,6.8,6.69,51881.0,34950756.0,600854,0.59,0.04
2017-09-27,6.79,6.84,6.87,6.75,47188.0,32114162.0,600854,0.88,0.06
2017-09-28,6.86,6.73,6.87,6.72,45904.0,31209108.0,600854,-1.61,-0.11
2017-09-29,6.77,6.78,6.79,6.72,43967.0,29683144.0,600854,0.74,0.05
2017-10-09,6.82,7.01,7.03,6.81,103677.0,71932432.0,600854,3.39,0.23
2017-10-10,7.0,6.98,7.0,6.94,75568.0,52662208.0,600854,-0.43,-0.03
2017-10-11,7.0,7.01,7.03,6.94,72084.0,50336856.0,600854,0.43,0.03
2017-10-12,6.98,7.01,7.05,6.95,68464.0,47978740.0,600854,0.0,0.0
2017-10-13,7.01,6.99,7.02,6.92,49589.0,34541748.0,600854,-0.29,-0.02
2017-10-16,6.97,6.83,6.99,6.75,87558.0,60118604.0,600854,-2.29,-0.16
2017-10-17,6.8,6.82,6.84,6.72,50102.0,33999736.0,600854,-0.15,-0.01
2017-10-18,6.8,6.88,7.0,6.79,135472.0,93777096.0,600854,0.88,0.06
2017-10-19,6.81,6.76,6.87,6.69,86058.0,58228064.0,600854,-1.74,-0.12
2017-10-20,6.74,6.79,6.79,6.68,47337.0,31980296.0,600854,0.44,0.03
2017-10-23,6.8,6.83,6.84,6.73,50747.0,34419464.0,600854,0.59,0.04
2017-10-24,6.83,6.75,6.83,6.68,51501.0,34692192.0,600854,-1.17,-0.08
2017-10-25,6.77,6.78,6.79,6.71,55724.0,37643352.0,600854,0.44,0.03
2017-10-26,6.77,6.82,6.95,6.73,87093.0,59811988.0,600854,0.59,0.04
2017-10-27,6.8,6.8,6.86,6.76,56890.0,38700288.0,600854,-0.29,-0.02
2017-10-30,6.79,6.52,6.8,6.41,82865.0,54423864.0,600854,-4.12,-0.28
2017-10-31,6.5,6.53,6.54,6.4,57690.0,37327032.0,600854,0.15,0.01
2017-11-01,6.49,6.36,6.52,6.33,104674.0,67076308.0,600854,-2.6,-0.17
2017-11-02,6.35,6.19,6.35,6.17,85604.0,53325012.0,600854,-2.67,-0.17
2017-11-03,6.18,6.14,6.23,6.09,60234.0,37075284.0,600854,-0.81,-0.05
2017-11-06,6.1,6.2,6.21,6.07,43222.0,26573000.0,600854,0.98,0.06
2017-11-07,6.19,6.21,6.22,6.15,44395.0,27425806.0,600854,0.16,0.01
2017-11-08,6.19,6.25,6.3,6.18,65958.0,41196824.0,600854,0.64,0.04
2017-11-09,6.25,6.29,6.32,6.2,51365.0,32211600.0,600854,0.64,0.04
2017-11-10,6.28,6.25,6.29,6.24,53804.0,33704416.0,600854,-0.64,-0.04
2017-11-13,6.24,6.18,6.28,6.17,47751.0,29690442.0,600854,-1.12,-0.07
2017-11-14,6.18,6.19,6.27,6.15,40376.0,25064820.0,600854,0.16,0.01
2017-11-15,6.19,6.22,6.3,6.14,51399.0,32085456.0,600854,0.48,0.03
2017-11-16,6.19,6.07,6.21,6.05,60887.0,37338412.0,600854,-2.41,-0.15
2017-11-17,6.07,5.79,6.12,5.72,88687.0,52331928.0,600854,-4.61,-0.28
2017-11-20,5.76,5.68,5.78,5.55,62613.0,35170300.0,600854,-1.9,-0.11
2017-11-21,5.66,5.61,5.7,5.53,57065.0,32102904.0,600854,-1.23,-0.07
2017-11-22,5.62,5.61,5.65,5.56,42935.0,24024448.0,600854,0.0,0.0
2017-11-23,5.61,5.38,5.61,5.37,80516.0,44055508.0,600854,-4.1,-0.23
2017-11-24,5.37,5.36,5.4,5.3,56312.0,30127236.0,600854,-0.37,-0.02
2017-11-27,5.33,5.3,5.35,5.28,38748.0,20586804.0,600854,-1.12,-0.06
2017-11-28,5.32,5.38,5.39,5.3,36657.0,19585100.0,600854,1.51,0.08
2017-11-29,5.38,5.38,5.39,5.29,32578.0,17416040.0,600854,0.0,0.0
2017-11-30,5.39,5.42,5.5,5.38,54136.0,29470476.0,600854,0.74,0.04
2017-12-01,5.4,5.46,5.46,5.38,34681.0,18800224.0,600854,0.74,0.04
2017-12-04,5.42,5.33,5.45,5.31,37241.0,20085956.0,600854,-2.38,-0.13
2017-12-05,5.32,5.09,5.36,5.06,64184.0,33370116.0,600854,-4.5,-0.24
2017-12-06,5.09,5.14,5.16,5.04,43790.0,22269848.0,600854,0.98,0.05
2017-12-07,5.13,5.13,5.16,5.1,31167.0,15996137.0,600854,-0.19,-0.01
2017-12-08,5.12,5.2,5.24,5.11,34567.0,17954224.0,600854,1.36,0.07
2017-12-11,5.19,5.26,5.27,5.19,33620.0,17551216.0,600854,1.15,0.06
2017-12-12,5.23,5.2,5.25,5.15,32155.0,16737618.0,600854,-1.14,-0.06
2017-12-13,5.18,5.24,5.25,5.17,26305.0,13727858.0,600854,0.77,0.04
2017-12-14,5.23,5.23,5.25,5.18,23162.0,12055990.0,600854,-0.19,-0.01
2017-12-15,5.24,5.26,5.28,5.2,36308.0,19063304.0,600854,0.57,0.03
2017-12-18,5.26,5.24,5.27,5.2,29470.0,15414487.0,600854,-0.38,-0.02
2017-12-19,5.22,5.27,5.27,5.22,22161.0,11626866.0,600854,0.57,0.03
2017-12-20,5.26,5.17,5.26,5.16,31822.0,16582654.0,600854,-1.9,-0.1
2017-12-21,5.19,5.21,5.21,5.15,28171.0,14600927.0,600854,0.77,0.04
2017-12-22,5.2,5.33,5.35,5.17,65170.0,34414200.0,600854,2.3,0.12
2017-12-25,5.29,5.33,5.34,5.27,48929.0,25863248.0,600854,0.0,0.0
2017-12-26,5.34,5.55,5.71,5.28,69600.0,37686340.0,600854,4.13,0.22
2017-12-27,5.59,5.73,5.98,5.5,148984.0,85446408.0,600854,3.24,0.18
2017-12-28,5.6,5.56,5.66,5.55,67663.0,37906392.0,600854,-2.97,-0.17
2017-12-29,5.53,5.58,5.67,5.46,60269.0,33599188.0,600854,0.36,0.02
2018-01-02,5.51,5.63,6.14,5.51,81583.0,46331304.0,600854,0.9,0.05
2018-01-03,5.63,5.62,5.67,5.57,61779.0,34724692.0,600854,-0.18,-0.01
2018-01-04,5.65,5.6,5.65,5.58,33794.0,18933946.0,600854,-0.36,-0.02
2018-01-05,5.61,5.64,5.72,5.56,55636.0,31469114.0,600854,0.71,0.04
2018-01-08,5.66,5.6,5.66,5.5,39226.0,21845426.0,600854,-0.71,-0.04
2018-01-09,5.62,5.61,5.64,5.56,36178.0,20212612.0,600854,0.18,0.01
2018-01-10,5.69,5.62,5.7,5.55,62902.0,35384504.0,600854,0.18,0.01
2018-01-11,5.57,5.6,5.61,5.54,25507.0,14206962.0,600854,-0.36,-0.02
2018-01-12,5.57,5.52,5.6,5.51,31756.0,17635030.0,600854,-1.43,-0.08
2018-01-15,5.56,5.46,5.56,5.36,48938.0,26772496.0,600854,-1.09,-0.06
2018-01-16,5.45,5.48,5.6,5.42,41463.0,22850252.0,600854,0.37,0.02
2018-01-17,5.45,5.45,5.48,5.42,39502.0,21525120.0,600854,-0.55,-0.03
2018-01-18,5.42,5.32,5.48,5.3,64551.0,34599568.0,600854,-2.39,-0.13
2018-01-19,5.32,5.28,5.33,5.26,47141.0,24962984.0,600854,-0.75,-0.04
2018-01-22,5.36,5.32,5.36,5.24,32515.0,17228614.0,600854,0.76,0.04
2018-01-23,5.28,5.37,5.53,5.27,69466.0,37570620.0,600854,0.94,0.05
2018-01-24,5.37,5.36,5.43,5.25,42471.0,22690612.0,600854,-0.19,-0.01
2018-01-25,5.32,5.37,5.39,5.31,32166.0,17240108.0,600854,0.19,0.01
2018-01-26,5.34,5.35,5.39,5.31,31200.0,16731659.0,600854,-0.37,-0.02
2018-01-29,5.34,5.28,5.35,5.26,46082.0,24452996.0,600854,-1.31,-0.07
2018-01-30,5.27,5.27,5.3,5.23,21881.0,11515022.0,600854,-0.19,-0.01
2018-01-31,5.26,5.22,5.26,5.13,45053.0,23426960.0,600854,-0.95,-0.05
2018-02-01,5.17,4.85,5.19,4.84,67925.0,33855520.0,600854,-7.09,-0.37
2018-02-02,4.8,4.8,4.88,4.71,34249.0,16494702.0,600854,-1.03,-0.05
2018-02-05,4.75,4.81,4.84,4.7,19219.0,9177628.0,600854,0.21,0.01
2018-02-06,4.75,4.41,4.75,4.39,55626.0,25515304.0,600854,-8.32,-0.4
2018-02-07,4.47,4.45,4.52,4.36,24046.0,10702365.0,600854,0.91,0.04
2018-02-08,4.45,4.53,4.55,4.43,20132.0,9064813.0,600854,1.8,0.08
2018-02-09,4.4,4.4,4.52,4.32,29683.0,13141362.0,600854,-2.87,-0.13
2018-02-12,4.44,4.6,4.83,4.42,87253.0,40751804.0,600854,4.55,0.2
2018-02-13,4.6,4.59,4.66,4.56,28043.0,12913275.0,600854,-0.22,-0.01
2018-02-14,4.59,4.61,4.61,4.56,15466.0,7097473.0,600854,0.44,0.02
2018-02-22,4.64,4.67,4.69,4.59,21380.0,9925112.0,600854,1.3,0.06
2018-02-23,4.66,4.66,4.68,4.61,21131.0,9817355.0,600854,-0.21,-0.01
2018-02-26,4.65,4.73,4.76,4.64,37830.0,17809320.0,600854,1.5,0.07
2018-02-27,4.74,4.73,4.77,4.7,26260.0,12432197.0,600854,0.0,0.0
2018-02-28,4.71,4.73,4.75,4.65,23710.0,11176386.0,600854,0.0,0.0
2018-03-01,4.71,4.76,4.78,4.68,40528.0,19227372.0,600854,0.63,0.03
2018-03-02,4.74,4.76,4.8,4.71,29055.0,13852861.0,600854,0.0,0.0
2018-03-05,4.75,4.76,4.77,4.72,23203.0,11011337.0,600854,0.0,0.0
2018-03-06,4.76,4.84,4.84,4.76,38707.0,18610228.0,600854,1.68,0.08
2018-03-07,4.8,4.83,4.85,4.79,33406.0,16100983.0,600854,-0.21,-0.01
2018-03-08,4.85,4.92,4.92,4.83,40975.0,19912852.0,600854,1.86,0.09
2018-03-09,4.89,4.95,4.97,4.83,40725.0,19989272.0,600854,0.61,0.03
2018-03-12,4.97,4.99,5.0,4.93,39658.0,19660476.0,600854,0.81,0.04
2018-03-13,4.98,4.99,5.04,4.94,37329.0,18581984.0,600854,0.0,0.0
2018-03-14,4.97,4.9,5.02,4.89,36787.0,18238704.0,600854,-1.8,-0.09
2018-03-15,4.88,4.86,4.9,4.79,33850.0,16398062.0,600854,-0.82,-0.04
2018-03-16,4.87,4.98,5.02,4.84,63353.0,31368072.0,600854,2.47,0.12
2018-03-19,4.99,4.97,5.02,4.93,42184.0,20962168.0,600854,-0.2,-0.01
2018-03-20,4.96,5.02,5.03,4.91,37958.0,18883092.0,600854,1.01,0.05
2018-03-21,5.02,4.95,5.06,4.9,48514.0,24279752.0,600854,-1.39,-0.07
2018-03-22,4.92,5.01,5.01,4.91,39616.0,19648822.0,600854,1.21,0.06
2018-03-23,4.93,4.57,4.93,4.53,61807.0,29272484.0,600854,-8.78,-0.44
2018-03-26,4.56,4.64,4.68,4.43,28817.0,13185343.0,600854,1.53,0.07
2018-03-27,4.66,4.73,4.78,4.65,49313.0,23271460.0,600854,1.94,0.09
2018-03-28,4.7,4.72,4.77,4.63,38186.0,17988392.0,600854,-0.21,-0.01
2018-03-29,4.76,4.74,4.76,4.69,40807.0,19281384.0,600854,0.42,0.02
2018-03-30,4.74,4.79,4.81,4.74,37079.0,17688688.0,600854,1.05,0.05
2018-04-02,4.77,4.79,4.84,4.77,48255.0,23157162.0,600854,0.0,0.0
2018-04-03,4.73,4.75,4.76,4.68,29729.0,14039196.0,600854,-0.84,-0.04
2018-04-04,4.74,4.75,4.8,4.7,28462.0,13575018.0,600854,0.0,0.0
2018-04-09,4.7,4.71,4.76,4.67,24856.0,11709808.0,600854,-0.84,-0.04
2018-04-10,4.71,4.8,4.83,4.71,47442.0,22591416.0,600854,1.91,0.09
2018-04-11,4.8,4.81,4.83,4.76,34830.0,16683167.0,600854,0.21,0.01
2018-04-12,4.8,4.73,4.8,4.71,44242.0,21008948.0,600854,-1.66,-0.08
2018-04-13,4.73,4.71,4.76,4.66,28002.0,13199333.0,600854,-0.42,-0.02
2018-04-16,4.66,4.62,4.7,4.58,23241.0,10795132.0,600854,-1.91,-0.09
2018-04-17,4.64,4.57,4.65,4.56,31191.0,14368580.0,600854,-1.08,-0.05
2018-04-18,4.6,4.64,4.67,4.51,54841.0,25280838.0,600854,1.53,0.07
2018-04-19,4.61,4.65,4.67,4.59,43189.0,20026800.0,600854,0.22,0.01
2018-04-20,4.64,4.51,4.65,4.49,32634.0,14869460.0,600854,-3.01,-0.14
2018-04-23,4.51,4.55,4.58,4.45,17566.0,7914238.0,600854,0.89,0.04
2018-04-24,4.54,4.62,4.64,4.53,16588.0,7638165.0,600854,1.54,0.07
2018-04-25,4.61,4.6,4.62,4.55,23678.0,10851210.0,600854,-0.43,-0.02
2018-04-26,4.57,4.51,4.61,4.5,20550.0,9383442.0,600854,-1.96,-0.09
2018-04-27,4.51,4.56,4.57,4.5,18984.0,8617818.0,600854,1.11,0.05
2018-05-02,4.59,4.61,4.65,4.55,38797.0,17856512.0,600854,1.1,0.05
2018-05-03,4.6,4.75,4.77,4.58,78926.0,37071000.0,600854,3.04,0.14
2018-05-04,4.72,4.7,4.74,4.68,32381.0,15246644.0,600854,-1.05,-0.05
2018-05-07,4.7,4.77,4.78,4.69,45094.0,21397350.0,600854,1.49,0.07
2018-05-08,4.78,4.78,4.8,4.75,44881.0,21430172.0,600854,0.21,0.01
2018-05-09,4.76,4.77,4.81,4.73,31728.0,15146949.0,600854,-0.21,-0.01
2018-05-10,4.78,4.79,4.81,4.74,38039.0,18170194.0,600854,0.42,0.02
2018-05-11,4.8,4.81,4.86,4.77,46659.0,22404112.0,600854,0.42,0.02
2018-05-14,4.77,4.75,4.8,4.74,32997.0,15702082.0,600854,-1.25,-0.06
2018-05-15,4.74,4.76,4.77,4.69,29454.0,13944248.0,600854,0.21,0.01
2018-05-16,4.75,4.75,4.81,4.71,35005.0,16657327.0,600854,-0.21,-0.01
2018-05-17,4.75,4.72,4.77,4.71,18842.0,8912906.0,600854,-0.63,-0.03
2018-05-18,4.7,4.76,4.78,4.69,30622.0,14521203.0,600854,0.85,0.04
2018-05-21,4.78,4.81,4.82,4.75,50240.0,24046072.0,600854,1.05,0.05
2018-05-22,4.8,4.85,4.86,4.78,59666.0,28800628.0,600854,0.83,0.04
2018-05-23,4.85,4.79,4.85,4.75,54786.0,26272226.0,600854,-1.24,-0.06
2018-05-24,4.79,4.78,4.79,4.74,35849.0,17082616.0,600854,-0.21,-0.01
2018-05-25,4.78,4.73,4.8,4.68,41230.0,19534232.0,600854,-1.05,-0.05
2018-05-28,4.72,4.69,4.74,4.64,44235.0,20726504.0,600854,-0.85,-0.04
2018-05-29,4.67,4.69,4.71,4.65,26302.0,12321451.0,600854,0.0,0.0
2018-05-30,4.65,4.54,4.67,4.5,48108.0,22164746.0,600854,-3.2,-0.15
2018-05-31,4.55,4.59,4.64,4.54,25348.0,11587194.0,600854,1.1,0.05
2018-06-01,4.58,4.62,4.64,4.54,45536.0,20889292.0,600854,0.65,0.03
2018-06-04,4.6,4.73,4.88,4.59,143925.0,68648128.0,600854,2.38,0.11
2018-06-05,4.73,4.74,4.75,4.66,86240.0,40551884.0,600854,0.21,0.01
2018-06-06,4.72,4.68,4.73,4.66,43210.0,20255408.0,600854,-1.27,-0.06
2018-06-07,4.7,4.53,4.7,4.52,58605.0,27028992.0,600854,-3.21,-0.15
2018-06-08,4.52,4.41,4.52,4.38,62458.0,27649248.0,600854,-2.65,-0.12
2018-06-11,4.4,4.45,4.45,4.38,31453.0,13907158.0,600854,0.91,0.04
2018-06-12,4.45,4.54,4.68,4.43,71241.0,32301358.0,600854,2.02,0.09
2018-06-13,4.51,4.48,4.54,4.47,24951.0,11239976.0,600854,-1.32,-0.06
2018-06-14,4.48,4.48,4.53,4.43,24416.0,10906681.0,600854,0.0,0.0
2018-06-15,4.48,4.42,4.49,4.35,33804.0,14912644.0,600854,-1.34,-0.06
2018-06-19,4.38,4.05,4.38,4.01,63701.0,26400580.0,600854,-8.37,-0.37
2018-06-20,4.04,4.09,4.12,3.9,37587.0,15222987.0,600854,0.99,0.04
2018-06-21,4.05,4.02,4.12,3.99,26972.0,10928608.0,600854,-1.71,-0.07
2018-06-22,3.95,4.14,4.15,3.95,39424.0,16081305.0,600854,2.99,0.12
2018-06-25,4.55,4.17,4.55,4.16,85192.0,36930220.0,600854,0.72,0.03
2018-06-26,4.07,4.15,4.18,4.07,49453.0,20469988.0,600854,-0.48,-0.02
2018-06-27,4.15,4.14,4.18,4.12,20770.0,8622031.0,600854,-0.24,-0.01
2018-06-28,4.12,4.13,4.2,4.12,26372.0,10956998.0,600854,-0.24,-0.01
2018-06-29,4.12,4.21,4.24,4.1,28941.0,12103081.0,600854,1.94,0.08
2018-07-02,4.2,4.1,4.23,4.05,26694.0,11113206.0,600854,-2.61,-0.11
2018-07-03,4.14,4.19,4.2,4.05,35451.0,14670698.0,600854,2.2,0.09
2018-07-04,4.19,4.09,4.19,4.06,22712.0,9347735.0,600854,-2.39,-0.1
2018-07-05,4.09,4.0,4.12,4.0,18264.0,7432819.0,600854,-2.2,-0.09
2018-07-06,4.01,4.01,4.06,3.91,33652.0,13463049.0,600854,0.25,0.01
2018-07-09,4.01,4.06,4.08,4.01,29728.0,12019468.0,600854,1.25,0.05
2018-07-10,4.03,4.11,4.12,4.03,34423.0,14009221.0,600854,1.23,0.05
2018-07-11,4.08,4.01,4.08,3.96,28765.0,11530867.0,600854,-2.43,-0.1
2018-07-12,4.01,4.12,4.12,4.0,38903.0,15867431.0,600854,2.74,0.11
2018-07-13,4.12,4.21,4.31,4.11,91558.0,38799824.0,600854,2.18,0.09
2018-07-16,4.19,4.17,4.21,4.15,19928.0,8318075.0,600854,-0.95,-0.04
2018-07-17,4.15,4.17,4.18,4.1,20457.0,8453562.0,600854,0.0,0.0
2018-07-18,4.18,4.13,4.2,4.12,22621.0,9413436.0,600854,-0.96,-0.04
2018-07-19,4.15,4.14,4.17,4.1,19895.0,8213488.0,600854,0.24,0.01
2018-07-20,4.11,4.17,4.2,4.1,31982.0,13311206.0,600854,0.72,0.03
2018-07-23,4.18,4.2,4.22,4.15,37824.0,15847599.0,600854,0.72,0.03
2018-07-24,4.2,4.26,4.27,4.18,60640.0,25671500.0,600854,1.43,0.06
2018-07-25,4.26,4.26,4.27,4.22,41033.0,17424520.0,600854,0.0,0.0
2018-07-26,4.26,4.3,4.41,4.23,76379.0,32787886.0,600854,0.94,0.04
2018-07-27,4.29,4.27,4.3,4.25,44263.0,18938614.0,600854,-0.7,-0.03
2018-07-30,4.27,4.19,4.29,4.17,50763.0,21404916.0,600854,-1.87,-0.08
2018-07-31,4.18,4.22,4.24,4.17,26883.0,11323056.0,600854,0.72,0.03
2018-08-01,4.22,4.19,4.26,4.18,29800.0,12553092.0,600854,-0.71,-0.03
2018-08-02,4.19,4.1,4.2,4.04,41072.0,16970292.0,600854,-2.15,-0.09
2018-08-03,4.1,4.08,4.14,4.06,15135.0,6202634.0,600854,-0.49,-0.02
2018-08-06,4.08,4.0,4.08,3.98,26235.0,10574275.0,600854,-1.96,-0.08
2018-08-07,4.01,4.09,4.1,4.01,28409.0,11499267.0,600854,2.25,0.09
2018-08-08,4.09,4.06,4.11,4.04,20000.0,8155625.0,600854,-0.73,-0.03
2018-08-09,4.05,4.13,4.17,4.03,30831.0,12731553.0,600854,1.72,0.07
2018-08-10,4.13,4.16,4.2,4.12,27136.0,11285591.0,600854,0.73,0.03
2018-08-13,4.11,4.19,4.2,4.1,17593.0,7306434.0,600854,0.72,0.03
2018-08-14,4.16,4.17,4.21,4.14,21257.0,8869866.0,600854,-0.48,-0.02
2018-08-15,4.17,4.15,4.19,4.11,16681.0,6927594.0,600854,-0.48,-0.02
2018-08-16,4.1,4.08,4.13,4.04,18527.0,7569240.0,600854,-1.69,-0.07
2018-08-17,4.09,3.99,4.11,3.98,23422.0,9457916.0,600854,-2.21,-0.09
2018-08-20,3.99,4.0,4.02,3.94,15880.0,6319868.0,600854,0.25,0.01
2018-08-21,4.01,4.04,4.05,3.99,16402.0,6610863.0,600854,1.0,0.04
2018-08-22,4.05,4.04,4.06,4.0,15781.0,6360272.0,600854,0.0,0.0
2018-08-23,4.03,4.03,4.05,4.01,13035.0,5254826.0,600854,-0.25,-0.01
2018-08-24,4.03,4.02,4.04,3.96,15202.0,6075485.0,600854,-0.25,-0.01
2018-08-27,4.02,4.05,4.07,4.0,20094.0,8132528.0,600854,0.75,0.03
2018-08-28,4.06,4.08,4.1,4.05,21615.0,8806430.0,600854,0.74,0.03
2018-08-29,4.05,4.08,4.09,4.04,25444.0,10334839.0,600854,0.0,0.0
2018-08-30,4.2,4.1,4.25,4.1,75955.0,31591952.0,600854,0.49,0.02
2018-08-31,4.08,4.01,4.09,4.01,42068.0,16999108.0,600854,-2.2,-0.09
2018-09-03,4.01,4.05,4.06,3.99,27550.0,11086567.0,600854,1.0,0.04
2018-09-04,4.03,4.1,4.11,4.02,34121.0,13872531.0,600854,1.23,0.05
2018-09-05,4.09,4.03,4.1,4.03,30239.0,12302747.0,600854,-1.71,-0.07
2018-09-06,4.04,4.03,4.07,4.0,22925.0,9259664.0,600854,0.0,0.0
2018-09-07,4.02,4.06,4.09,4.01,24242.0,9829217.0,600854,0.74,0.03
2018-09-10,4.04,4.03,4.08,4.01,17906.0,7254320.0,600854,-0.74,-0.03
2018-09-11,4.03,4.03,4.05,3.99,17897.0,7187072.0,600854,0.0,0.0
2018-09-12,4.02,4.05,4.08,4.0,21100.0,8537952.0,600854,0.5,0.02
2018-09-13,4.06,4.07,4.08,4.04,15123.0,6143751.0,600854,0.49,0.02
2018-09-14,4.07,4.05,4.1,4.04,26605.0,10806646.0,600854,-0.49,-0.02
2018-09-17,4.02,3.99,4.04,3.97,25323.0,10128279.0,600854,-1.48,-0.06
2018-09-18,3.99,4.05,4.06,3.96,29270.0,11768524.0,600854,1.5,0.06
2018-09-19,4.03,4.07,4.09,4.02,100020.0,40552024.0,600854,0.49,0.02
2018-09-20,4.05,4.04,4.06,4.02,41776.0,16891824.0,600854,-0.74,-0.03
2018-09-21,4.05,4.08,4.1,4.04,57124.0,23280816.0,600854,0.99,0.04
2018-09-25,4.06,4.04,4.08,4.02,51138.0,20705952.0,600854,-0.98,-0.04
2018-09-26,4.05,4.05,4.07,4.03,26193.0,10612810.0,600854,0.25,0.01
2018-09-27,4.04,3.97,4.05,3.97,44642.0,17925278.0,600854,-1.98,-0.08
2018-09-28,3.99,4.02,4.02,3.95,29861.0,11900667.0,600854,1.26,0.05
2018-10-08,3.98,3.86,3.98,3.83,42154.0,16453361.0,600854,-3.98,-0.16
2018-10-09,3.88,3.85,3.89,3.81,37645.0,14503993.0,600854,-0.26,-0.01
2018-10-10,3.85,3.89,3.9,3.82,26826.0,10377738.0,600854,1.04,0.04
2018-10-11,3.76,3.56,3.86,3.5,60146.0,22054476.0,600854,-8.48,-0.33
2018-10-12,3.54,3.49,3.56,3.36,31388.0,10911441.0,600854,-1.97,-0.07
2018-10-15,3.49,3.45,3.53,3.42,16277.0,5664188.0,600854,-1.15,-0.04
2018-10-16,3.47,3.37,3.48,3.35,19822.0,6777608.0,600854,-2.32,-0.08
2018-10-17,3.46,3.39,3.46,3.34,20523.0,6972413.0,600854,0.59,0.02
2018-10-18,3.37,3.3,3.4,3.3,22930.0,7652019.0,600854,-2.65,-0.09
2018-10-19,3.26,3.37,3.37,3.22,30099.0,9999971.0,600854,2.12,0.07
2018-10-22,3.41,3.53,3.57,3.39,53070.0,18481000.0,600854,4.75,0.16
2018-10-23,3.5,3.48,3.55,3.46,34471.0,12081381.0,600854,-1.42,-0.05
2018-10-24,3.48,3.5,3.56,3.45,29690.0,10393528.0,600854,0.57,0.02
2018-10-25,3.37,3.53,3.53,3.36,28806.0,9966681.0,600854,0.86,0.03
2018-10-26,3.53,3.53,3.6,3.52,32692.0,11603432.0,600854,0.0,0.0
2018-10-29,3.53,3.51,3.56,3.47,20672.0,7287410.0,600854,-0.57,-0.02
2018-10-30,3.51,3.56,3.58,3.47,25942.0,9177251.0,600854,1.42,0.05
2018-10-31,3.55,3.61,3.63,3.51,48430.0,17344358.0,600854,1.4,0.05
2018-11-01,3.61,3.57,3.64,3.56,51600.0,18602128.0,600854,-1.11,-0.04
2018-11-02,3.6,3.65,3.66,3.59,48784.0,17677402.0,600854,2.24,0.08
2018-11-05,3.65,3.68,3.71,3.63,39050.0,14328015.0,600854,0.82,0.03
2018-11-06,3.65,3.67,3.7,3.64,37779.0,13840510.0,600854,-0.27,-0.01
2018-11-07,3.67,3.66,3.72,3.64,55583.0,20435384.0,600854,-0.27,-0.01
2018-11-08,3.66,3.68,3.75,3.65,60806.0,22504628.0,600854,0.55,0.02
2018-11-09,3.68,3.71,3.74,3.64,54892.0,20359812.0,600854,0.82,0.03
2018-11-12,3.72,3.84,3.85,3.7,63024.0,23892868.0,600854,3.5,0.13
2018-11-13,3.78,3.96,3.99,3.78,88885.0,34844856.0,600854,3.13,0.12
2018-11-14,3.94,3.93,4.01,3.93,50947.0,20169184.0,600854,-0.76,-0.03
2018-11-15,3.93,3.96,3.99,3.93,44752.0,17738422.0,600854,0.76,0.03
2018-11-16,3.98,4.0,4.07,3.97,62238.0,25021780.0,600854,1.01,0.04
2018-11-19,4.02,4.02,4.05,3.97,35271.0,14156194.0,600854,0.5,0.02
2018-11-20,4.0,3.95,4.07,3.91,67281.0,26803210.0,600854,-1.74,-0.07
2018-11-21,3.91,4.08,4.15,3.89,108016.0,43657720.0,600854,3.29,0.13
2018-11-22,4.09,4.05,4.12,4.04,49022.0,19992768.0,600854,-0.74,-0.03
2018-11-23,4.08,3.97,4.09,3.92,87913.0,35367428.0,600854,-1.98,-0.08
2018-11-26,4.0,3.9,4.02,3.86,42083.0,16532423.0,600854,-1.76,-0.07
2018-11-27,3.9,3.91,3.97,3.88,36606.0,14325862.0,600854,0.26,0.01
2018-11-28,3.9,4.03,4.03,3.85,46341.0,18295316.0,600854,3.07,0.12
2018-11-29,4.01,3.87,4.03,3.86,58996.0,23267608.0,600854,-3.97,-0.16
2018-11-30,3.87,3.84,3.87,3.79,34324.0,13137927.0,600854,-0.78,-0.03
2018-12-03,3.89,3.94,3.95,3.87,50510.0,19799796.0,600854,2.6,0.1
2018-12-04,3.93,3.96,3.98,3.91,33579.0,13252226.0,600854,0.51,0.02
2018-12-05,3.91,3.94,3.96,3.89,19612.0,7705960.0,600854,-0.51,-0.02
2018-12-06,3.94,3.89,3.97,3.87,25908.0,10160282.0,600854,-1.27,-0.05
2018-12-07,3.88,3.89,3.92,3.86,24900.0,9670340.0,600854,0.0,0.0
2018-12-10,3.88,3.77,3.88,3.76,37081.0,14105175.0,600854,-3.08,-0.12
2018-12-11,3.77,3.74,3.78,3.7,58755.0,21969884.0,600854,-0.8,-0.03
2018-12-12,3.74,3.74,3.76,3.72,24652.0,9229855.0,600854,0.0,0.0
2018-12-13,3.74,3.76,3.82,3.71,26268.0,9897439.0,600854,0.53,0.02
2018-12-14,3.77,3.63,3.79,3.61,30838.0,11467068.0,600854,-3.46,-0.13
2018-12-17,3.64,3.64,3.67,3.58,21971.0,7987748.0,600854,0.28,0.01
2018-12-18,3.6,3.65,3.66,3.6,16440.0,5982722.0,600854,0.27,0.01
2018-12-19,3.65,3.6,3.65,3.59,13323.0,4823046.0,600854,-1.37,-0.05
2018-12-20,3.62,3.62,3.62,3.55,21218.0,7621301.0,600854,0.56,0.02
2018-12-21,3.62,3.57,3.63,3.55,18016.0,6466527.0,600854,-1.38,-0.05
2018-12-24,3.57,3.61,3.62,3.56,19664.0,7071328.0,600854,1.12,0.04
2018-12-25,3.58,3.51,3.58,3.41,31612.0,11047182.0,600854,-2.77,-0.1
2018-12-26,3.53,3.53,3.57,3.47,25775.0,9068554.0,600854,0.57,0.02
2018-12-27,3.58,3.45,3.6,3.45,20415.0,7223767.0,600854,-2.27,-0.08
2018-12-28,3.47,3.48,3.49,3.43,18709.0,6480631.0,600854,0.87,0.03
2019-01-02,3.48,3.48,3.51,3.46,20252.0,7053108.0,600854,0.0,0.0
2019-01-03,3.48,3.49,3.53,3.46,16980.0,5947709.0,600854,0.29,0.01
2019-01-04,3.46,3.57,3.59,3.44,31425.0,11137548.0,600854,2.29,0.08
2019-01-07,3.58,3.65,3.67,3.58,30449.0,11053214.0,600854,2.24,0.08
2019-01-08,3.63,3.7,3.75,3.62,36098.0,13336122.0,600854,1.37,0.05
2019-01-09,3.82,4.07,4.07,3.8,129213.0,51691340.0,600854,10.0,0.37
2019-01-10,4.19,3.91,4.23,3.91,203744.0,82975256.0,600854,-3.93,-0.16
2019-01-11,3.8,3.98,4.08,3.8,146264.0,57378892.0,600854,1.79,0.07
2019-01-14,3.82,3.88,3.99,3.82,98707.0,38392560.0,600854,-2.51,-0.1
2019-01-15,3.9,3.93,3.98,3.85,79910.0,31378640.0,600854,1.29,0.05
2019-01-16,3.94,3.93,4.03,3.89,48969.0,19246706.0,600854,0.0,0.0
2019-01-17,3.89,3.85,3.94,3.84,48363.0,18803154.0,600854,-2.04,-0.08
2019-01-18,3.86,3.87,3.89,3.81,28679.0,11070024.0,600854,0.52,0.02
2019-01-21,3.87,3.92,3.96,3.86,46703.0,18339872.0,600854,1.29,0.05
2019-01-22,3.95,3.87,3.95,3.81,38544.0,14868933.0,600854,-1.28,-0.05
2019-01-23,3.89,3.83,3.9,3.81,33279.0,12807000.0,600854,-1.03,-0.04
2019-01-24,3.83,3.86,3.88,3.81,41938.0,16148916.0,600854,0.78,0.03
2019-01-25,3.83,3.81,3.88,3.81,32252.0,12417326.0,600854,-1.3,-0.05
2019-01-28,3.84,3.83,3.89,3.78,42705.0,16407472.0,600854,0.52,0.02
2019-01-29,3.85,3.76,3.86,3.7,39675.0,14994805.0,600854,-1.83,-0.07
2019-01-30,3.72,3.72,3.79,3.7,19352.0,7274791.0,600854,-1.06,-0.04
2019-01-31,3.73,3.71,3.77,3.7,28555.0,10663461.0,600854,-0.27,-0.01
2019-02-01,3.75,3.79,3.8,3.72,25304.0,9519746.0,600854,2.16,0.08
2019-02-11,3.78,3.86,3.88,3.76,39584.0,15143557.0,600854,1.85,0.07
2019-02-12,3.84,3.92,3.95,3.84,56115.0,21891484.0,600854,1.55,0.06
2019-02-13,3.92,3.97,4.05,3.89,76007.0,30164664.0,600854,1.28,0.05
2019-02-14,3.96,3.96,4.0,3.93,45541.0,18050248.0,600854,-0.25,-0.01
2019-02-15,3.93,3.98,4.07,3.93,59448.0,23830884.0,600854,0.51,0.02
2019-02-18,4.0,4.07,4.07,3.99,73124.0,29535484.0,600854,2.26,0.09
2019-02-19,4.07,4.06,4.1,4.01,58796.0,23880434.0,600854,-0.25,-0.01
2019-02-20,4.08,4.06,4.09,4.02,57055.0,23136940.0,600854,0.0,0.0
2019-02-21,4.06,4.02,4.14,4.0,65081.0,26573180.0,600854,-0.99,-0.04
2019-02-22,4.02,4.08,4.09,4.0,50271.0,20345854.0,600854,1.49,0.06
2019-02-25,4.11,4.27,4.27,4.1,100705.0,42153384.0,600854,4.66,0.19
2019-02-26,4.25,4.23,4.32,4.19,91939.0,39203556.0,600854,-0.94,-0.04
2019-02-27,4.2,4.2,4.28,4.13,83223.0,35167632.0,600854,-0.71,-0.03
2019-02-28,4.21,4.28,4.3,4.16,82329.0,35015192.0,600854,1.9,0.08
2019-03-01,4.28,4.27,4.29,4.22,58543.0,24912836.0,600854,-0.23,-0.01
2019-03-04,4.29,4.36,4.42,4.27,115452.0,50386392.0,600854,2.11,0.09
2019-03-05,4.34,4.47,4.49,4.31,121627.0,53733944.0,600854,2.52,0.11
2019-03-06,4.49,4.48,4.5,4.39,148923.0,66190160.0,600854,0.22,0.01
2019-03-07,4.47,4.52,4.58,4.45,147091.0,66342872.0,600854,0.89,0.04
2019-03-08,4.45,4.24,4.49,4.24,131511.0,57896592.0,600854,-6.19,-0.28
2019-03-11,4.24,4.4,4.4,4.24,84789.0,36844216.0,600854,3.77,0.16
2019-03-12,4.45,4.48,4.53,4.42,114590.0,51355320.0,600854,1.82,0.08
2019-03-13,4.5,4.47,4.61,4.43,107948.0,48871888.0,600854,-0.22,-0.01
2019-03-14,4.44,4.32,4.47,4.26,85100.0,37004516.0,600854,-3.36,-0.15
2019-03-15,4.35,4.5,4.56,4.32,117760.0,52542152.0,600854,4.17,0.18
2019-03-18,4.52,4.64,4.65,4.45,120589.0,55016324.0,600854,3.11,0.14
2019-03-19,4.61,4.58,4.63,4.52,96095.0,43887384.0,600854,-1.29,-0.06
2019-03-20,4.56,4.58,4.59,4.46,87912.0,39876792.0,600854,0.0,0.0
2019-03-21,4.58,4.65,4.67,4.54,98565.0,45332160.0,600854,1.53,0.07
2019-03-22,4.6,4.62,4.63,4.54,66649.0,30547426.0,600854,-0.65,-0.03
2019-03-25,4.55,4.58,4.64,4.46,63964.0,29334484.0,600854,-0.87,-0.04
2019-03-26,4.6,4.55,4.79,4.52,151310.0,70466400.0,600854,-0.66,-0.03
2019-03-27,4.6,4.56,4.62,4.37,78761.0,35486868.0,600854,0.22,0.01
2019-03-28,4.54,4.45,4.57,4.43,56982.0,25720136.0,600854,-2.41,-0.11
2019-03-29,4.45,4.54,4.57,4.38,69370.0,31191482.0,600854,2.02,0.09
2019-04-01,4.57,4.68,4.71,4.55,115081.0,53426676.0,600854,3.08,0.14
2019-04-02,4.68,4.66,4.73,4.63,75903.0,35592348.0,600854,-0.43,-0.02
2019-04-03,4.68,4.82,4.94,4.63,153617.0,74095936.0,600854,3.43,0.16
2019-04-04,4.81,4.81,4.86,4.71,92967.0,44398308.0,600854,-0.21,-0.01
2019-04-08,4.82,4.82,4.88,4.72,90045.0,43159580.0,600854,0.21,0.01
2019-04-09,4.86,4.94,5.07,4.85,157931.0,78240816.0,600854,2.49,0.12
2019-04-10,4.91,4.88,4.93,4.76,100706.0,48792380.0,600854,-1.21,-0.06
2019-04-11,4.88,4.81,4.9,4.76,72116.0,34820704.0,600854,-1.43,-0.07
2019-04-12,4.78,4.79,4.8,4.73,60989.0,29064732.0,600854,-0.42,-0.02
2019-04-15,4.84,4.78,4.92,4.78,73207.0,35550272.0,600854,-0.21,-0.01
2019-04-16,4.78,4.85,4.86,4.67,84366.0,40040036.0,600854,1.46,0.07
2019-04-17,4.86,5.1,5.25,4.83,194931.0,97968056.0,600854,5.15,0.25
2019-04-18,5.12,4.96,5.13,4.95,130005.0,65460940.0,600854,-2.75,-0.14
2019-04-19,4.92,5.03,5.04,4.85,108806.0,53762640.0,600854,1.41,0.07
2019-04-22,5.04,4.95,5.1,4.92,84916.0,42509748.0,600854,-1.59,-0.08
2019-04-23,4.94,4.84,4.95,4.83,64305.0,31424408.0,600854,-2.22,-0.11
2019-04-24,4.87,4.92,4.95,4.84,62850.0,30805648.0,600854,1.65,0.08
2019-04-25,4.89,4.66,4.94,4.65,63211.0,30363552.0,600854,-5.28,-0.26
2019-04-26,4.68,4.56,4.71,4.56,54412.0,25156476.0,600854,-2.15,-0.1
2019-04-29,4.51,4.26,4.57,4.23,75846.0,33260668.0,600854,-6.58,-0.3
2019-04-30,4.35,4.28,4.37,4.26,29719.0,12826311.0,600854,0.47,0.02
2019-05-06,4.21,3.97,4.21,3.91,57732.0,23480456.0,600854,-7.24,-0.31
2019-05-07,4.03,4.03,4.08,3.95,31897.0,12832014.0,600854,1.51,0.06
2019-05-08,3.97,4.07,4.15,3.91,32724.0,13261046.0,600854,0.99,0.04
2019-05-09,4.04,4.05,4.12,4.03,21374.0,8688423.0,600854,-0.49,-0.02
2019-05-10,4.09,4.17,4.17,4.03,42151.0,17373464.0,600854,2.96,0.12
2019-05-13,4.15,4.18,4.19,4.07,45529.0,18825300.0,600854,0.24,0.01
2019-05-14,4.16,4.13,4.19,4.11,23321.0,9677508.0,600854,-1.2,-0.05
2019-05-15,4.13,4.23,4.23,4.13,31292.0,13077737.0,600854,2.42,0.1
2019-05-16,4.23,4.26,4.27,4.2,39746.0,16806280.0,600854,0.71,0.03
2019-05-17,4.27,4.05,4.27,4.0,36799.0,15187371.0,600854,-4.93,-0.21
2019-05-20,4.07,4.13,4.13,3.98,28320.0,11435932.0,600854,1.98,0.08
2019-05-21,4.07,4.16,4.21,4.07,26461.0,10992531.0,600854,0.73,0.03
2019-05-22,4.19,4.14,4.19,4.12,17072.0,7079215.0,600854,-0.48,-0.02
2019-05-23,4.16,4.04,4.16,4.03,16882.0,6876380.0,600854,-2.42,-0.1
2019-05-24,4.04,4.06,4.07,3.96,17976.0,7262484.0,600854,0.5,0.02
2019-05-27,4.07,4.1,4.13,4.0,23389.0,9539482.0,600854,0.99,0.04
2019-05-28,4.12,4.12,4.18,4.1,27144.0,11250435.0,600854,0.49,0.02
2019-05-29,4.14,4.12,4.14,4.1,15803.0,6510639.0,600854,0.0,0.0
2019-05-30,4.12,4.05,4.12,4.02,16687.0,6762383.0,600854,-1.7,-0.07
2019-05-31,4.04,4.04,4.1,4.02,17285.0,7005476.0,600854,-0.25,-0.01
2019-06-03,4.03,3.88,4.03,3.87,33846.0,13335842.0,600854,-3.96,-0.16
2019-06-04,3.88,3.86,3.91,3.81,20209.0,7823864.0,600854,-0.52,-0.02
2019-06-05,3.88,3.89,3.92,3.87,15456.0,6016292.0,600854,0.78,0.03
2019-06-06,3.9,3.7,3.91,3.68,27200.0,10192220.0,600854,-4.88,-0.19
2019-06-10,3.73,3.72,3.75,3.69,18971.0,7059348.0,600854,0.54,0.02
2019-06-11,3.73,3.86,3.88,3.71,37555.0,14285377.0,600854,3.76,0.14
2019-06-12,3.89,3.86,3.89,3.81,26781.0,10300358.0,600854,0.0,0.0
2019-06-13,3.91,3.9,3.91,3.82,29451.0,11389017.0,600854,1.04,0.04
2019-06-14,3.89,3.79,3.9,3.78,19862.0,7650163.0,600854,-2.82,-0.11
2019-06-17,3.79,3.8,3.86,3.75,16799.0,6413167.0,600854,0.26,0.01
2019-06-18,3.83,3.8,3.85,3.76,18522.0,7044651.0,600854,0.0,0.0
2019-06-19,3.86,3.85,3.9,3.83,17928.0,6926234.0,600854,1.32,0.05
2019-06-20,3.85,3.92,3.94,3.83,30318.0,11816302.0,600854,1.82,0.07
2019-06-21,3.95,4.02,4.04,3.94,34808.0,13948827.0,600854,2.55,0.1
2019-06-24,4.02,4.02,4.04,3.98,25429.0,10213524.0,600854,0.0,0.0
2019-06-25,4.03,4.0,4.03,3.95,32348.0,12908113.0,600854,-0.5,-0.02
2019-06-26,3.97,3.97,4.01,3.94,20292.0,8053711.0,600854,-0.75,-0.03
2019-06-27,3.99,3.99,4.02,3.96,19583.0,7814471.0,600854,0.5,0.02
2019-06-28,3.99,3.91,3.99,3.9,20817.0,8187232.0,600854,-2.01,-0.08
2019-07-01,3.94,4.03,4.03,3.94,39802.0,15940648.0,600854,3.07,0.12
2019-07-02,4.03,4.02,4.07,4.0,22846.0,9228520.0,600854,-0.25,-0.01
2019-07-03,4.03,4.01,4.03,3.95,26141.0,10424242.0,600854,-0.25,-0.01
2019-07-04,4.0,4.02,4.03,3.98,19271.0,7706943.0,600854,0.25,0.01
2019-07-05,4.02,4.01,4.04,3.97,18763.0,7511443.0,600854,-0.25,-0.01
2019-07-08,4.0,3.78,4.0,3.75,46505.0,17839828.0,600854,-5.74,-0.23
2019-07-09,3.81,3.82,3.82,3.71,28939.0,10904031.0,600854,1.06,0.04
2019-07-10,3.82,3.77,3.83,3.75,19255.0,7321442.0,600854,-1.31,-0.05
2019-07-11,3.79,3.75,3.82,3.74,16667.0,6310154.0,600854,-0.53,-0.02
2019-07-12,3.75,3.79,3.79,3.74,15184.0,5720421.0,600854,1.07,0.04
2019-07-15,3.78,3.82,3.85,3.69,21607.0,8183077.0,600854,0.79,0.03
2019-07-16,3.82,3.8,3.83,3.78,16098.0,6125991.0,600854,-0.52,-0.02
2019-07-17,3.79,3.86,3.91,3.79,41807.0,16171084.0,600854,1.58,0.06
2019-07-18,3.88,3.83,3.88,3.79,29358.0,11226261.0,600854,-0.78,-0.03
2019-07-19,3.8,3.85,3.9,3.8,25453.0,9822022.0,600854,0.52,0.02
2019-07-22,3.85,3.76,3.87,3.74,23726.0,8986803.0,600854,-2.34,-0.09
2019-07-23,3.77,3.77,3.78,3.71,12260.0,4605309.0,600854,0.27,0.01
2019-07-24,3.77,3.85,3.88,3.77,30825.0,11833319.0,600854,2.12,0.08
2019-07-25,3.85,3.91,3.92,3.83,25383.0,9866555.0,600854,1.56,0.06
2019-07-26,3.9,3.94,3.94,3.87,21216.0,8286781.0,600854,0.77,0.03
2019-07-29,3.93,3.91,3.94,3.88,12395.0,4837744.0,600854,-0.76,-0.03
2019-07-30,3.93,3.89,3.95,3.88,13742.0,5378818.0,600854,-0.51,-0.02
2019-07-31,3.87,3.88,3.9,3.86,11768.0,4564825.0,600854,-0.26,-0.01
2019-08-01,3.86,3.83,3.89,3.81,14483.0,5555919.0,600854,-1.29,-0.05
2019-08-02,3.75,3.8,3.8,3.72,19739.0,7420706.0,600854,-0.78,-0.03
2019-08-05,3.78,3.78,3.84,3.74,16720.0,6346670.0,600854,-0.53,-0.02
2019-08-06,3.74,3.65,3.76,3.57,23016.0,8365851.0,600854,-3.44,-0.13
2019-08-07,3.66,3.61,3.66,3.59,18666.0,6758494.0,600854,-1.1,-0.04
2019-08-08,3.62,3.68,3.72,3.61,24889.0,9126167.0,600854,1.94,0.07
2019-08-09,3.63,3.64,3.69,3.62,16818.0,6124874.0,600854,-1.09,-0.04
2019-08-12,3.69,3.69,3.7,3.62,20497.0,7516754.0,600854,1.37,0.05
2019-08-13,3.67,3.65,3.69,3.62,10262.0,3736322.0,600854,-1.08,-0.04
2019-08-14,3.69,3.64,3.7,3.63,9794.0,3590735.0,600854,-0.27,-0.01
2019-08-15,3.6,3.66,3.68,3.57,22751.0,8255584.0,600854,0.55,0.02
2019-08-16,3.65,3.67,3.67,3.6,26008.0,9466123.0,600854,0.27,0.01
2019-08-19,3.66,3.73,3.73,3.65,34501.0,12721311.0,600854,1.63,0.06
2019-08-20,3.73,3.71,3.73,3.68,26882.0,9970537.0,600854,-0.54,-0.02
2019-08-21,3.7,3.7,3.71,3.68,13165.0,4870231.0,600854,-0.27,-0.01
2019-08-22,3.71,3.71,3.72,3.68,16958.0,6276178.0,600854,0.27,0.01
2019-08-23,3.7,3.71,3.73,3.68,14795.0,5472188.0,600854,0.0,0.0
2019-08-26,3.64,3.65,3.69,3.61,18606.0,6777265.0,600854,-1.62,-0.06
2019-08-27,3.66,3.73,3.73,3.66,29517.0,10937540.0,600854,2.19,0.08
2019-08-28,3.76,3.8,3.97,3.76,55113.0,20925850.0,600854,1.88,0.07
2019-08-29,3.8,3.75,3.8,3.73,42883.0,16108519.0,600854,-1.32,-0.05
2019-08-30,3.78,3.67,3.78,3.67,24116.0,8991473.0,600854,-2.13,-0.08
2019-09-02,3.69,3.75,3.75,3.65,25272.0,9417702.0,600854,2.18,0.08
2019-09-03,3.75,3.74,3.78,3.72,26713.0,10001773.0,600854,-0.27,-0.01
2019-09-04,3.73,3.79,3.79,3.73,22199.0,8351807.0,600854,1.34,0.05
2019-09-05,3.8,3.83,3.87,3.79,36549.0,14021042.0,600854,1.06,0.04
2019-09-06,3.83,3.85,3.87,3.81,27369.0,10513206.0,600854,0.52,0.02
2019-09-09,3.87,3.91,3.91,3.85,29096.0,11285067.0,600854,1.56,0.06
2019-09-10,3.89,3.88,3.91,3.86,20877.0,8110059.0,600854,-0.77,-0.03
2019-09-11,3.9,3.87,3.94,3.86,26577.0,10360362.0,600854,-0.26,-0.01
2019-09-12,3.9,3.95,3.95,3.87,38923.0,15286122.0,600854,2.07,0.08
2019-09-16,3.95,3.99,4.02,3.92,32030.0,12758141.0,600854,1.01,0.04
2019-09-17,4.0,3.94,4.01,3.91,40487.0,16024774.0,600854,-1.25,-0.05
2019-09-18,3.92,3.91,3.97,3.9,21922.0,8615846.0,600854,-0.76,-0.03
2019-09-19,4.3,3.99,4.3,3.97,104117.0,42281964.0,600854,2.05,0.08
2019-09-20,3.93,3.93,3.98,3.92,54138.0,21330032.0,600854,-1.5,-0.06
2019-09-23,3.89,3.88,3.91,3.84,29554.0,11422291.0,600854,-1.27,-0.05
2019-09-24,3.88,3.89,3.92,3.85,19586.0,7619759.0,600854,0.26,0.01
2019-09-25,3.89,3.84,3.89,3.83,19433.0,7483656.0,600854,-1.29,-0.05
2019-09-26,3.84,3.72,3.86,3.72,24874.0,9395434.0,600854,-3.12,-0.12
2019-09-27,3.72,3.77,3.79,3.72,13489.0,5077623.0,600854,1.34,0.05
2019-09-30,3.76,3.74,3.79,3.74,9302.0,3496183.0,600854,-0.8,-0.03
2019-10-08,3.74,3.75,3.81,3.73,10606.0,4012387.0,600854,0.27,0.01
2019-10-09,3.73,3.78,3.78,3.73,7761.0,2919583.0,600854,0.8,0.03
2019-10-10,3.78,3.81,3.82,3.78,14558.0,5540004.0,600854,0.79,0.03
2019-10-11,3.81,3.89,3.9,3.81,22816.0,8795190.0,600854,2.1,0.08
2019-10-14,3.91,3.92,3.93,3.88,18280.0,7143060.0,600854,0.77,0.03
2019-10-15,3.92,3.88,3.92,3.86,12210.0,4743068.0,600854,-1.02,-0.04
2019-10-16,3.9,3.84,3.9,3.84,10623.0,4099791.0,600854,-1.03,-0.04
2019-10-17,3.84,3.83,3.87,3.82,8576.0,3293332.0,600854,-0.26,-0.01
2019-10-18,3.82,3.75,3.87,3.72,23155.0,8815186.0,600854,-2.09,-0.08
2019-10-21,3.77,3.83,3.84,3.68,29279.0,11036551.0,600854,2.13,0.08
2019-10-22,3.82,3.95,3.95,3.8,36264.0,14075726.0,600854,3.13,0.12
2019-10-23,3.94,3.85,3.95,3.81,27799.0,10830116.0,600854,-2.53,-0.1
2019-10-24,3.84,3.92,3.94,3.84,20077.0,7824430.0,600854,1.82,0.07
2019-10-25,3.92,3.94,3.95,3.89,32174.0,12642006.0,600854,0.51,0.02
2019-10-28,3.94,3.94,4.0,3.88,43245.0,17063552.0,600854,0.0,0.0
2019-10-29,3.95,3.86,3.96,3.86,25179.0,9843827.0,600854,-2.03,-0.08
2019-10-30,3.87,3.82,3.88,3.8,26287.0,10085323.0,600854,-1.04,-0.04
2019-10-31,3.82,3.81,3.82,3.73,33381.0,12590215.0,600854,-0.26,-0.01
2019-11-01,3.81,3.84,3.84,3.74,19692.0,7478958.0,600854,0.79,0.03
2019-11-04,3.86,3.78,3.88,3.78,16977.0,6496942.0,600854,-1.56,-0.06
2019-11-05,3.75,3.78,3.8,3.75,13364.0,5045223.0,600854,0.0,0.0
2019-11-06,3.77,3.7,3.8,3.68,22357.0,8316694.0,600854,-2.12,-0.08
2019-11-07,3.72,3.69,3.72,3.67,23569.0,8701645.0,600854,-0.27,-0.01
2019-11-08,3.69,3.69,3.73,3.69,17912.0,6637523.0,600854,0.0,0.0
2019-11-11,3.68,3.61,3.68,3.58,23092.0,8374294.0,600854,-2.17,-0.08
2019-11-12,3.6,3.61,3.63,3.59,14180.0,5124388.0,600854,0.0,0.0
2019-11-13,3.61,3.62,3.64,3.58,9305.0,3353746.0,600854,0.28,0.01
2019-11-14,3.62,3.67,3.69,3.61,11703.0,4260905.0,600854,1.38,0.05
2019-11-15,3.67,3.62,3.67,3.61,5303.0,1929928.0,600854,-1.36,-0.05
2019-11-18,3.61,3.61,3.63,3.58,11097.0,4002641.0,600854,-0.28,-0.01
2019-11-19,3.59,3.66,3.67,3.59,13445.0,4891094.0,600854,1.39,0.05
2019-11-20,3.66,3.67,3.67,3.64,8242.0,3011628.0,600854,0.27,0.01
2019-11-21,3.66,3.66,3.69,3.62,8270.0,3025002.0,600854,-0.27,-0.01
2019-11-22,3.68,3.64,3.71,3.62,16207.0,5916692.0,600854,-0.55,-0.02
2019-11-25,3.66,3.67,3.68,3.62,13539.0,4934849.0,600854,0.82,0.03
2019-11-26,3.69,3.67,3.69,3.63,6748.0,2466784.0,600854,0.0,0.0
2019-11-27,3.66,3.64,3.66,3.61,8246.0,2998168.0,600854,-0.82,-0.03
2019-11-28,3.65,3.61,3.65,3.61,6064.0,2199914.0,600854,-0.82,-0.03
2019-11-29,3.6,3.64,3.65,3.6,10118.0,3673895.0,600854,0.83,0.03
2019-12-02,3.8,3.67,3.86,3.65,20293.0,7543520.0,600854,0.82,0.03
2019-12-03,3.63,3.68,3.68,3.62,8981.0,3281994.0,600854,0.27,0.01
2019-12-04,3.68,3.68,3.69,3.63,9826.0,3604395.0,600854,0.0,0.0
2019-12-05,3.68,3.73,3.74,3.68,15474.0,5744235.0,600854,1.36,0.05
2019-12-06,3.73,3.73,3.76,3.71,13030.0,4861861.0,600854,0.0,0.0
2019-12-09,3.73,3.74,3.76,3.72,9460.0,3532513.0,600854,0.27,0.01
2019-12-10,3.73,3.75,3.75,3.7,9134.0,3405773.0,600854,0.27,0.01
2019-12-11,3.75,3.73,3.76,3.72,12536.0,4681358.0,600854,-0.53,-0.02
2019-12-12,3.75,3.79,3.83,3.7,39966.0,15097213.0,600854,1.61,0.06
2019-12-13,3.89,3.86,3.89,3.77,223619.0,85359120.0,600854,1.85,0.07
2019-12-16,3.83,3.84,3.85,3.78,45959.0,17541720.0,600854,-0.52,-0.02
2019-12-17,3.83,3.86,3.87,3.81,52570.0,20220428.0,600854,0.52,0.02
2019-12-18,3.84,3.86,3.93,3.83,46215.0,17861650.0,600854,0.0,0.0
2019-12-19,3.84,3.86,3.86,3.83,23831.0,9168884.0,600854,0.0,0.0
2019-12-20,3.86,3.84,3.88,3.84,23934.0,9236727.0,600854,-0.52,-0.02
2019-12-23,3.84,3.74,3.84,3.74,24147.0,9124119.0,600854,-2.6,-0.1
2019-12-24,3.73,3.79,3.8,3.73,20216.0,7607355.0,600854,1.34,0.05
2019-12-25,3.79,3.79,3.8,3.76,15834.0,5991685.0,600854,0.0,0.0
2019-12-26,3.78,3.81,3.82,3.77,19153.0,7259052.0,600854,0.53,0.02
2019-12-27,3.8,3.8,3.85,3.79,25346.0,9677370.0,600854,-0.26,-0.01
2019-12-30,3.78,3.81,3.85,3.72,30993.0,11698415.0,600854,0.26,0.01
2019-12-31,3.79,3.81,3.83,3.77,16594.0,6309035.0,600854,0.0,0.0
2020-01-02,3.82,3.87,3.88,3.81,39051.0,15039977.0,600854,1.57,0.06
2020-01-03,3.88,3.89,3.91,3.83,27021.0,10469535.0,600854,0.52,0.02
2020-01-06,3.86,3.9,3.95,3.85,32086.0,12503723.0,600854,0.26,0.01
2020-01-07,3.88,3.94,3.94,3.88,28539.0,11176335.0,600854,1.03,0.04
2020-01-08,3.91,3.85,3.94,3.81,35893.0,13910171.0,600854,-2.28,-0.09
2020-01-09,3.87,3.91,3.95,3.86,42329.0,16524872.0,600854,1.56,0.06
2020-01-10,3.92,3.9,3.94,3.85,29916.0,11626007.0,600854,-0.26,-0.01
2020-01-13,3.9,3.89,3.9,3.81,38135.0,14717023.0,600854,-0.26,-0.01
2020-01-14,3.9,3.88,3.92,3.85,47463.0,18389756.0,600854,-0.26,-0.01
2020-01-15,3.86,3.82,3.88,3.81,26837.0,10292011.0,600854,-1.55,-0.06
2020-01-16,3.82,3.76,3.85,3.76,21933.0,8346251.0,600854,-1.57,-0.06
2020-01-17,3.8,3.76,3.81,3.75,27055.0,10241273.0,600854,0.0,0.0
2020-01-20,3.75,3.8,3.8,3.72,17755.0,6673376.0,600854,1.06,0.04
2020-01-21,3.8,3.74,3.81,3.74,18456.0,6940238.0,600854,-1.58,-0.06
2020-01-22,3.75,3.72,3.77,3.66,30178.0,11149623.0,600854,-0.53,-0.02
2020-01-23,3.69,3.61,3.71,3.61,47498.0,17339988.0,600854,-2.96,-0.11
2020-02-03,3.25,3.25,3.26,3.25,16929.0,5502114.0,600854,-9.97,-0.36
2020-02-04,2.95,3.15,3.18,2.94,48954.0,15195634.0,600854,-3.08,-0.1
2020-02-05,3.14,3.23,3.27,3.14,26789.0,8635585.0,600854,2.54,0.08
2020-02-06,3.26,3.25,3.28,3.2,38918.0,12641703.0,600854,0.62,0.02
2020-02-07,3.26,3.32,3.32,3.24,34318.0,11275161.0,600854,2.15,0.07
2020-02-10,3.32,3.35,3.4,3.3,29792.0,9957642.0,600854,0.9,0.03
2020-02-11,3.37,3.34,3.48,3.33,25127.0,8476076.0,600854,-0.3,-0.01
2020-02-12,3.34,3.39,3.4,3.33,23351.0,7883769.0,600854,1.5,0.05
2020-02-13,3.38,3.32,3.4,3.3,39838.0,13274820.0,600854,-2.06,-0.07
2020-02-14,3.28,3.31,3.35,3.28,30469.0,10115406.0,600854,-0.3,-0.01
2020-02-17,3.29,3.41,3.42,3.29,37870.0,12802548.0,600854,3.02,0.1
2020-02-18,3.41,3.46,3.46,3.38,45095.0,15421939.0,600854,1.47,0.05
2020-02-19,3.44,3.46,3.49,3.43,44291.0,15322112.0,600854,0.0,0.0
2020-02-20,3.46,3.54,3.57,3.46,47126.0,16524685.0,600854,2.31,0.08
2020-02-21,3.55,3.61,3.78,3.52,96529.0,35210116.0,600854,1.98,0.07
2020-02-24,3.58,3.59,3.6,3.52,55408.0,19743100.0,600854,-0.55,-0.02
2020-02-25,3.5,3.53,3.54,3.41,48981.0,17094004.0,600854,-1.67,-0.06
2020-02-26,3.5,3.59,3.64,3.49,61346.0,22034362.0,600854,1.7,0.06
2020-02-27,3.62,3.95,3.95,3.56,282717.0,107287664.0,600854,10.03,0.36
2020-02-28,3.78,3.59,3.86,3.56,130318.0,48597292.0,600854,-9.11,-0.36
2020-03-02,3.65,3.8,3.8,3.6,65676.0,24472544.0,600854,5.85,0.21
2020-03-03,3.78,3.86,3.97,3.73,99915.0,38556928.0,600854,1.58,0.06
2020-03-04,3.8,3.81,3.86,3.78,55319.0,21106736.0,600854,-1.3,-0.05
2020-03-05,3.84,3.85,3.88,3.78,61947.0,23715112.0,600854,1.05,0.04
2020-03-06,3.8,3.91,4.09,3.78,119023.0,46749872.0,600854,1.56,0.06
2020-03-09,3.9,3.92,4.03,3.86,102862.0,40491952.0,600854,0.26,0.01
2020-03-10,3.84,3.9,3.95,3.68,89126.0,34115620.0,600854,-0.51,-0.02
2020-03-11,3.9,4.03,4.16,3.88,166033.0,66743968.0,600854,3.33,0.13
2020-03-12,3.97,3.88,3.98,3.8,86432.0,33667748.0,600854,-3.72,-0.15
2020-03-13,3.68,3.81,3.84,3.57,71141.0,26531772.0,600854,-1.8,-0.07
2020-03-16,3.83,3.66,3.88,3.63,61911.0,23255554.0,600854,-3.94,-0.15
2020-03-17,3.6,3.61,3.68,3.33,55242.0,19736818.0,600854,-1.37,-0.05
2020-03-18,3.61,3.49,3.68,3.46,45000.0,16063409.0,600854,-3.32,-0.12
2020-03-19,3.46,3.55,3.57,3.43,38102.0,13340451.0,600854,1.72,0.06
2020-03-20,3.56,3.6,3.61,3.5,23122.0,8228902.0,600854,1.41,0.05
2020-03-23,3.54,3.45,3.55,3.43,25358.0,8853204.0,600854,-4.17,-0.15
2020-03-24,3.55,3.53,3.55,3.45,23347.0,8170338.0,600854,2.32,0.08
2020-03-25,3.57,3.64,3.65,3.53,37789.0,13623307.0,600854,3.12,0.11
2020-03-26,3.62,3.67,3.78,3.61,64672.0,23972964.0,600854,0.82,0.03
2020-03-27,3.69,3.85,4.04,3.66,113721.0,43461552.0,600854,4.9,0.18
2020-03-30,3.75,3.87,3.93,3.73,95723.0,36489412.0,600854,0.52,0.02
2020-03-31,3.86,3.82,3.9,3.78,52832.0,20184156.0,600854,-1.29,-0.05
2020-04-01,3.78,3.69,3.83,3.68,49538.0,18570532.0,600854,-3.4,-0.13
2020-04-02,3.69,3.66,3.69,3.55,42800.0,15490897.0,600854,-0.81,-0.03
2020-04-03,3.66,3.71,3.74,3.65,33139.0,12262880.0,600854,1.37,0.05
2020-04-07,3.74,3.79,3.82,3.72,39375.0,14845628.0,600854,2.16,0.08
2020-04-08,3.76,3.9,3.99,3.76,95850.0,37349356.0,600854,2.9,0.11
2020-04-09,3.87,3.86,3.91,3.84,58305.0,22591324.0,600854,-1.03,-0.04
2020-04-10,3.85,3.97,4.08,3.84,149639.0,59177636.0,600854,2.85,0.11
2020-04-13,4.0,3.98,4.17,3.96,190906.0,77432056.0,600854,0.25,0.01
2020-04-14,4.0,3.92,4.01,3.86,104136.0,40821496.0,600854,-1.51,-0.06
2020-04-15,3.9,3.78,3.92,3.78,79031.0,30271292.0,600854,-3.57,-0.14
2020-04-16,3.76,3.79,3.81,3.73,45496.0,17189960.0,600854,0.26,0.01
2020-04-17,3.79,3.77,3.82,3.73,46418.0,17419536.0,600854,-0.53,-0.02
2020-04-20,3.76,3.79,3.79,3.74,27810.0,10460133.0,600854,0.53,0.02
2020-04-21,3.76,3.73,3.79,3.69,43436.0,16157781.0,600854,-1.58,-0.06
2020-04-22,3.75,3.74,3.75,3.69,24743.0,9198203.0,600854,0.27,0.01
2020-04-23,3.74,3.73,3.78,3.7,28774.0,10739171.0,600854,-0.27,-0.01
2020-04-24,3.75,3.71,3.75,3.65,31712.0,11705586.0,600854,-0.54,-0.02
2020-04-27,3.71,3.64,3.73,3.62,31329.0,11513234.0,600854,-1.89,-0.07
2020-04-28,3.66,3.55,3.66,3.42,43003.0,15178873.0,600854,-2.47,-0.09
2020-04-29,3.56,3.56,3.6,3.52,18217.0,6495875.0,600854,0.28,0.01
2020-04-30,3.56,3.63,3.65,3.56,24234.0,8756804.0,600854,1.97,0.07
2020-05-06,3.62,3.79,3.79,3.6,43223.0,16014988.0,600854,4.41,0.16
2020-05-07,3.76,3.71,3.76,3.7,36117.0,13447397.0,600854,-2.11,-0.08
2020-05-08,3.71,3.84,3.86,3.7,58616.0,22224254.0,600854,3.5,0.13
2020-05-11,3.83,3.76,3.85,3.73,48032.0,18127440.0,600854,-2.08,-0.08
2020-05-12,3.74,3.8,3.82,3.7,30634.0,11540897.0,600854,1.06,0.04
2020-05-13,3.8,3.75,3.82,3.75,19799.0,7460564.0,600854,-1.32,-0.05
2020-05-14,3.72,3.72,3.75,3.69,28170.0,10469372.0,600854,-0.8,-0.03
2020-05-15,3.72,3.72,3.74,3.71,23519.0,8748960.0,600854,0.0,0.0
2020-05-18,3.72,3.7,3.72,3.66,29613.0,10925374.0,600854,-0.54,-0.02
2020-05-19,3.72,3.74,3.77,3.69,21049.0,7843615.0,600854,1.08,0.04
2020-05-20,3.75,3.67,3.75,3.65,31360.0,11565665.0,600854,-1.87,-0.07
2020-05-21,3.72,3.61,3.72,3.6,27493.0,10019859.0,600854,-1.63,-0.06
2020-05-22,3.6,3.59,3.65,3.54,23690.0,8479813.0,600854,-0.55,-0.02
2020-05-25,3.59,3.6,3.62,3.57,14003.0,5037567.0,600854,0.28,0.01
2020-05-26,3.6,3.66,3.67,3.6,16141.0,5892153.0,600854,1.67,0.06
2020-05-27,3.66,3.67,3.69,3.62,16588.0,6067105.0,600854,0.27,0.01
2020-05-28,3.7,3.69,3.73,3.65,37306.0,13809141.0,600854,0.54,0.02
2020-05-29,3.67,3.7,3.7,3.62,31664.0,11597016.0,600854,0.27,0.01
2020-06-01,3.71,3.8,3.81,3.69,36183.0,13587523.0,600854,2.7,0.1
2020-06-02,3.77,4.18,4.18,3.77,203444.0,81914376.0,600854,10.0,0.38
2020-06-03,4.55,4.14,4.55,4.02,557137.0,244767392.0,600854,-0.96,-0.04
2020-06-04,3.9,3.87,3.96,3.81,284261.0,110587392.0,600854,-6.52,-0.27
2020-06-05,3.87,3.78,3.89,3.76,146624.0,55948428.0,600854,-2.33,-0.09
2020-06-08,3.8,3.85,3.91,3.76,104235.0,39854180.0,600854,1.85,0.07
2020-06-09,3.8,3.95,3.99,3.8,150664.0,58792720.0,600854,2.6,0.1
2020-06-10,3.92,3.85,3.98,3.83,111154.0,43068416.0,600854,-2.53,-0.1
2020-06-11,3.84,3.8,3.85,3.79,73556.0,28055424.0,600854,-1.3,-0.05
2020-06-12,3.78,3.8,3.83,3.71,46731.0,17695434.0,600854,0.0,0.0
2020-06-15,3.78,3.8,3.83,3.77,38689.0,14706622.0,600854,0.0,0.0
2020-06-16,3.8,3.88,3.91,3.8,61817.0,23861872.0,600854,2.11,0.08
2020-06-17,3.91,3.87,3.91,3.84,42185.0,16326216.0,600854,-0.26,-0.01
2020-06-18,3.87,3.93,3.93,3.85,63907.0,24937494.0,600854,1.55,0.06
2020-06-19,3.94,3.92,3.95,3.91,56354.0,22078918.0,600854,-0.25,-0.01
2020-06-22,3.91,3.89,3.92,3.88,36627.0,14275617.0,600854,-0.77,-0.03
2020-06-23,3.88,3.91,3.99,3.87,100683.0,39481740.0,600854,0.51,0.02
2020-06-24,3.91,4.09,4.23,3.88,146588.0,59106028.0,600854,4.6,0.18
2020-06-29,4.02,3.99,4.09,3.96,61939.0,24782826.0,600854,-2.44,-0.1
2020-06-30,4.0,3.96,4.03,3.93,54690.0,21744656.0,600854,-0.75,-0.03
2020-07-01,3.97,3.99,3.99,3.92,41165.0,16271350.0,600854,0.76,0.03
2020-07-02,3.97,4.23,4.39,3.96,311804.0,131603192.0,600854,6.02,0.24
2020-07-03,4.32,4.15,4.55,4.06,295157.0,123577384.0,600854,-1.89,-0.08
2020-07-06,4.13,4.57,4.57,4.13,276475.0,120528216.0,600854,10.12,0.42
2020-07-07,4.88,4.47,4.88,4.47,347255.0,161437920.0,600854,-2.19,-0.1
2020-07-08,4.49,4.46,4.56,4.38,190926.0,84859424.0,600854,-0.22,-0.01
2020-07-09,4.42,4.44,4.48,4.38,148096.0,65629520.0,600854,-0.45,-0.02
2020-07-10,4.43,4.37,4.5,4.33,116225.0,51350980.0,600854,-1.58,-0.07
2020-07-13,4.35,4.41,4.44,4.32,134248.0,59090352.0,600854,0.92,0.04
2020-07-14,4.44,4.34,4.44,4.29,113842.0,49719752.0,600854,-1.59,-0.07
2020-07-15,4.36,4.26,4.41,4.26,93167.0,40332612.0,600854,-1.84,-0.08
2020-07-16,4.26,4.1,4.29,4.08,79087.0,33281736.0,600854,-3.76,-0.16
2020-07-17,4.1,4.09,4.14,4.02,56484.0,23068920.0,600854,-0.24,-0.01
2020-07-20,4.09,4.16,4.17,4.07,143236.0,59029648.0,600854,1.71,0.07
2020-07-21,4.16,4.15,4.16,4.11,67371.0,27842860.0,600854,-0.24,-0.01
2020-07-22,4.15,4.13,4.17,4.11,59709.0,24711492.0,600854,-0.48,-0.02
2020-07-23,4.11,4.05,4.12,3.94,83010.0,33457460.0,600854,-1.94,-0.08
2020-07-24,4.04,3.94,4.1,3.89,70398.0,28238808.0,600854,-2.72,-0.11
2020-07-27,3.94,3.96,3.97,3.88,38453.0,15141378.0,600854,0.51,0.02
2020-07-28,3.97,3.99,4.03,3.94,42134.0,16796782.0,600854,0.76,0.03
2020-07-29,3.99,4.09,4.09,3.95,43299.0,17518858.0,600854,2.51,0.1
2020-07-30,4.09,4.16,4.17,4.04,84091.0,34735136.0,600854,1.71,0.07
2020-07-31,4.12,4.2,4.22,4.12,82770.0,34629832.0,600854,0.96,0.04
2020-08-03,4.23,4.35,4.39,4.21,113055.0,48837960.0,600854,3.57,0.15
2020-08-04,4.39,4.34,4.39,4.31,81687.0,35427520.0,600854,-0.23,-0.01
2020-08-05,4.36,4.39,4.39,4.29,71749.0,31181512.0,600854,1.15,0.05
2020-08-06,4.38,4.38,4.4,4.32,54609.0,23838592.0,600854,-0.23,-0.01
2020-08-07,4.34,4.36,4.38,4.26,66293.0,28625714.0,600854,-0.46,-0.02
2020-08-10,4.37,4.4,4.42,4.33,47161.0,20701732.0,600854,0.92,0.04
2020-08-11,4.39,4.33,4.4,4.33,66487.0,28943220.0,600854,-1.59,-0.07
2020-08-12,4.3,4.36,4.39,4.26,74977.0,32464394.0,600854,0.69,0.03
2020-08-13,4.36,4.38,4.39,4.35,47448.0,20761952.0,600854,0.46,0.02
2020-08-14,4.38,4.39,4.42,4.31,50234.0,21930648.0,600854,0.23,0.01
2020-08-17,4.39,4.37,4.43,4.36,120692.0,52915832.0,600854,-0.46,-0.02
2020-08-18,4.36,4.34,4.37,4.29,83528.0,36110716.0,600854,-0.69,-0.03
2020-08-19,4.32,4.26,4.35,4.24,61787.0,26530558.0,600854,-1.84,-0.08
2020-08-20,4.23,4.26,4.28,4.2,45675.0,19362960.0,600854,0.0,0.0
2020-08-21,4.22,4.27,4.34,4.2,56074.0,23965430.0,600854,0.23,0.01
2020-08-24,4.28,4.26,4.3,4.22,42065.0,17925456.0,600854,-0.23,-0.01
2020-08-25,4.25,4.25,4.28,4.23,44362.0,18866088.0,600854,-0.23,-0.01
2020-08-26,4.27,4.14,4.28,4.14,51871.0,21883800.0,600854,-2.59,-0.11
2020-08-27,4.17,4.34,4.41,4.14,87014.0,37461552.0,600854,4.83,0.2
2020-08-28,4.34,4.32,4.39,4.27,69924.0,30295468.0,600854,-0.46,-0.02
2020-08-31,4.33,4.26,4.36,4.23,63117.0,27077770.0,600854,-1.39,-0.06
2020-09-01,4.26,4.38,4.69,4.24,456376.0,205009472.0,600854,2.82,0.12
2020-09-02,4.32,4.28,4.33,4.23,230935.0,98615776.0,600854,-2.28,-0.1
2020-09-03,4.26,4.26,4.3,4.24,85552.0,36504812.0,600854,-0.47,-0.02
2020-09-04,4.23,4.24,4.26,4.19,75264.0,31730872.0,600854,-0.47,-0.02
2020-09-07,4.24,4.29,4.41,4.23,127369.0,55063816.0,600854,1.18,0.05
2020-09-08,4.27,4.34,4.38,4.27,96389.0,41847352.0,600854,1.17,0.05
2020-09-09,4.32,4.34,4.43,4.3,136880.0,59891020.0,600854,0.0,0.0
2020-09-10,4.36,4.13,4.39,4.11,123907.0,52338824.0,600854,-4.84,-0.21
2020-09-11,4.11,4.12,4.14,3.99,67754.0,27548060.0,600854,-0.24,-0.01
2020-09-14,4.11,4.18,4.19,4.11,38382.0,15958192.0,600854,1.46,0.06
2020-09-15,4.18,4.2,4.26,4.16,29761.0,12470259.0,600854,0.48,0.02
2020-09-16,4.2,4.16,4.21,4.14,34914.0,14541840.0,600854,-0.95,-0.04
2020-09-17,4.17,4.19,4.22,4.13,35038.0,14610814.0,600854,0.72,0.03
2020-09-18,4.19,4.61,4.61,4.16,250010.0,112016000.0,600854,10.02,0.42
2020-09-21,4.55,4.44,4.69,4.41,208528.0,94111168.0,600854,-3.69,-0.17
2020-09-22,4.42,4.39,4.53,4.35,116038.0,51047088.0,600854,-1.13,-0.05
2020-09-23,4.37,4.34,4.4,4.32,77497.0,33742516.0,600854,-1.14,-0.05
2020-09-24,4.32,4.34,4.37,4.25,108826.0,46955420.0,600854,0.0,0.0
2020-09-25,4.35,4.28,4.36,4.24,72975.0,31216934.0,600854,-1.38,-0.06
2020-09-28,4.29,4.17,4.29,4.15,50308.0,21098206.0,600854,-2.57,-0.11
2020-09-29,4.18,4.17,4.24,4.14,34311.0,14364768.0,600854,0.0,0.0
2020-09-30,4.19,4.13,4.2,4.12,28075.0,11673102.0,600854,-0.96,-0.04
2020-10-09,4.16,4.24,4.27,4.15,38322.0,16194641.0,600854,2.66,0.11
2020-10-12,4.25,4.26,4.3,4.22,131820.0,56229848.0,600854,0.47,0.02
2020-10-13,4.26,4.26,4.28,4.23,73829.0,31472348.0,600854,0.0,0.0
2020-10-14,4.25,4.18,4.27,4.15,138866.0,58233848.0,600854,-1.88,-0.08
2020-10-15,4.21,4.16,4.21,4.14,32685.0,13657543.0,600854,-0.48,-0.02
2020-10-16,4.15,4.17,4.18,4.13,37127.0,15448139.0,600854,0.24,0.01
2020-10-19,4.18,4.13,4.22,4.12,46345.0,19298178.0,600854,-0.96,-0.04
2020-10-20,4.11,4.12,4.13,4.05,58867.0,24108470.0,600854,-0.24,-0.01
2020-10-21,4.1,4.04,4.12,4.02,40770.0,16537019.0,600854,-1.94,-0.08
2020-10-22,4.05,4.02,4.05,3.97,40663.0,16250931.0,600854,-0.5,-0.02
2020-10-23,4.02,3.99,4.05,3.95,29752.0,11921899.0,600854,-0.75,-0.03
2020-10-26,4.0,3.99,4.03,3.94,68167.0,27092362.0,600854,0.0,0.0
2020-10-27,3.98,3.97,3.99,3.94,23518.0,9323928.0,600854,-0.5,-0.02
2020-10-28,3.97,3.97,3.99,3.92,30426.0,12021112.0,600854,0.0,0.0
2020-10-29,3.92,3.98,3.98,3.91,22356.0,8825430.0,600854,0.25,0.01
2020-10-30,3.97,3.88,4.07,3.88,41442.0,16497960.0,600854,-2.51,-0.1
2020-11-02,3.91,3.92,3.94,3.87,30801.0,12036502.0,600854,1.03,0.04
2020-11-03,3.91,4.01,4.02,3.9,34037.0,13560882.0,600854,2.3,0.09
2020-11-04,4.02,3.98,4.03,3.94,37134.0,14784106.0,600854,-0.75,-0.03
2020-11-05,3.99,4.03,4.05,3.98,34120.0,13706474.0,600854,1.26,0.05
2020-11-06,4.03,3.98,4.05,3.97,24070.0,9632761.0,600854,-1.24,-0.05
2020-11-09,3.99,4.05,4.08,3.99,36007.0,14573388.0,600854,1.76,0.07
2020-11-10,4.06,4.0,4.07,3.99,37061.0,14937034.0,600854,-1.23,-0.05
2020-11-11,3.99,4.0,4.04,3.99,29506.0,11827034.0,600854,0.0,0.0
2020-11-12,4.01,4.05,4.08,4.0,37933.0,15329794.0,600854,1.25,0.05
2020-11-13,4.02,4.05,4.05,3.99,29889.0,12026749.0,600854,0.0,0.0
2020-11-16,4.05,4.06,4.08,4.03,72860.0,29575914.0,600854,0.25,0.01
2020-11-17,4.06,4.1,4.14,4.02,78599.0,32015604.0,600854,0.99,0.04
2020-11-18,4.09,4.09,4.13,4.05,52218.0,21353624.0,600854,-0.24,-0.01
2020-11-19,4.1,4.1,4.13,4.08,64858.0,26607200.0,600854,0.24,0.01
2020-11-20,4.09,4.07,4.09,4.03,62359.0,25312140.0,600854,-0.73,-0.03
2020-11-23,4.08,4.08,4.14,4.04,46940.0,19146916.0,600854,0.25,0.01
2020-11-24,4.07,4.05,4.09,4.05,36521.0,14825674.0,600854,-0.74,-0.03
2020-11-25,4.06,4.07,4.1,4.05,51024.0,20774700.0,600854,0.49,0.02
2020-11-26,4.07,4.06,4.1,4.03,34628.0,14088227.0,600854,-0.25,-0.01
2020-11-27,4.05,4.03,4.06,3.98,43161.0,17320696.0,600854,-0.74,-0.03
2020-11-30,4.03,4.01,4.05,4.0,39855.0,16058621.0,600854,-0.5,-0.02
2020-12-01,4.01,4.07,4.08,4.0,51824.0,20973220.0,600854,1.5,0.06
2020-12-02,4.07,4.13,4.14,4.05,73894.0,30279876.0,600854,1.47,0.06
2020-12-03,4.15,4.06,4.16,4.05,49695.0,20299600.0,600854,-1.69,-0.07
2020-12-04,4.06,4.08,4.09,4.04,27833.0,11331238.0,600854,0.49,0.02
2020-12-07,4.08,4.03,4.09,4.03,26962.0,10921453.0,600854,-1.23,-0.05
2020-12-08,4.01,4.02,4.05,4.01,17587.0,7086216.0,600854,-0.25,-0.01
2020-12-09,4.02,3.93,4.04,3.92,41000.0,16339631.0,600854,-2.24,-0.09
2020-12-10,3.94,3.97,3.99,3.92,33261.0,13174503.0,600854,1.02,0.04
2020-12-11,3.98,3.93,4.04,3.87,36354.0,14279070.0,600854,-1.01,-0.04
2020-12-14,3.89,3.93,3.94,3.88,21802.0,8534036.0,600854,0.0,0.0
2020-12-15,3.92,3.89,3.92,3.86,25003.0,9718799.0,600854,-1.02,-0.04
2020-12-16,3.89,3.8,3.89,3.8,28288.0,10846231.0,600854,-2.31,-0.09
2020-12-17,3.79,3.81,3.82,3.5,64633.0,24144952.0,600854,0.26,0.01
2020-12-18,3.78,3.76,3.84,3.75,36552.0,13854125.0,600854,-1.31,-0.05
2020-12-21,3.76,3.75,3.78,3.71,27089.0,10153901.0,600854,-0.27,-0.01
2020-12-22,3.75,3.74,3.83,3.72,39575.0,14890211.0,600854,-0.27,-0.01
2020-12-23,3.71,3.73,3.77,3.71,28035.0,10489598.0,600854,-0.27,-0.01
2020-12-24,3.73,3.61,3.73,3.6,38202.0,13941081.0,600854,-3.22,-0.12
2020-12-25,3.62,3.76,3.82,3.6,64794.0,24255298.0,600854,4.16,0.15
2020-12-28,3.75,3.77,3.81,3.71,40038.0,15114619.0,600854,0.27,0.01
2020-12-29,3.76,3.82,3.86,3.76,45260.0,17273636.0,600854,1.33,0.05
2020-12-30,3.8,3.77,3.84,3.76,27298.0,10358375.0,600854,-1.31,-0.05
2020-12-31,3.76,3.78,3.81,3.76,24261.0,9184464.0,600854,0.27,0.01
2021-01-04,3.8,3.78,3.83,3.75,42644.0,16161542.0,600854,0.0,0.0
2021-01-05,3.76,3.76,3.77,3.71,33713.0,12597868.0,600854,-0.53,-0.02
2021-01-06,3.75,3.7,3.77,3.69,39066.0,14571600.0,600854,-1.6,-0.06
2021-01-07,3.71,3.59,3.72,3.5,72004.0,25864568.0,600854,-2.97,-0.11
2021-01-08,3.57,3.62,3.63,3.45,29776.0,10623504.0,600854,0.84,0.03
2021-01-11,3.6,3.46,3.63,3.44,33880.0,11898432.0,600854,-4.42,-0.16
2021-01-12,3.46,3.5,3.57,3.43,27740.0,9716603.0,600854,1.16,0.04
2021-01-13,3.48,3.4,3.49,3.38,36357.0,12399831.0,600854,-2.86,-0.1
2021-01-14,3.39,3.38,3.43,3.31,24194.0,8173665.0,600854,-0.59,-0.02
2021-01-15,3.39,3.46,3.49,3.38,30984.0,10651523.0,600854,2.37,0.08
2021-01-18,3.47,3.51,3.53,3.46,22160.0,7767956.0,600854,1.45,0.05
2021-01-19,3.5,3.53,3.55,3.47,28175.0,9906993.0,600854,0.57,0.02
2021-01-20,3.54,3.51,3.55,3.49,19691.0,6924452.0,600854,-0.57,-0.02
2021-01-21,3.51,3.52,3.55,3.49,24825.0,8742292.0,600854,0.28,0.01
2021-01-22,3.49,3.4,3.5,3.38,44629.0,15266642.0,600854,-3.41,-0.12
2021-01-25,3.37,3.29,3.38,3.27,33570.0,11153464.0,600854,-3.24,-0.11
2021-01-26,3.31,3.25,3.33,3.21,31162.0,10151720.0,600854,-1.22,-0.04
2021-01-27,3.23,3.26,3.28,3.22,19276.0,6267337.0,600854,0.31,0.01
2021-01-28,3.25,3.24,3.29,3.22,18781.0,6129687.0,600854,-0.61,-0.02
2021-01-29,3.26,3.16,3.27,3.12,30051.0,9550344.0,600854,-2.47,-0.08
2021-02-01,3.16,3.12,3.19,3.09,20471.0,6414875.0,600854,-1.27,-0.04
2021-02-02,3.12,3.13,3.16,3.08,20493.0,6391796.0,600854,0.32,0.01
2021-02-03,3.14,3.06,3.15,3.04,37498.0,11585988.0,600854,-2.24,-0.07
2021-02-04,3.05,3.05,3.06,2.96,33570.0,10129393.0,600854,-0.33,-0.01
2021-02-05,3.04,3.03,3.08,3.0,15941.0,4860829.0,600854,-0.66,-0.02
2021-02-08,3.01,3.02,3.06,3.0,25198.0,7617328.0,600854,-0.33,-0.01
2021-02-09,3.02,3.08,3.08,2.99,26862.0,8174810.0,600854,1.99,0.06
2021-02-10,3.06,3.08,3.1,3.05,20755.0,6381814.0,600854,0.0,0.0
2021-02-18,3.09,3.18,3.19,3.09,44477.0,13968990.0,600854,3.25,0.1
2021-02-19,3.17,3.31,3.32,3.15,45412.0,14808197.0,600854,4.09,0.13
2021-02-22,3.3,3.37,3.5,3.3,80679.0,27447700.0,600854,1.81,0.06
2021-02-23,3.36,3.36,3.39,3.31,28240.0,9456155.0,600854,-0.3,-0.01
2021-02-24,3.36,3.36,3.39,3.32,19589.0,6582965.0,600854,0.0,0.0
2021-02-25,3.39,3.36,3.39,3.34,23459.0,7894387.0,600854,0.0,0.0
2021-02-26,3.33,3.37,3.39,3.31,22391.0,7531202.0,600854,0.3,0.01
2021-03-01,3.39,3.46,3.48,3.37,32997.0,11338066.0,600854,2.67,0.09
2021-03-02,3.47,3.46,3.49,3.4,25931.0,8934768.0,600854,0.0,0.0
2021-03-03,3.45,3.53,3.53,3.43,24298.0,8505729.0,600854,2.02,0.07
2021-03-04,3.51,3.51,3.57,3.48,23693.0,8335089.0,600854,-0.57,-0.02
2021-03-05,3.51,3.54,3.55,3.49,16190.0,5707907.0,600854,0.85,0.03
2021-03-08,3.57,3.45,3.59,3.42,50059.0,17466024.0,600854,-2.54,-0.09
2021-03-09,3.45,3.41,3.49,3.33,30620.0,10443239.0,600854,-1.16,-0.04
2021-03-10,3.45,3.34,3.45,3.32,22651.0,7622544.0,600854,-2.05,-0.07
2021-03-11,3.33,3.41,3.42,3.32,24560.0,8291840.0,600854,2.1,0.07
2021-03-12,3.39,3.42,3.44,3.36,15699.0,5344761.0,600854,0.29,0.01
2021-03-15,3.43,3.46,3.49,3.4,28355.0,9776494.0,600854,1.17,0.04
2021-03-16,3.46,3.51,3.53,3.45,24658.0,8614504.0,600854,1.45,0.05
2021-03-17,3.51,3.54,3.55,3.49,31980.0,11270709.0,600854,0.85,0.03
2021-03-18,3.54,3.49,3.6,3.47,34082.0,11962140.0,600854,-1.41,-0.05
2021-03-19,3.49,3.51,3.54,3.46,26736.0,9383345.0,600854,0.57,0.02
2021-03-22,3.48,3.53,3.54,3.47,26566.0,9369740.0,600854,0.57,0.02
2021-03-23,3.55,3.48,3.55,3.45,26366.0,9197347.0,600854,-1.42,-0.05
2021-03-24,3.46,3.47,3.49,3.45,19891.0,6903811.0,600854,-0.29,-0.01
2021-03-25,3.48,3.4,3.48,3.39,24677.0,8447151.0,600854,-2.02,-0.07
2021-03-26,3.39,3.49,3.5,3.39,34475.0,11930578.0,600854,2.65,0.09
2021-03-29,3.49,3.46,3.5,3.45,32272.0,11229637.0,600854,-0.86,-0.03
2021-03-30,3.46,3.43,3.47,3.42,18619.0,6407226.0,600854,-0.87,-0.03
2021-03-31,3.42,3.46,3.46,3.4,19218.0,6607782.0,600854,0.87,0.03
2021-04-01,3.45,3.47,3.47,3.43,13903.0,4800184.0,600854,0.29,0.01
2021-04-02,3.46,3.43,3.48,3.43,22538.0,7754098.0,600854,-1.15,-0.04
2021-04-06,3.43,3.47,3.48,3.43,35631.0,12322210.0,600854,1.17,0.04
2021-04-07,3.48,3.51,3.51,3.46,27414.0,9554570.0,600854,1.15,0.04
2021-04-08,3.49,3.47,3.52,3.46,30635.0,10709626.0,600854,-1.14,-0.04
2021-04-09,3.48,3.47,3.5,3.45,22615.0,7859102.0,600854,0.0,0.0
2021-04-12,3.46,3.44,3.48,3.44,22756.0,7858867.0,600854,-0.86,-0.03
2021-04-13,3.43,3.39,3.44,3.38,25386.0,8639426.0,600854,-1.45,-0.05
2021-04-14,3.39,3.48,3.48,3.37,33961.0,11675095.0,600854,2.65,0.09
2021-04-15,3.45,3.5,3.51,3.45,36760.0,12827600.0,600854,0.57,0.02
2021-04-16,3.5,3.69,3.7,3.48,93300.0,33820020.0,600854,5.43,0.19
2021-04-19,3.7,3.7,3.78,3.67,76116.0,28284396.0,600854,0.27,0.01
2021-04-20,3.69,3.7,3.8,3.67,52314.0,19497248.0,600854,0.0,0.0
2021-04-21,3.71,3.71,3.73,3.64,42867.0,15841039.0,600854,0.27,0.01
2021-04-22,3.69,3.65,3.72,3.63,33426.0,12240127.0,600854,-1.62,-0.06
2021-04-23,3.65,3.58,3.65,3.56,27483.0,9871247.0,600854,-1.92,-0.07
2021-04-26,3.58,3.57,3.61,3.55,25652.0,9182476.0,600854,-0.28,-0.01
2021-04-27,3.56,3.5,3.57,3.45,29730.0,10396682.0,600854,-1.96,-0.07
2021-04-28,3.49,3.47,3.53,3.45,17090.0,5936538.0,600854,-0.86,-0.03
2021-04-29,3.47,3.57,3.58,3.43,30094.0,10613333.0,600854,2.88,0.1
2021-04-30,3.57,3.5,3.57,3.48,24253.0,8503467.0,600854,-1.96,-0.07
2021-05-06,3.5,3.51,3.55,3.48,16833.0,5926613.0,600854,0.29,0.01
2021-05-07,3.51,3.53,3.55,3.49,23211.0,8187337.0,600854,0.57,0.02
2021-05-10,3.52,3.55,3.55,3.5,25271.0,8895159.0,600854,0.57,0.02
2021-05-11,3.54,3.58,3.58,3.53,24218.0,8620695.0,600854,0.85,0.03
2021-05-12,3.57,3.61,3.66,3.55,26438.0,9559418.0,600854,0.84,0.03
2021-05-13,3.62,3.6,3.65,3.58,27158.0,9823868.0,600854,-0.28,-0.01
2021-05-14,3.6,3.65,3.66,3.59,28966.0,10526852.0,600854,1.39,0.05
2021-05-17,3.66,3.54,3.66,3.52,46100.0,16462021.0,600854,-3.01,-0.11
2021-05-18,3.54,3.55,3.56,3.51,27261.0,9624096.0,600854,0.28,0.01
2021-05-19,3.54,3.52,3.55,3.5,19795.0,6977094.0,600854,-0.85,-0.03
2021-05-20,3.52,3.54,3.55,3.49,21083.0,7419834.0,600854,0.57,0.02
2021-05-21,3.52,3.56,3.58,3.52,23763.0,8443425.0,600854,0.56,0.02
2021-05-24,3.56,3.57,3.58,3.54,17520.0,6228150.0,600854,0.28,0.01
2021-05-25,3.56,3.56,3.56,3.52,18851.0,6682983.0,600854,-0.28,-0.01
2021-05-26,3.55,3.56,3.58,3.52,22289.0,7920090.0,600854,0.0,0.0
2021-05-27,3.56,3.61,3.61,3.55,26107.0,9354914.0,600854,1.4,0.05
2021-05-28,3.59,3.56,3.63,3.55,29491.0,10545273.0,600854,-1.39,-0.05
2021-05-31,3.55,3.59,3.59,3.54,18640.0,6670801.0,600854,0.84,0.03
2021-06-01,3.6,3.6,3.63,3.57,24230.0,8733263.0,600854,0.28,0.01
2021-06-02,3.6,3.59,3.62,3.58,23991.0,8629797.0,600854,-0.28,-0.01
2021-06-03,3.6,3.63,3.63,3.55,29263.0,10567136.0,600854,1.11,0.04
2021-06-04,3.61,3.58,3.65,3.58,38785.0,14024198.0,600854,-1.38,-0.05
2021-06-07,3.61,3.62,3.62,3.59,18682.0,6743888.0,600854,1.12,0.04
2021-06-08,3.62,3.61,3.65,3.59,18946.0,6834369.0,600854,-0.28,-0.01
2021-06-09,3.6,3.65,3.66,3.6,24560.0,8943516.0,600854,1.11,0.04
2021-06-10,3.67,3.65,3.67,3.63,21981.0,8026546.0,600854,0.0,0.0
2021-06-11,3.65,3.63,3.67,3.62,24641.0,8957537.0,600854,-0.55,-0.02
2021-06-15,3.63,3.56,3.64,3.53,36569.0,13026524.0,600854,-1.93,-0.07
2021-06-16,3.59,3.57,3.59,3.53,21093.0,7523572.0,600854,0.28,0.01
2021-06-17,3.56,3.53,3.59,3.52,22714.0,8044412.0,600854,-1.12,-0.04
2021-06-18,3.53,3.53,3.55,3.49,23424.0,8226357.0,600854,0.0,0.0
2021-06-21,3.52,3.52,3.56,3.5,18207.0,6420288.0,600854,-0.28,-0.01
2021-06-22,3.53,3.58,3.58,3.52,22156.0,7888854.0,600854,1.7,0.06
2021-06-23,3.59,3.56,3.59,3.55,15166.0,5401095.0,600854,-0.56,-0.02
2021-06-24,3.55,3.55,3.57,3.5,22588.0,7981505.0,600854,-0.28,-0.01
2021-06-25,3.52,3.53,3.55,3.51,21370.0,7532248.0,600854,-0.56,-0.02
2021-06-28,3.54,3.52,3.54,3.5,20261.0,7129985.0,600854,-0.28,-0.01
2021-06-29,3.52,3.45,3.52,3.45,23042.0,8011871.0,600854,-1.99,-0.07
2021-06-30,3.45,3.49,3.49,3.43,18720.0,6481385.0,600854,1.16,0.04
2021-07-01,3.5,3.45,3.5,3.45,18930.0,6584644.0,600854,-1.15,-0.04
2021-07-02,3.46,3.45,3.48,3.44,18535.0,6405441.0,600854,0.0,0.0
2021-07-05,3.47,3.52,3.53,3.45,18260.0,6399126.0,600854,2.03,0.07
2021-07-06,3.5,3.52,3.53,3.49,12424.0,4360885.0,600854,0.0,0.0
2021-07-07,3.5,3.51,3.53,3.49,23499.0,8257206.0,600854,-0.28,-0.01
2021-07-08,3.51,3.46,3.51,3.45,24592.0,8558318.0,600854,-1.42,-0.05
2021-07-09,3.46,3.47,3.48,3.43,17629.0,6098793.0,600854,0.29,0.01
2021-07-12,3.47,3.51,3.52,3.47,29048.0,10150710.0,600854,1.15,0.04
2021-07-13,3.51,3.55,3.55,3.47,27519.0,9693851.0,600854,1.14,0.04
2021-07-14,3.54,3.5,3.57,3.49,23934.0,8416191.0,600854,-1.41,-0.05
2021-07-15,3.49,3.46,3.49,3.42,28927.0,9982179.0,600854,-1.14,-0.04
2021-07-16,3.44,3.45,3.47,3.44,14176.0,4894248.0,600854,-0.29,-0.01
2021-07-19,3.44,3.41,3.45,3.37,29896.0,10166236.0,600854,-1.16,-0.04
2021-07-20,3.39,3.43,3.44,3.38,22186.0,7556226.0,600854,0.59,0.02
2021-07-21,3.42,3.44,3.46,3.4,18933.0,6506620.0,600854,0.29,0.01
2021-07-22,3.46,3.45,3.46,3.43,16497.0,5679514.0,600854,0.29,0.01
2021-07-23,3.45,3.45,3.47,3.42,25391.0,8746322.0,600854,0.0,0.0
2021-07-26,3.42,3.4,3.46,3.38,18469.0,6303804.0,600854,-1.45,-0.05
2021-07-27,3.41,3.37,3.43,3.37,18446.0,6270542.0,600854,-0.88,-0.03
2021-07-28,3.37,3.27,3.37,3.24,23783.0,7791895.0,600854,-2.97,-0.1
2021-07-29,3.26,3.29,3.33,3.26,15430.0,5086351.0,600854,0.61,0.02
2021-07-30,3.3,3.3,3.3,3.25,14327.0,4692577.0,600854,0.3,0.01
2021-08-02,3.29,3.32,3.34,3.24,21897.0,7226381.0,600854,0.61,0.02
2021-08-03,3.32,3.38,3.41,3.31,27878.0,9399191.0,600854,1.81,0.06
2021-08-04,3.37,3.37,3.41,3.36,17875.0,6046618.0,600854,-0.3,-0.01
2021-08-05,3.38,3.37,3.39,3.35,18077.0,6087883.0,600854,0.0,0.0
2021-08-06,3.36,3.37,3.38,3.35,13378.0,4501192.0,600854,0.0,0.0
2021-08-09,3.36,3.42,3.43,3.36,22082.0,7509796.0,600854,1.48,0.05
2021-08-10,3.41,3.48,3.49,3.4,25692.0,8886242.0,600854,1.75,0.06
2021-08-11,3.47,3.47,3.49,3.43,24488.0,8487125.0,600854,-0.29,-0.01
2021-08-12,3.47,3.51,3.51,3.45,36004.0,12543255.0,600854,1.15,0.04
2021-08-13,3.51,3.52,3.52,3.47,28667.0,10020446.0,600854,0.28,0.01
2021-08-16,3.51,3.5,3.54,3.49,37168.0,13084363.0,600854,-0.57,-0.02
2021-08-17,3.49,3.44,3.52,3.41,37341.0,12951844.0,600854,-1.71,-0.06
2021-08-18,3.44,3.55,3.57,3.44,51782.0,18200154.0,600854,3.2,0.11
2021-08-19,3.55,3.54,3.57,3.52,34449.0,12204220.0,600854,-0.28,-0.01
2021-08-20,3.54,3.59,3.6,3.49,46737.0,16586487.0,600854,1.41,0.05
2021-08-23,3.58,3.58,3.62,3.56,31824.0,11407811.0,600854,-0.28,-0.01
2021-08-24,3.57,3.57,3.61,3.56,37263.0,13351250.0,600854,-0.28,-0.01
2021-08-25,3.56,3.6,3.61,3.55,25214.0,9039044.0,600854,0.84,0.03
2021-08-26,3.57,3.6,3.62,3.56,34466.0,12358229.0,600854,0.0,0.0
2021-08-27,3.59,3.53,3.6,3.51,35805.0,12672551.0,600854,-1.94,-0.07
2021-08-30,3.52,3.52,3.55,3.49,32886.0,11571625.0,600854,-0.28,-0.01
2021-08-31,3.51,3.54,3.54,3.51,20759.0,7320152.0,600854,0.57,0.02
2021-09-01,3.54,3.56,3.57,3.52,36164.0,12820699.0,600854,0.56,0.02
2021-09-02,3.54,3.58,3.6,3.52,37565.0,13365320.0,600854,0.56,0.02
2021-09-03,3.59,3.58,3.62,3.55,40470.0,14497825.0,600854,0.0,0.0
2021-09-06,3.58,3.62,3.62,3.55,32005.0,11489285.0,600854,1.12,0.04
2021-09-07,3.61,3.62,3.63,3.59,45858.0,16558865.0,600854,0.0,0.0
2021-09-08,3.62,3.66,3.67,3.61,50209.0,18264896.0,600854,1.1,0.04
2021-09-09,3.67,3.72,3.8,3.66,69077.0,25649304.0,600854,1.64,0.06
2021-09-10,3.71,3.68,3.71,3.65,50926.0,18708484.0,600854,-1.08,-0.04
2021-09-13,3.68,3.73,3.74,3.63,39603.0,14600119.0,600854,1.36,0.05
2021-09-14,3.73,3.65,3.75,3.63,47869.0,17581716.0,600854,-2.14,-0.08
2021-09-15,3.66,3.71,3.72,3.6,60218.0,22026760.0,600854,1.64,0.06
2021-09-16,3.7,3.67,3.75,3.65,61461.0,22710128.0,600854,-1.08,-0.04
2021-09-17,3.68,3.67,3.69,3.6,41881.0,15243189.0,600854,0.0,0.0
2021-09-22,3.61,3.67,3.68,3.58,35271.0,12807521.0,600854,0.0,0.0
2021-09-23,3.66,3.7,3.74,3.65,45050.0,16669453.0,600854,0.82,0.03
2021-09-24,3.72,3.59,3.72,3.58,54403.0,19744376.0,600854,-2.97,-0.11
2021-09-27,3.61,3.47,3.61,3.43,36230.0,12719295.0,600854,-3.34,-0.12
2021-09-28,3.47,3.45,3.49,3.41,44497.0,15265899.0,600854,-0.58,-0.02
2021-09-29,3.45,3.39,3.46,3.36,30277.0,10299854.0,600854,-1.74,-0.06
2021-09-30,3.38,3.4,3.42,3.38,29107.0,9887731.0,600854,0.29,0.01
2021-10-08,3.41,3.48,3.49,3.41,36129.0,12496645.0,600854,2.35,0.08
2021-10-11,3.47,3.49,3.51,3.46,33625.0,11727865.0,600854,0.29,0.01
2021-10-12,3.5,3.45,3.5,3.42,34248.0,11809383.0,600854,-1.15,-0.04
2021-10-13,3.45,3.45,3.48,3.4,16077.0,5520695.0,600854,0.0,0.0
2021-10-14,3.46,3.45,3.47,3.4,31762.0,10919996.0,600854,0.0,0.0
2021-10-15,3.45,3.37,3.47,3.37,30449.0,10356368.0,600854,-2.32,-0.08
2021-10-18,3.39,3.41,3.42,3.34,23220.0,7871817.0,600854,1.19,0.04
2021-10-19,3.39,3.39,3.42,3.38,21101.0,7173942.0,600854,-0.59,-0.02
2021-10-20,3.39,3.38,3.4,3.36,22754.0,7701607.0,600854,-0.29,-0.01
2021-10-21,3.36,3.36,3.39,3.34,17741.0,5963514.0,600854,-0.59,-0.02
2021-10-22,3.37,3.38,3.39,3.34,22689.0,7645689.0,600854,0.6,0.02
2021-10-25,3.38,3.35,3.39,3.33,24267.0,8111925.0,600854,-0.89,-0.03
2021-10-26,3.35,3.34,3.36,3.33,14539.0,4858112.0,600854,-0.3,-0.01
2021-10-27,3.33,3.26,3.33,3.23,27706.0,9066752.0,600854,-2.4,-0.08
2021-10-28,3.26,3.22,3.26,3.17,22690.0,7286248.0,600854,-1.23,-0.04
2021-10-29,3.24,3.28,3.28,3.22,16979.0,5513277.0,600854,1.86,0.06
2021-11-01,3.43,3.45,3.54,3.38,115250.0,39860084.0,600854,5.18,0.17
2021-11-02,3.42,3.56,3.73,3.41,164009.0,59035016.0,600854,3.19,0.11
2021-11-03,3.6,3.53,3.6,3.49,82869.0,29221920.0,600854,-0.84,-0.03
2021-11-04,3.54,3.59,3.63,3.51,60196.0,21544196.0,600854,1.7,0.06
2021-11-05,3.59,3.61,3.66,3.57,63716.0,23070188.0,600854,0.56,0.02
2021-11-08,3.65,3.77,3.77,3.57,105507.0,39048420.0,600854,4.43,0.16
2021-11-09,3.71,3.77,3.8,3.7,62586.0,23500576.0,600854,0.0,0.0
2021-11-10,3.77,3.81,3.82,3.74,69876.0,26428652.0,600854,1.06,0.04
2021-11-11,3.79,3.88,4.03,3.77,118177.0,46311480.0,600854,1.84,0.07
2021-11-12,3.92,3.88,3.93,3.84,58065.0,22555308.0,600854,0.0,0.0
2021-11-15,3.89,4.18,4.23,3.89,177670.0,73390464.0,600854,7.73,0.3
2021-11-16,4.21,4.17,4.21,4.08,120072.0,49834156.0,600854,-0.24,-0.01
2021-11-17,4.16,4.59,4.59,4.15,369230.0,165606400.0,600854,10.07,0.42
2021-11-18,4.52,4.32,4.53,4.22,323260.0,140634896.0,600854,-5.88,-0.27
2021-11-19,4.27,4.3,4.34,4.14,153372.0,64787328.0,600854,-0.46,-0.02
2021-11-22,4.25,4.62,4.73,4.25,349501.0,159225424.0,600854,7.44,0.32
2021-11-23,4.65,5.08,5.08,4.64,389402.0,192089392.0,600854,9.96,0.46
2021-11-24,4.88,5.12,5.26,4.86,379545.0,191395680.0,600854,0.79,0.04
2021-11-25,5.0,4.93,5.12,4.88,196879.0,97629984.0,600854,-3.71,-0.19
2021-11-26,4.91,5.42,5.42,4.89,293369.0,153639936.0,600854,9.94,0.49
2021-11-29,5.43,5.69,5.96,5.34,593352.0,337491200.0,600854,4.98,0.27
2021-11-30,5.56,5.58,5.74,5.37,392884.0,218330432.0,600854,-1.93,-0.11
2021-12-01,5.62,6.14,6.14,5.44,551159.0,330008800.0,600854,10.04,0.56
2021-12-02,6.01,6.59,6.75,6.01,594179.0,377621056.0,600854,7.33,0.45
2021-12-03,6.41,7.25,7.25,6.39,608891.0,426568352.0,600854,10.02,0.66
2021-12-06,7.2,7.47,7.87,6.8,802861.0,591488320.0,600854,3.03,0.22
2021-12-07,7.36,6.93,7.51,6.72,672292.0,467818112.0,600854,-7.23,-0.54
2021-12-08,6.71,7.62,7.62,6.6,882549.0,654301888.0,600854,9.96,0.69
2021-12-09,7.56,7.63,7.8,6.86,759208.0,553736640.0,600854,0.13,0.01
2021-12-10,7.35,7.01,7.5,6.96,447659.0,321330752.0,600854,-8.13,-0.62
2021-12-13,6.97,7.71,7.71,6.6,661083.0,480087616.0,600854,9.99,0.7
2021-12-14,7.61,8.2,8.48,7.57,927193.0,767026432.0,600854,6.36,0.49
2021-12-15,7.95,7.68,8.09,7.6,685329.0,535951264.0,600854,-6.34,-0.52
2021-12-16,7.6,7.76,8.28,7.55,634696.0,501977536.0,600854,1.04,0.08
2021-12-17,7.7,7.07,7.75,7.01,600656.0,439045632.0,600854,-8.89,-0.69
2021-12-20,7.1,7.78,7.78,7.0,713782.0,534402912.0,600854,10.04,0.71
2021-12-21,7.97,7.63,8.27,7.26,683331.0,527642464.0,600854,-1.93,-0.15
2021-12-22,7.68,7.23,7.78,7.0,534894.0,387442112.0,600854,-5.24,-0.4
2021-12-23,7.04,6.51,7.2,6.51,520197.0,346452160.0,600854,-9.96,-0.72
2021-12-24,6.48,6.2,6.71,6.17,423666.0,270105600.0,600854,-4.76,-0.31
2021-12-27,6.2,6.44,6.57,5.97,410330.0,259701808.0,600854,3.87,0.24
2021-12-28,6.44,6.5,6.63,6.31,242004.0,156363664.0,600854,0.93,0.06
2021-12-29,6.52,6.52,6.77,6.29,331852.0,215207616.0,600854,0.31,0.02
2021-12-30,6.5,6.36,6.59,6.33,219551.0,141049760.0,600854,-2.45,-0.16
2021-12-31,6.29,6.16,6.45,6.16,289817.0,182537616.0,600854,-3.14,-0.2
2022-01-04,6.18,6.15,6.26,6.12,261239.0,161279520.0,600854,-0.16,-0.01
2022-01-05,6.14,5.95,6.16,5.78,294427.0,174476960.0,600854,-3.25,-0.2
2022-01-06,5.88,6.19,6.29,5.85,268700.0,164761728.0,600854,4.03,0.24
2022-01-07,6.13,5.99,6.26,5.98,174413.0,106297744.0,600854,-3.23,-0.2
2022-01-10,6.06,5.79,6.06,5.75,197668.0,114914648.0,600854,-3.34,-0.2
2022-01-11,5.85,5.61,5.86,5.56,208522.0,118010296.0,600854,-3.11,-0.18
2022-01-12,5.66,5.71,5.77,5.57,178044.0,101380784.0,600854,1.78,0.1
2022-01-13,5.73,5.64,5.76,5.59,129211.0,73222456.0,600854,-1.23,-0.07
2022-01-14,5.62,5.51,5.8,5.5,174172.0,98024368.0,600854,-2.3,-0.13
2022-01-17,5.62,5.56,5.67,5.53,142144.0,79607080.0,600854,0.91,0.05
2022-01-18,5.54,5.43,5.57,5.35,170897.0,92621584.0,600854,-2.34,-0.13
2022-01-19,5.4,5.39,5.47,5.32,150127.0,80851904.0,600854,-0.74,-0.04
2022-01-20,5.41,5.19,5.41,5.16,197601.0,103598880.0,600854,-3.71,-0.2
2022-01-21,5.18,5.18,5.25,5.1,110962.0,57369508.0,600854,-0.19,-0.01
2022-01-24,5.22,5.16,5.36,5.1,108060.0,56115196.0,600854,-0.39,-0.02
2022-01-25,5.15,4.98,5.24,4.96,131367.0,66789720.0,600854,-3.49,-0.18
2022-01-26,4.96,5.05,5.06,4.93,117833.0,58877944.0,600854,1.41,0.07
2022-01-27,5.06,4.9,5.06,4.88,97637.0,48335552.0,600854,-2.97,-0.15
2022-01-28,4.94,4.97,5.11,4.85,112964.0,56348040.0,600854,1.43,0.07
2022-02-07,5.05,5.15,5.23,4.97,140390.0,71877912.0,600854,3.62,0.18
2022-02-08,5.18,5.17,5.21,5.06,118726.0,60955328.0,600854,0.39,0.02
2022-02-09,5.18,5.14,5.2,5.1,164716.0,84642736.0,600854,-0.58,-0.03
2022-02-10,5.14,5.11,5.18,5.07,138440.0,70844024.0,600854,-0.58,-0.03
2022-02-11,5.12,5.01,5.12,4.97,128931.0,64977596.0,600854,-1.96,-0.1
2022-02-14,5.01,5.07,5.17,4.93,128531.0,65176520.0,600854,1.2,0.06
2022-02-15,5.08,4.99,5.11,4.92,102213.0,50910784.0,600854,-1.58,-0.08
2022-02-16,5.01,5.06,5.09,4.96,107692.0,54109792.0,600854,1.4,0.07
2022-02-17,5.06,5.02,5.32,5.0,260724.0,133881152.0,600854,-0.79,-0.04
2022-02-18,4.98,5.08,5.09,4.92,130211.0,65436760.0,600854,1.2,0.06
2022-02-21,5.07,5.41,5.41,5.07,268933.0,141416992.0,600854,6.5,0.33
2022-02-22,5.37,5.13,5.46,5.1,298545.0,155910656.0,600854,-5.18,-0.28
2022-02-23,5.13,5.15,5.17,5.08,134677.0,69106512.0,600854,0.39,0.02
2022-02-24,5.12,4.99,5.15,4.88,170970.0,85924288.0,600854,-3.11,-0.16
2022-02-25,5.03,5.19,5.3,5.01,218038.0,113397768.0,600854,4.01,0.2
2022-02-28,5.18,5.1,5.19,5.02,132241.0,67189856.0,600854,-1.73,-0.09
2022-03-01,5.13,5.12,5.15,5.06,71596.0,36536756.0,600854,0.39,0.02
2022-03-02,5.09,5.18,5.27,5.07,133362.0,68936136.0,600854,1.17,0.06
2022-03-03,5.21,5.31,5.42,5.2,234464.0,124911536.0,600854,2.51,0.13
2022-03-04,5.29,5.16,5.33,5.12,129840.0,67172432.0,600854,-2.82,-0.15
2022-03-07,5.15,5.13,5.19,5.05,103436.0,52991472.0,600854,-0.58,-0.03
2022-03-08,5.09,4.93,5.12,4.93,126415.0,63337824.0,600854,-3.9,-0.2
2022-03-09,4.97,4.75,4.98,4.56,151803.0,72592704.0,600854,-3.65,-0.18
2022-03-10,4.84,4.85,4.95,4.79,116490.0,56704232.0,600854,2.11,0.1
2022-03-11,4.84,4.84,4.88,4.65,93774.0,44539808.0,600854,-0.21,-0.01
2022-03-14,4.84,4.69,4.87,4.69,81868.0,39189552.0,600854,-3.1,-0.15
2022-03-15,4.7,4.42,4.72,4.41,115613.0,53077340.0,600854,-5.76,-0.27
2022-03-16,4.49,4.58,4.61,4.38,133546.0,60294836.0,600854,3.62,0.16
2022-03-17,4.58,4.74,4.8,4.58,135383.0,63695132.0,600854,3.49,0.16
2022-03-18,4.75,4.85,4.89,4.69,99482.0,48023276.0,600854,2.32,0.11
2022-03-21,4.88,4.86,4.9,4.79,76510.0,37010220.0,600854,0.21,0.01
2022-03-22,4.87,5.0,5.03,4.83,107020.0,52931588.0,600854,2.88,0.14
2022-03-23,5.02,5.04,5.14,4.99,104404.0,52857084.0,600854,0.8,0.04
2022-03-24,5.01,5.01,5.07,4.96,78816.0,39522864.0,600854,-0.6,-0.03
2022-03-25,5.01,5.09,5.1,5.0,74130.0,37439096.0,600854,1.6,0.08
2022-03-28,5.02,4.99,5.06,4.95,66980.0,33444732.0,600854,-1.96,-0.1
2022-03-29,4.97,4.89,5.08,4.89,90988.0,45091136.0,600854,-2.0,-0.1
2022-03-30,4.92,4.89,4.96,4.82,82019.0,39996252.0,600854,0.0,0.0
2022-03-31,4.93,4.99,5.08,4.85,105234.0,52422020.0,600854,2.04,0.1
2022-04-01,5.0,4.99,5.04,4.94,70871.0,35234600.0,600854,0.0,0.0
2022-04-06,4.99,5.1,5.14,4.95,112306.0,57097568.0,600854,2.2,0.11
2022-04-07,5.01,4.96,5.09,4.96,95575.0,47815800.0,600854,-2.75,-0.14
2022-04-08,4.94,5.01,5.02,4.89,87553.0,43386704.0,600854,1.01,0.05
2022-04-11,4.93,4.9,5.05,4.87,81719.0,40611192.0,600854,-2.2,-0.11
2022-04-12,4.88,5.04,5.05,4.78,94485.0,46451580.0,600854,2.86,0.14
2022-04-13,5.07,5.14,5.15,4.98,137315.0,69948616.0,600854,1.98,0.1
2022-04-14,5.13,5.14,5.24,5.12,126148.0,65114148.0,600854,0.0,0.0
2022-04-15,5.15,5.01,5.16,4.93,125435.0,62784552.0,600854,-2.53,-0.13
2022-04-18,5.01,4.98,5.02,4.84,96903.0,47614344.0,600854,-0.6,-0.03
2022-04-19,5.04,4.93,5.04,4.88,68181.0,33703236.0,600854,-1.0,-0.05
2022-04-20,4.93,5.42,5.42,4.89,209369.0,110805448.0,600854,9.94,0.49
2022-04-21,5.75,5.62,5.9,5.44,705927.0,399075808.0,600854,3.69,0.2
2022-04-22,5.34,6.18,6.18,5.34,697753.0,400376896.0,600854,9.96,0.56
2022-04-25,5.79,5.85,6.48,5.61,703737.0,422134048.0,600854,-5.34,-0.33
2022-04-26,5.87,5.99,6.14,5.45,569896.0,329133792.0,600854,2.39,0.14
2022-04-27,5.63,6.12,6.46,5.55,636828.0,378884832.0,600854,2.17,0.13
2022-04-28,6.0,6.49,6.73,5.82,730191.0,465395136.0,600854,6.05,0.37
2022-04-29,6.49,6.83,7.14,6.29,769905.0,507250240.0,600854,5.24,0.34
2022-05-05,6.64,6.66,7.07,6.5,617687.0,418234720.0,600854,-2.49,-0.17
2022-05-06,6.3,5.99,6.53,5.99,480617.0,298411712.0,600854,-10.06,-0.67
2022-05-09,5.68,5.96,6.04,5.6,454764.0,265711392.0,600854,-0.5,-0.03
2022-05-10,5.84,6.12,6.2,5.76,455213.0,274501024.0,600854,2.68,0.16
2022-05-11,6.09,5.86,6.18,5.8,462274.0,277779776.0,600854,-4.25,-0.26
2022-05-12,5.8,6.45,6.45,5.71,640501.0,393782144.0,600854,10.07,0.59
2022-05-13,6.6,6.55,7.1,6.51,930248.0,627169664.0,600854,1.55,0.1
2022-05-16,6.52,7.06,7.21,6.18,849515.0,563980608.0,600854,7.79,0.51
2022-05-17,6.84,6.73,7.05,6.64,522268.0,355335808.0,600854,-4.67,-0.33
2022-05-18,6.8,6.85,7.13,6.72,436436.0,301040544.0,600854,1.78,0.12
2022-05-19,6.61,6.71,7.06,6.52,405540.0,275247680.0,600854,-2.04,-0.14
2022-05-20,6.76,6.64,6.88,6.6,328012.0,220438864.0,600854,-1.04,-0.07
2022-05-23,6.59,6.64,6.73,6.45,295949.0,195147648.0,600854,0.0,0.0
2022-05-24,6.6,5.98,6.63,5.98,419586.0,261036512.0,600854,-9.94,-0.66
2022-05-25,5.88,6.06,6.11,5.85,223902.0,134919840.0,600854,1.34,0.08
2022-05-26,6.08,6.11,6.13,5.83,209577.0,126148544.0,600854,0.83,0.05
2022-05-27,6.16,6.07,6.3,5.99,192581.0,118343328.0,600854,-0.65,-0.04
2022-05-30,6.08,5.88,6.09,5.78,249161.0,146912912.0,600854,-3.13,-0.19
2022-05-31,5.83,5.87,5.9,5.79,132356.0,77326896.0,600854,-0.17,-0.01
2022-06-01,5.81,5.78,6.02,5.72,164229.0,96207440.0,600854,-1.53,-0.09
2022-06-02,5.86,5.69,5.86,5.67,161001.0,92652712.0,600854,-1.56,-0.09
2022-06-06,5.66,6.0,6.02,5.6,246297.0,143937520.0,600854,5.45,0.31
2022-06-07,5.98,5.8,5.98,5.73,204650.0,118934872.0,600854,-3.33,-0.2
2022-06-08,5.81,5.58,5.87,5.51,189602.0,106858480.0,600854,-3.79,-0.22
2022-06-09,5.57,5.42,5.61,5.41,150504.0,82510112.0,600854,-2.87,-0.16
2022-06-10,5.39,5.52,5.54,5.36,106668.0,58654064.0,600854,1.85,0.1
2022-06-13,5.49,5.41,5.59,5.36,135281.0,73615152.0,600854,-1.99,-0.11
2022-06-14,5.43,5.37,5.43,5.2,150064.0,79472376.0,600854,-0.74,-0.04
2022-06-15,5.39,5.34,5.44,5.32,132512.0,71311792.0,600854,-0.56,-0.03
2022-06-16,5.34,5.57,5.86,5.31,317145.0,177957184.0,600854,4.31,0.23
2022-06-17,5.52,6.13,6.13,5.38,498171.0,292637056.0,600854,10.05,0.56
2022-06-20,6.11,6.37,6.73,6.05,751194.0,484937728.0,600854,3.92,0.24
2022-06-21,6.24,6.11,6.34,6.03,447628.0,275587200.0,600854,-4.08,-0.26
2022-06-22,6.14,5.9,6.16,5.88,251994.0,150594944.0,600854,-3.44,-0.21
2022-06-23,5.89,5.91,5.98,5.82,228976.0,135064192.0,600854,0.17,0.01
2022-06-24,5.94,6.13,6.25,5.85,375489.0,228826240.0,600854,3.72,0.22
2022-06-27,6.1,6.03,6.12,5.99,245252.0,147939632.0,600854,-1.63,-0.1
2022-06-28,6.03,5.98,6.04,5.94,162542.0,97186504.0,600854,-0.83,-0.05
2022-06-29,5.98,5.79,5.98,5.79,167555.0,98248112.0,600854,-3.18,-0.19
2022-06-30,5.79,5.71,5.86,5.7,167245.0,96446744.0,600854,-1.38,-0.08
2022-07-01,5.77,5.68,5.8,5.55,153104.0,87018416.0,600854,-0.53,-0.03
2022-07-04,5.7,5.7,5.73,5.57,121862.0,68756576.0,600854,0.35,0.02
2022-07-05,5.72,5.55,5.75,5.52,135403.0,75978768.0,600854,-2.63,-0.15
2022-07-06,5.58,5.47,5.58,5.42,106627.0,58525976.0,600854,-1.44,-0.08
2022-07-07,5.49,5.56,5.61,5.43,124763.0,69218032.0,600854,1.65,0.09
2022-07-08,5.61,5.85,6.03,5.54,334848.0,193808448.0,600854,5.22,0.29
2022-07-11,5.85,6.0,6.08,5.85,380050.0,227191872.0,600854,2.56,0.15
2022-07-12,6.0,6.03,6.17,5.9,366951.0,222432784.0,600854,0.5,0.03
2022-07-13,6.19,6.11,6.49,6.08,569258.0,355147520.0,600854,1.33,0.08
2022-07-14,6.35,6.28,6.65,6.17,567721.0,362014400.0,600854,2.78,0.17
2022-07-15,6.22,6.16,6.43,5.97,464381.0,289819456.0,600854,-1.91,-0.12
2022-07-18,6.16,6.18,6.27,6.02,312959.0,192900544.0,600854,0.32,0.02
2022-07-19,6.17,6.18,6.25,6.08,250522.0,154401808.0,600854,0.0,0.0
2022-07-20,6.19,6.08,6.19,6.06,211522.0,129077408.0,600854,-1.62,-0.1
2022-07-21,6.08,5.95,6.09,5.95,199866.0,119998360.0,600854,-2.14,-0.13
2022-07-22,5.98,6.14,6.19,5.92,230045.0,139013520.0,600854,3.19,0.19
2022-07-25,6.1,6.04,6.21,5.98,263452.0,160754544.0,600854,-1.63,-0.1
2022-07-26,6.05,6.19,6.22,5.84,298745.0,180464256.0,600854,2.48,0.15
2022-07-27,6.17,6.09,6.18,6.06,174903.0,106681920.0,600854,-1.62,-0.1
2022-07-28,6.11,6.09,6.21,6.07,171054.0,104694528.0,600854,0.0,0.0
2022-07-29,6.09,5.99,6.11,5.98,154576.0,93202896.0,600854,-1.64,-0.1
2022-08-01,5.95,5.97,6.07,5.9,134712.0,80594072.0,600854,-0.33,-0.02
2022-08-02,5.89,5.43,5.89,5.38,263816.0,146093952.0,600854,-9.05,-0.54
2022-08-03,5.44,5.34,5.65,5.3,197136.0,107957360.0,600854,-1.66,-0.09
2022-08-04,5.34,5.44,5.44,5.32,121015.0,65192076.0,600854,1.87,0.1
2022-08-05,5.4,5.49,5.5,5.35,125352.0,67953088.0,600854,0.92,0.05
2022-08-08,5.47,5.51,5.53,5.41,95190.0,52248700.0,600854,0.36,0.02
2022-08-09,5.51,5.48,5.57,5.46,104922.0,57853080.0,600854,-0.54,-0.03
2022-08-10,5.45,5.4,5.49,5.36,108566.0,58567472.0,600854,-1.46,-0.08
2022-08-11,5.4,5.54,5.6,5.39,162712.0,89748624.0,600854,2.59,0.14
2022-08-12,5.54,5.53,5.59,5.5,96888.0,53668008.0,600854,-0.18,-0.01
2022-08-15,5.63,5.57,5.63,5.5,103276.0,57329120.0,600854,0.72,0.04
2022-08-16,5.57,5.61,5.65,5.54,121638.0,68203688.0,600854,0.72,0.04
2022-08-17,5.6,5.65,5.71,5.6,107896.0,61042024.0,600854,0.71,0.04
2022-08-18,5.63,5.68,5.81,5.62,154581.0,88533608.0,600854,0.53,0.03
2022-08-19,5.68,5.59,5.7,5.58,110920.0,62378144.0,600854,-1.58,-0.09
2022-08-22,5.57,5.66,5.67,5.55,92614.0,52144544.0,600854,1.25,0.07
2022-08-23,5.63,5.74,5.75,5.63,99317.0,56639112.0,600854,1.41,0.08
2022-08-24,5.74,5.59,5.76,5.56,122305.0,68864984.0,600854,-2.61,-0.15
2022-08-25,5.59,5.62,5.64,5.41,126171.0,69887392.0,600854,0.54,0.03
2022-08-26,5.7,5.5,5.78,5.45,219858.0,123353496.0,600854,-2.14,-0.12
2022-08-29,5.34,5.55,5.59,5.33,136145.0,74783696.0,600854,0.91,0.05
2022-08-30,5.55,5.48,5.62,5.45,90276.0,49956216.0,600854,-1.26,-0.07
2022-08-31,5.46,5.3,5.5,5.28,114598.0,61387944.0,600854,-3.28,-0.18
2022-09-01,5.29,5.27,5.38,5.25,91793.0,48729428.0,600854,-0.57,-0.03
2022-09-02,5.29,5.38,5.39,5.25,96275.0,51446436.0,600854,2.09,0.11
2022-09-05,5.33,5.41,5.42,5.32,69994.0,37707616.0,600854,0.56,0.03
2022-09-06,5.41,5.48,5.48,5.39,60890.0,33100584.0,600854,1.29,0.07
2022-09-07,5.44,5.43,5.48,5.41,61242.0,33328884.0,600854,-0.91,-0.05
2022-09-08,5.42,5.3,5.44,5.29,67600.0,36161444.0,600854,-2.39,-0.13
2022-09-09,5.3,5.32,5.35,5.26,52944.0,28100564.0,600854,0.38,0.02
2022-09-13,5.32,5.33,5.35,5.28,64405.0,34178992.0,600854,0.19,0.01
2022-09-14,5.26,5.26,5.3,5.22,66881.0,35155528.0,600854,-1.31,-0.07
2022-09-15,5.27,5.11,5.29,5.06,97642.0,50360564.0,600854,-2.85,-0.15
2022-09-16,5.09,4.96,5.13,4.96,7141400.0,35951143.0,600854,-2.94,-0.15
2022-09-19,4.93,4.91,4.96,4.87,5938100.0,29149569.0,600854,-1.01,-0.05
2022-09-20,4.92,5.0,5.01,4.92,50681.0,25268304.0,600854,1.83,0.09
2022-09-21,4.98,5.06,5.07,4.93,55320.0,27715656.0,600854,1.2,0.06
2022-09-22,5.02,5.0,5.08,5.0,41032.0,20688506.0,600854,-1.19,-0.06
2022-09-23,5.0,4.89,5.04,4.87,52735.0,26036312.0,600854,-2.2,-0.11
2022-09-26,4.93,4.81,4.93,4.79,54064.0,26276204.0,600854,-1.64,-0.08
2022-09-27,4.83,4.95,4.97,4.79,64123.0,31310368.0,600854,2.91,0.14
2022-09-28,4.93,4.89,4.98,4.89,54573.0,,600854,-1.21,-0.06
2022-09-29,4.93,4.77,4.96,4.75,48593.0,,600854,-2.45,-0.12
2022-09-30,4.78,4.71,4.81,4.66,42654.0,,600854,-1.26,-0.06
2022-10-10,4.72,4.61,4.78,4.6,5831401.0,27243165.0,600854,-2.12,-0.1
2022-10-11,4.61,4.68,4.7,4.55,4398301.0,20391678.0,600854,1.52,0.07
2022-10-12,4.68,4.75,4.75,4.54,6678023.0,31068706.0,600854,1.5,0.07
2022-10-13,4.74,4.72,4.79,4.7,5063065.0,24030676.0,600854,-0.63,-0.03
2022-10-14,4.75,4.82,4.86,4.75,5867584.0,28266338.0,600854,2.12,0.1
2022-10-17,4.78,4.9,4.91,4.78,4534410.0,22025877.0,600854,1.66,0.08
2022-10-18,4.89,4.84,4.92,4.83,4507800.0,21961580.0,600854,-1.22,-0.06
2022-10-19,4.83,4.8,4.88,4.8,4144543.0,20022948.0,600854,-0.83,-0.04
2022-10-20,4.78,4.74,4.83,4.73,4627100.0,22087638.0,600854,-1.25,-0.06
2022-10-21,4.76,4.75,4.82,4.71,3698800.0,17589342.0,600854,0.21,0.01
2022-10-24,4.76,4.59,4.77,4.56,7303460.0,34042139.0,600854,-3.37,-0.16
2022-10-25,4.54,4.56,4.61,4.5,5347600.0,24318540.0,600854,-0.65,-0.03
2022-10-26,4.58,4.64,4.69,4.56,6096543.0,28303067.0,600854,1.75,0.08
2022-10-27,4.69,4.68,4.73,4.65,5432600.0,25489791.0,600854,0.86,0.04
2022-10-28,4.71,4.48,4.72,4.45,5386200.0,24566052.0,600854,-4.27,-0.2
2022-10-31,4.38,4.44,4.52,4.35,8848491.0,39117396.0,600854,-0.89,-0.04
2022-11-01,4.46,4.51,4.52,4.38,8660891.0,38652851.0,600854,1.58,0.07
2022-11-02,4.49,4.58,4.65,4.48,7116300.0,32489607.0,600854,1.55,0.07
2022-11-03,4.55,4.57,4.59,4.51,4848151.0,22104459.0,600854,-0.22,-0.01
2022-11-04,4.55,4.63,4.64,4.55,5778401.0,26641447.0,600854,1.31,0.06
2022-11-07,4.63,4.68,4.69,4.62,51898.0,24176636.0,600854,1.08,0.05
2022-11-08,4.69,4.66,4.71,4.62,47364.0,22013008.0,600854,-0.43,-0.02
2022-11-09,4.66,4.66,4.7,4.64,4033505.0,18819216.0,600854,0.0,0.0
2022-11-10,4.64,4.73,4.74,4.61,7899800.0,37058182.0,600854,1.5,0.07
2022-11-11,4.79,4.77,4.89,4.74,9937317.0,47730896.0,600854,0.85,0.04
2022-11-14,4.81,4.81,4.89,4.77,7637055.0,36901110.0,600854,0.84,0.04
2022-11-15,4.79,4.83,4.85,4.75,5854001.0,28172126.0,600854,0.42,0.02
2022-11-16,4.84,4.83,4.86,4.79,54162.0,26118682.0,600854,0.0,0.0
2022-11-17,4.82,4.84,4.86,4.81,4826801.0,23335409.0,600854,0.21,0.01
2022-11-18,4.85,4.79,4.86,4.74,5880153.0,28247071.0,600854,-1.03,-0.05
2022-11-21,4.77,4.78,4.78,4.68,4011847.0,18994146.0,600854,-0.21,-0.01
2022-11-22,4.78,4.71,4.81,4.69,4829200.0,22909789.0,600854,-1.46,-0.07
2022-11-23,4.72,4.7,4.72,4.61,5025500.0,23469080.0,600854,-0.21,-0.01
2022-11-24,4.71,4.73,4.77,4.69,33052.0,15631175.0,600854,0.64,0.03
2022-11-25,4.72,4.78,4.8,4.7,51900.0,24717528.0,600854,1.06,0.05
2022-11-28,4.77,4.78,4.79,4.7,5073300.0,24079939.0,600854,0.0,0.0
2022-11-29,4.83,4.9,4.95,4.81,9545309.0,46592713.0,600854,2.51,0.12
2022-11-30,4.91,4.86,4.95,4.86,5070511.0,24813401.0,600854,-0.82,-0.04
2022-12-01,4.89,4.89,4.91,4.85,6408900.0,31291894.0,600854,0.62,0.03
2022-12-02,4.88,4.94,4.95,4.86,5989400.0,29450062.0,600854,1.02,0.05
2022-12-05,4.96,4.99,5.0,4.94,5596500.0,27773048.0,600854,1.01,0.05
2022-12-06,4.99,4.93,4.99,4.9,7301790.0,36041163.0,600854,-1.2,-0.06
2022-12-07,4.92,4.93,4.94,4.87,4706700.0,23100964.0,600854,0.0,0.0
2022-12-08,4.94,4.97,4.97,4.89,43411.0,21449688.0,600854,0.81,0.04
2022-12-09,4.98,4.99,5.01,4.92,63471.0,31538208.0,600854,0.4,0.02
2022-12-12,4.96,4.87,4.99,4.86,51625.0,25308370.0,600854,-2.4,-0.12
2022-12-13,4.88,4.95,4.97,4.87,47613.0,23471064.0,600854,1.64,0.08
2022-12-14,4.96,4.97,4.99,4.95,4040400.0,20064051.0,600854,0.4,0.02
2022-12-15,4.97,4.92,4.98,4.9,4019700.0,19801068.0,600854,-1.01,-0.05
2022-12-16,4.9,4.85,4.92,4.84,2905000.0,14154716.0,600854,-1.42,-0.07
2022-12-19,4.87,4.73,4.91,4.72,4730800.0,22597670.0,600854,-2.47,-0.12
2022-12-20,4.7,4.77,4.81,4.65,3894201.0,18529521.0,600854,0.85,0.04
2022-12-21,4.8,4.72,4.8,4.69,2949400.0,13983072.0,600854,-1.05,-0.05
2022-12-22,4.71,4.64,4.77,4.61,3693501.0,17283922.0,600854,-1.7,-0.08
2022-12-23,4.62,4.62,4.68,4.57,3053700.0,14125383.0,600854,-0.43,-0.02
2022-12-26,4.62,4.62,4.68,4.6,2750941.0,12745867.0,600854,0.0,0.0
2022-12-27,4.66,4.63,4.66,4.61,2892000.0,13400667.0,600854,0.22,0.01
2022-12-28,4.62,4.55,4.63,4.53,34800.0,15887839.0,600854,-1.73,-0.08
2022-12-29,4.53,4.49,4.55,4.48,31353.0,14138253.0,600854,-1.32,-0.06
2022-12-30,4.46,4.54,4.54,4.46,2468300.0,11136604.0,600854,1.11,0.05
2023-01-03,4.54,4.63,4.65,4.51,3787900.0,17456213.0,600854,1.98,0.09
2023-01-04,4.61,4.67,4.73,4.61,4087400.0,19131626.0,600854,0.86,0.04
2023-01-05,4.69,4.64,4.69,4.62,2940379.0,13663892.0,600854,-0.64,-0.03
2023-01-06,4.65,4.63,4.66,4.61,2645800.0,12271272.0,600854,-0.22,-0.01
2023-01-09,4.64,4.64,4.66,4.62,2889300.0,13399995.0,600854,0.22,0.01
2023-01-10,4.64,4.59,4.65,4.59,2766600.0,12757305.0,600854,-1.08,-0.05
2023-01-11,4.61,4.56,4.62,4.55,32423.0,14883888.0,600854,-0.65,-0.03
2023-01-12,4.56,4.52,4.57,4.5,2738200.0,12407571.0,600854,-0.88,-0.04
