date,open,close,high,low,vol,amount,code,pchange,change
2010-02-23,19.2,22.14,25.0,19.12,636720.0,1326472192.0,601678,,
2010-02-24,20.85,22.44,23.22,20.5,410572.0,888445056.0,601678,1.36,0.3
2010-02-25,22.24,22.19,22.88,21.83,308911.0,690631552.0,601678,-1.11,-0.25
2010-02-26,21.85,21.32,21.99,21.3,203112.0,439150752.0,601678,-3.92,-0.87
2010-03-01,21.15,22.19,22.25,21.11,163662.0,356543680.0,601678,4.08,0.87
2010-03-02,22.58,22.59,23.1,22.31,242397.0,549288384.0,601678,1.8,0.4
2010-03-03,22.59,22.35,22.59,21.91,124931.0,277015744.0,601678,-1.06,-0.24
2010-03-04,22.38,21.5,22.68,21.47,127961.0,280495168.0,601678,-3.8,-0.85
2010-03-05,21.69,21.91,22.37,21.38,114015.0,250164096.0,601678,1.91,0.41
2010-03-08,21.8,21.81,22.2,21.7,69510.0,152361456.0,601678,-0.46,-0.1
2010-03-09,21.81,21.45,21.81,21.2,69443.0,148748128.0,601678,-1.65,-0.36
2010-03-10,21.49,21.0,21.63,20.9,60101.0,127390408.0,601678,-2.1,-0.45
2010-03-11,21.23,21.55,21.56,20.85,71227.0,151724608.0,601678,2.62,0.55
2010-03-12,21.48,21.14,21.59,21.04,56437.0,120117112.0,601678,-1.9,-0.41
2010-03-15,21.01,20.58,21.15,20.52,51841.0,107613240.0,601678,-2.65,-0.56
2010-03-16,20.36,20.5,20.71,20.23,39269.0,80246544.0,601678,-0.39,-0.08
2010-03-17,20.53,21.04,21.07,20.52,53832.0,112064400.0,601678,2.63,0.54
2010-03-18,21.1,21.61,21.87,21.01,100247.0,216641184.0,601678,2.71,0.57
2010-03-19,21.68,22.29,22.35,21.36,129483.0,285320480.0,601678,3.15,0.68
2010-03-22,22.2,22.38,22.71,21.91,121470.0,271080000.0,601678,0.4,0.09
2010-03-23,22.4,22.05,22.42,21.89,72299.0,159551744.0,601678,-1.47,-0.33
2010-03-25,22.31,22.12,22.99,22.03,116680.0,262162688.0,601678,0.32,0.07
2010-03-26,21.9,21.99,22.2,21.6,54593.0,119611600.0,601678,-0.59,-0.13
2010-03-29,22.08,22.52,22.59,21.83,95275.0,212036288.0,601678,2.41,0.53
2010-03-30,22.4,22.54,22.83,22.21,78492.0,176740416.0,601678,0.09,0.02
2010-03-31,22.5,23.3,23.54,22.45,154195.0,356205440.0,601678,3.37,0.76
2010-04-01,23.25,23.62,24.2,23.08,130234.0,307002912.0,601678,1.37,0.32
2010-04-02,23.51,23.49,23.94,23.4,85457.0,201582464.0,601678,-0.55,-0.13
2010-04-06,23.58,24.04,24.39,23.58,82648.0,198178640.0,601678,2.34,0.55
2010-04-07,23.97,24.72,24.95,23.71,112343.0,272977536.0,601678,2.83,0.68
2010-04-08,24.7,23.72,24.9,23.68,95442.0,231987920.0,601678,-4.05,-1.0
2010-04-09,23.7,23.72,23.97,23.37,75381.0,178335664.0,601678,0.0,0.0
2010-04-12,23.75,23.04,24.08,22.98,85531.0,199730784.0,601678,-2.87,-0.68
2010-04-13,23.09,22.58,23.28,22.0,82345.0,186891200.0,601678,-2.0,-0.46
2010-04-14,22.58,23.3,23.36,22.41,48344.0,111076880.0,601678,3.19,0.72
2010-04-15,23.11,22.5,23.3,22.16,53922.0,122453152.0,601678,-3.43,-0.8
2010-04-16,22.32,22.71,22.84,22.3,29682.0,67211488.0,601678,0.93,0.21
2010-04-19,22.58,21.89,23.0,21.85,61389.0,137773472.0,601678,-3.61,-0.82
2010-04-20,22.0,22.25,22.36,21.76,45228.0,99915536.0,601678,1.64,0.36
2010-04-21,22.18,22.68,22.79,21.9,57317.0,128002160.0,601678,1.93,0.43
2010-04-22,22.45,23.42,23.56,22.38,86259.0,199781280.0,601678,3.26,0.74
2010-04-23,23.48,23.07,23.48,22.99,45233.0,104805552.0,601678,-1.49,-0.35
2010-04-26,23.29,22.86,23.29,22.81,33625.0,77420584.0,601678,-0.91,-0.21
2010-04-27,22.81,22.0,22.82,21.4,56069.0,122924304.0,601678,-3.76,-0.86
2010-04-28,21.61,21.65,22.07,21.42,27050.0,58681180.0,601678,-1.59,-0.35
2010-04-29,21.78,21.08,21.98,21.0,28485.0,61409620.0,601678,-2.63,-0.57
2010-04-30,20.98,21.28,21.44,20.45,26338.0,54889356.0,601678,0.95,0.2
2010-05-04,20.95,21.3,21.45,20.55,15999.0,33805328.0,601678,0.09,0.02
2010-05-05,21.29,21.74,21.83,20.96,24402.0,52601908.0,601678,2.07,0.44
2010-05-06,21.7,20.7,21.82,20.68,27545.0,58766996.0,601678,-4.78,-1.04
2010-05-07,20.2,19.1,20.7,19.0,81009.0,159748320.0,601678,-7.73,-1.6
2010-05-10,19.2,18.5,19.35,17.95,38139.0,71137640.0,601678,-3.14,-0.6
2010-05-11,19.0,18.21,19.15,18.04,26619.0,49491392.0,601678,-1.57,-0.29
2010-05-12,18.21,18.22,18.39,17.51,24220.0,43779660.0,601678,0.05,0.01
2010-05-13,18.25,18.66,18.71,17.98,25630.0,47209720.0,601678,2.41,0.44
2010-05-14,18.56,18.5,18.7,18.35,19559.0,36261384.0,601678,-0.86,-0.16
2010-05-17,18.35,17.39,18.44,17.36,26089.0,46459648.0,601678,-6.0,-1.11
2010-05-18,17.3,17.52,17.65,16.8,26373.0,45395184.0,601678,0.75,0.13
2010-05-19,17.27,17.61,17.93,17.2,19972.0,35226912.0,601678,0.51,0.09
2010-05-20,17.5,16.95,17.79,16.89,21164.0,36643920.0,601678,-3.75,-0.66
2010-05-21,16.3,17.2,17.21,16.0,22546.0,37787908.0,601678,1.47,0.25
2010-05-24,17.43,18.03,18.07,17.3,95949.0,170328048.0,601678,4.83,0.83
2010-05-25,17.8,17.65,17.87,17.35,45611.0,80507320.0,601678,-2.11,-0.38
2010-05-26,17.65,17.54,17.8,17.48,26806.0,47195960.0,601678,-0.62,-0.11
2010-05-27,17.55,17.93,18.06,17.36,39395.0,69866184.0,601678,2.22,0.39
2010-05-28,18.14,17.92,18.2,17.76,37813.0,68084088.0,601678,-0.06,-0.01
2010-05-31,17.95,17.21,17.95,17.17,29931.0,52702744.0,601678,-3.96,-0.71
2010-06-01,17.19,16.68,17.21,16.28,28835.0,48196732.0,601678,-3.08,-0.53
2010-06-02,16.47,16.78,16.8,16.16,22267.0,36763708.0,601678,0.6,0.1
2010-06-03,16.93,16.45,16.95,16.41,26297.0,44037060.0,601678,-1.97,-0.33
2010-06-04,16.3,16.54,16.58,16.22,18740.0,30771798.0,601678,0.55,0.09
2010-06-07,16.02,16.34,16.4,16.0,28700.0,46546640.0,601678,-1.21,-0.2
2010-06-08,16.43,16.68,16.75,16.31,39115.0,64847464.0,601678,2.08,0.34
2010-06-09,16.81,17.06,17.16,16.4,54546.0,91452592.0,601678,2.28,0.38
2010-06-10,16.9,16.84,17.08,16.73,33616.0,56848656.0,601678,-1.29,-0.22
2010-06-11,16.99,17.11,17.43,16.96,41367.0,70980000.0,601678,1.6,0.27
2010-06-17,17.21,16.75,17.39,16.73,24821.0,42272740.0,601678,-2.1,-0.36
2010-06-18,16.75,16.19,16.78,16.06,30922.0,50733300.0,601678,-3.34,-0.56
2010-06-21,16.19,16.84,16.99,16.13,34857.0,57974800.0,601678,4.01,0.65
2010-06-22,16.8,16.99,17.05,16.76,30893.0,52337520.0,601678,0.89,0.15
2010-06-23,16.9,16.52,16.9,16.23,33874.0,55996308.0,601678,-2.77,-0.47
2010-06-24,16.49,16.57,16.74,16.41,18035.0,29878270.0,601678,0.3,0.05
2010-06-25,16.52,16.41,16.58,16.28,13890.0,22808726.0,601678,-0.97,-0.16
2010-06-28,16.62,17.03,17.09,16.45,55030.0,92660048.0,601678,3.78,0.62
2010-06-29,17.0,16.58,17.1,16.11,42925.0,71131680.0,601678,-2.64,-0.45
2010-06-30,16.3,16.11,16.67,15.62,40746.0,65562580.0,601678,-2.83,-0.47
2010-07-01,16.06,15.72,16.2,15.68,23102.0,36858912.0,601678,-2.42,-0.39
2010-07-02,15.67,15.46,15.88,15.12,34940.0,54067056.0,601678,-1.65,-0.26
2010-07-05,15.2,15.39,15.58,14.95,25035.0,38100456.0,601678,-0.45,-0.07
2010-07-06,15.29,16.13,16.2,15.29,43298.0,68398264.0,601678,4.81,0.74
2010-07-07,16.1,16.3,16.45,15.85,37392.0,60242412.0,601678,1.05,0.17
2010-07-08,16.27,15.98,16.29,15.94,23852.0,38324764.0,601678,-1.96,-0.32
2010-07-09,15.91,16.46,16.55,15.9,51654.0,84295256.0,601678,3.0,0.48
2010-07-12,16.44,16.59,16.69,16.26,45759.0,75462328.0,601678,0.79,0.13
2010-07-13,16.5,16.21,16.5,16.08,27756.0,45093040.0,601678,-2.29,-0.38
2010-07-14,16.22,16.77,17.02,16.22,61580.0,102940800.0,601678,3.45,0.56
2010-07-15,16.77,17.32,17.7,16.6,102180.0,176269200.0,601678,3.28,0.55
2010-07-16,17.25,17.81,17.86,16.75,108497.0,189188000.0,601678,2.83,0.49
2010-07-19,17.5,18.2,18.23,17.16,120545.0,213049552.0,601678,2.19,0.39
2010-07-20,17.66,17.94,18.28,17.56,144737.0,258978672.0,601678,-1.43,-0.26
2010-07-21,17.88,17.71,18.1,17.55,87325.0,155769840.0,601678,-1.28,-0.23
2010-07-23,17.94,17.75,18.0,17.47,61286.0,108841616.0,601678,0.23,0.04
2010-07-26,17.75,18.15,18.23,17.65,61820.0,111106152.0,601678,2.25,0.4
2010-07-27,18.05,17.86,18.15,17.78,39433.0,70746080.0,601678,-1.6,-0.29
2010-07-28,17.92,18.42,18.5,17.8,80853.0,148100704.0,601678,3.14,0.56
2010-07-29,18.47,18.34,18.48,18.1,56109.0,102582008.0,601678,-0.43,-0.08
2010-07-30,18.25,18.51,18.59,18.18,52282.0,96194768.0,601678,0.93,0.17
2010-08-02,18.5,18.57,18.75,18.39,51853.0,96330048.0,601678,0.32,0.06
2010-08-03,18.59,17.86,18.69,17.83,70480.0,128421512.0,601678,-3.82,-0.71
2010-08-04,17.81,18.05,18.1,17.58,42990.0,76618056.0,601678,1.06,0.19
2010-08-05,18.02,17.8,18.11,17.62,46326.0,82573296.0,601678,-1.39,-0.25
2010-08-06,17.74,18.23,18.27,17.7,46069.0,83223272.0,601678,2.42,0.43
2010-08-09,18.2,18.46,18.54,18.16,61810.0,113294064.0,601678,1.26,0.23
2010-08-10,18.4,17.76,18.64,17.7,62960.0,114600928.0,601678,-3.79,-0.7
2010-08-11,17.7,17.85,17.89,17.3,41234.0,73001584.0,601678,0.51,0.09
2010-08-12,17.61,17.59,18.03,17.51,35379.0,62775848.0,601678,-1.46,-0.26
2010-08-13,17.51,17.9,17.94,17.5,25055.0,44471316.0,601678,1.76,0.31
2010-08-16,17.77,18.25,18.32,17.77,43591.0,79070296.0,601678,1.96,0.35
2010-08-17,18.25,18.43,18.49,18.2,64254.0,117953384.0,601678,0.99,0.18
2010-08-18,18.51,18.86,19.01,18.18,109011.0,203332000.0,601678,2.33,0.43
2010-08-19,18.88,18.75,18.99,18.61,70812.0,133063296.0,601678,-0.58,-0.11
2010-08-20,18.68,18.08,18.88,18.05,57544.0,105980712.0,601678,-3.57,-0.67
2010-08-23,18.14,18.04,18.25,17.91,37391.0,67674888.0,601678,-0.22,-0.04
2010-08-24,18.05,18.21,18.38,17.81,37095.0,67414112.0,601678,0.94,0.17
2010-08-25,18.09,17.72,18.3,17.7,33673.0,60404500.0,601678,-2.69,-0.49
2010-08-26,17.72,17.75,17.95,17.52,25317.0,44890300.0,601678,0.17,0.03
2010-08-27,17.8,18.88,18.95,17.68,89882.0,165836096.0,601678,6.37,1.13
2010-08-30,19.15,19.59,19.97,18.87,137289.0,266708272.0,601678,3.76,0.71
2010-08-31,19.7,19.77,19.85,19.29,97518.0,190761856.0,601678,0.92,0.18
2010-09-01,19.66,19.15,20.2,18.93,96856.0,188968576.0,601678,-3.14,-0.62
2010-09-02,19.45,19.7,19.99,19.38,75990.0,149536992.0,601678,2.87,0.55
2010-09-03,19.6,19.43,19.86,19.27,53324.0,104309704.0,601678,-1.37,-0.27
2010-09-06,19.51,19.62,19.9,19.1,53535.0,104960680.0,601678,0.98,0.19
2010-09-07,19.65,19.84,19.98,19.55,45444.0,89823704.0,601678,1.12,0.22
2010-09-08,19.71,20.0,20.16,19.61,57911.0,115756520.0,601678,0.81,0.16
2010-09-09,20.19,19.36,20.39,19.0,69520.0,137792320.0,601678,-3.2,-0.64
2010-09-10,19.35,19.47,19.57,18.97,49426.0,95112232.0,601678,0.57,0.11
2010-09-13,19.57,19.77,19.9,19.21,39028.0,76618016.0,601678,1.54,0.3
2010-09-14,19.82,19.57,19.88,19.5,31175.0,61222608.0,601678,-1.01,-0.2
2010-09-15,19.59,19.07,19.68,18.95,36602.0,70438936.0,601678,-2.55,-0.5
2010-09-16,19.18,18.49,19.19,18.34,37544.0,69957752.0,601678,-3.04,-0.58
2010-09-17,18.65,18.34,18.75,18.25,23586.0,43649464.0,601678,-0.81,-0.15
2010-09-20,18.42,18.0,18.5,17.99,31798.0,57757952.0,601678,-1.85,-0.34
2010-09-21,18.1,18.18,18.22,17.91,13707.0,24812914.0,601678,1.0,0.18
2010-09-27,18.22,18.62,18.72,18.22,22177.0,41076752.0,601678,2.42,0.44
2010-09-28,18.73,18.34,18.76,18.18,20510.0,37679136.0,601678,-1.5,-0.28
2010-09-29,18.5,17.96,18.58,17.94,30213.0,55001696.0,601678,-2.07,-0.38
2010-09-30,17.95,18.15,18.22,17.82,21007.0,38004744.0,601678,1.06,0.19
2010-10-08,18.33,18.77,18.82,18.18,35865.0,66825168.0,601678,3.42,0.62
2010-10-11,18.8,19.06,19.35,18.78,47332.0,90430000.0,601678,1.55,0.29
2010-10-12,19.1,19.38,19.46,18.88,46938.0,90252168.0,601678,1.68,0.32
2010-10-13,19.39,19.23,19.57,18.95,47518.0,91219176.0,601678,-0.77,-0.15
2010-10-14,19.39,18.86,19.43,18.72,48623.0,92867488.0,601678,-1.92,-0.37
2010-10-15,18.45,18.72,18.8,18.2,58932.0,108845432.0,601678,-0.74,-0.14
2010-10-18,18.8,19.46,19.84,18.3,98141.0,189008928.0,601678,3.95,0.74
2010-10-19,19.33,19.66,19.79,19.33,70270.0,137550048.0,601678,1.03,0.2
2010-10-20,19.2,19.35,19.55,19.04,72368.0,139597520.0,601678,-1.58,-0.31
2010-10-21,19.37,20.13,20.3,19.35,117787.0,235162832.0,601678,4.03,0.78
2010-10-22,20.39,20.18,20.5,19.98,104975.0,212468688.0,601678,0.25,0.05
2010-10-25,20.3,22.01,22.2,20.3,183560.0,394274976.0,601678,9.07,1.83
2010-10-26,22.01,21.81,22.36,21.53,115464.0,253633856.0,601678,-0.91,-0.2
2010-10-27,21.81,21.27,21.84,20.98,69364.0,147967936.0,601678,-2.48,-0.54
2010-10-28,21.0,21.08,21.56,20.8,59218.0,125098720.0,601678,-0.89,-0.19
2010-10-29,21.18,21.09,21.45,20.98,44251.0,93945160.0,601678,0.05,0.01
2010-11-01,21.15,21.79,21.8,21.0,101019.0,215069456.0,601678,3.32,0.7
2010-11-02,21.82,22.13,22.91,21.82,115547.0,258448912.0,601678,1.56,0.34
2010-11-03,22.16,21.96,22.78,21.8,67478.0,149630880.0,601678,-0.77,-0.17
2010-11-04,22.0,22.26,22.28,21.62,46634.0,102328576.0,601678,1.37,0.3
2010-11-05,22.55,22.67,22.8,22.15,72482.0,163285376.0,601678,1.84,0.41
2010-11-08,22.94,23.5,23.69,22.78,80713.0,187977264.0,601678,3.66,0.83
2010-11-09,23.15,23.23,23.65,22.9,73370.0,170652560.0,601678,-1.15,-0.27
2010-11-10,23.22,22.93,23.23,22.35,62692.0,142651120.0,601678,-1.29,-0.3
2010-11-11,22.55,22.72,23.18,22.53,73085.0,167206096.0,601678,-0.92,-0.21
2010-11-12,22.72,20.68,22.8,20.45,73552.0,159829824.0,601678,-8.98,-2.04
2010-11-15,20.92,21.24,21.95,20.25,75162.0,158059744.0,601678,2.71,0.56
2010-11-16,21.26,20.91,21.62,20.68,54991.0,116082560.0,601678,-1.55,-0.33
2010-11-17,20.6,20.11,21.2,19.98,33757.0,69188560.0,601678,-3.83,-0.8
2010-11-18,20.14,20.2,20.5,19.88,20337.0,41022316.0,601678,0.45,0.09
2010-11-19,20.46,20.57,20.69,19.91,23146.0,46927492.0,601678,1.83,0.37
2010-11-22,20.38,20.57,20.9,20.24,40086.0,82953800.0,601678,0.0,0.0
2010-11-23,20.56,20.14,20.56,19.77,22682.0,45453976.0,601678,-2.09,-0.43
2010-11-24,19.82,20.49,20.56,19.8,29939.0,60918312.0,601678,1.74,0.35
2010-11-25,20.5,20.83,21.19,20.47,36374.0,76007632.0,601678,1.66,0.34
2010-11-26,20.83,21.2,21.39,20.68,50175.0,105763680.0,601678,1.78,0.37
2010-11-29,21.0,20.99,21.2,20.7,30216.0,63201928.0,601678,-0.99,-0.21
2010-11-30,20.98,20.24,21.08,19.31,37997.0,76681104.0,601678,-3.57,-0.75
2010-12-01,20.48,20.01,20.48,19.85,13784.0,27624826.0,601678,-1.14,-0.23
2010-12-02,20.55,20.08,20.55,19.5,22778.0,45819448.0,601678,0.35,0.07
2010-12-03,19.84,20.09,20.3,19.48,34559.0,68278704.0,601678,0.05,0.01
2010-12-06,20.2,19.79,20.23,19.6,19726.0,39045040.0,601678,-1.49,-0.3
2010-12-07,19.86,20.0,20.07,19.6,15323.0,30374290.0,601678,1.06,0.21
2010-12-08,20.07,19.82,20.11,19.8,14116.0,28179122.0,601678,-0.9,-0.18
2010-12-09,19.8,19.52,19.8,19.31,15106.0,29523916.0,601678,-1.51,-0.3
2010-12-10,19.48,19.72,19.76,19.38,9257.0,18177018.0,601678,1.02,0.2
2010-12-13,19.85,20.23,20.32,19.84,27723.0,55802880.0,601678,2.59,0.51
2010-12-14,20.32,20.48,20.63,20.13,26124.0,53302772.0,601678,1.24,0.25
2010-12-15,20.68,20.59,20.68,20.29,56949.0,116331976.0,601678,0.54,0.11
2010-12-16,20.45,20.33,20.51,20.26,21769.0,44396756.0,601678,-1.26,-0.26
2010-12-17,20.39,20.41,20.55,20.2,15091.0,30674414.0,601678,0.39,0.08
2010-12-20,20.58,19.82,20.65,19.65,26482.0,53199376.0,601678,-2.89,-0.59
2010-12-21,19.86,20.08,20.14,19.69,18105.0,36096528.0,601678,1.31,0.26
2010-12-22,20.09,20.15,20.48,19.96,18379.0,37182264.0,601678,0.35,0.07
2010-12-23,20.0,19.89,20.35,19.81,11403.0,22845420.0,601678,-1.29,-0.26
2010-12-24,19.81,19.41,19.9,19.4,17830.0,34783024.0,601678,-2.41,-0.48
2010-12-27,19.33,18.97,19.64,18.7,20105.0,38640356.0,601678,-2.27,-0.44
2010-12-28,18.97,18.41,19.2,18.36,13079.0,24251702.0,601678,-2.95,-0.56
2010-12-29,18.6,18.53,18.73,18.37,11624.0,21491476.0,601678,0.65,0.12
2010-12-30,18.74,18.52,18.74,18.41,19682.0,36486168.0,601678,-0.05,-0.01
2010-12-31,18.52,19.01,19.02,18.47,24113.0,45330752.0,601678,2.65,0.49
2011-01-04,20.3,20.91,20.91,20.06,113078.0,234453088.0,601678,9.99,1.9
2011-01-05,21.05,21.22,21.36,20.7,109145.0,229776512.0,601678,1.48,0.31
2011-01-06,21.1,21.1,21.58,21.0,50842.0,108137344.0,601678,-0.57,-0.12
2011-01-07,21.0,21.14,21.44,20.85,44251.0,93425936.0,601678,0.19,0.04
2011-01-10,21.38,21.61,22.2,21.16,81517.0,177455856.0,601678,2.22,0.47
2011-01-11,21.88,21.76,21.88,21.0,41515.0,88565776.0,601678,0.69,0.15
2011-01-12,21.6,21.99,22.19,21.56,57552.0,126198608.0,601678,1.06,0.23
2011-01-13,22.02,21.86,22.37,21.67,69586.0,153939408.0,601678,-0.59,-0.13
2011-01-14,21.6,21.85,22.2,21.54,61513.0,134564080.0,601678,-0.05,-0.01
2011-01-17,21.7,21.03,22.2,20.8,63249.0,136111008.0,601678,-3.75,-0.82
2011-01-18,20.95,20.17,21.35,19.81,58131.0,118494656.0,601678,-4.09,-0.86
2011-01-19,20.02,21.47,21.58,20.02,63637.0,132166448.0,601678,6.45,1.3
2011-01-20,21.8,22.17,23.0,21.33,125875.0,279044160.0,601678,3.26,0.7
2011-01-21,22.18,23.6,23.68,21.82,184223.0,423690368.0,601678,6.45,1.43
2011-01-24,22.41,21.24,22.75,21.24,117756.0,256383088.0,601678,-10.0,-2.36
2011-01-25,20.07,19.18,20.46,19.12,113289.0,219384880.0,601678,-9.7,-2.06
2011-01-26,19.1,19.23,19.47,19.03,70398.0,135348272.0,601678,0.26,0.05
2011-01-27,19.06,19.43,19.69,18.6,75467.0,144856256.0,601678,1.04,0.2
2011-01-28,19.3,20.03,20.27,19.23,68125.0,134595024.0,601678,3.09,0.6
2011-01-31,19.91,19.99,20.14,19.52,54712.0,108520040.0,601678,-0.2,-0.04
2011-02-01,20.0,19.89,20.28,19.8,45510.0,91122328.0,601678,-0.5,-0.1
2011-02-09,19.59,19.69,20.05,19.52,47098.0,93065808.0,601678,-1.01,-0.2
2011-02-10,19.6,20.51,20.6,19.52,73225.0,148000512.0,601678,4.16,0.82
2011-02-11,20.5,20.93,21.05,20.41,75977.0,157891824.0,601678,2.05,0.42
2011-02-14,21.0,21.23,21.45,20.7,81030.0,171180400.0,601678,1.43,0.3
2011-02-15,21.28,21.07,21.75,21.0,73211.0,156632816.0,601678,-0.75,-0.16
2011-02-16,21.0,21.82,21.9,21.0,69969.0,151414752.0,601678,3.56,0.75
2011-02-17,21.82,21.79,21.89,21.42,68915.0,149426112.0,601678,-0.14,-0.03
2011-02-18,21.68,21.14,21.68,21.08,52502.0,111980072.0,601678,-2.98,-0.65
2011-02-21,21.07,22.35,22.47,21.07,98624.0,217187968.0,601678,5.72,1.21
2011-02-23,21.88,24.59,24.59,21.88,364796.0,887689600.0,601678,10.02,2.24
2011-02-24,25.05,25.54,26.2,24.88,368100.0,937315328.0,601678,3.86,0.95
2011-02-25,26.6,26.01,26.99,25.73,215161.0,564258560.0,601678,1.84,0.47
2011-02-28,25.93,27.0,27.6,25.77,184746.0,494959360.0,601678,3.81,0.99
2011-03-01,27.0,26.63,27.5,26.28,129004.0,346148928.0,601678,-1.37,-0.37
2011-03-02,26.36,26.86,27.69,26.21,107638.0,290277984.0,601678,0.86,0.23
2011-03-03,26.98,26.2,27.12,25.66,117137.0,307905152.0,601678,-2.46,-0.66
2011-03-04,26.22,26.51,26.67,25.63,77216.0,202984928.0,601678,1.18,0.31
2011-03-07,26.51,28.18,28.21,26.01,124705.0,342768576.0,601678,6.3,1.67
2011-03-08,28.0,27.94,28.18,27.38,105077.0,290753952.0,601678,-0.85,-0.24
2011-03-09,27.86,30.73,30.73,27.41,274851.0,809099392.0,601678,9.99,2.79
2011-03-10,20.3,22.27,22.38,19.63,411444.0,849982272.0,601678,-27.53,-8.46
2011-03-11,20.66,20.36,21.77,20.05,497310.0,1042690880.0,601678,-8.58,-1.91
2011-03-14,20.36,20.47,21.45,20.15,326635.0,678488768.0,601678,0.54,0.11
2011-03-15,20.51,21.4,21.88,20.51,356544.0,754128640.0,601678,4.54,0.93
2011-03-16,21.48,20.98,22.2,20.59,232002.0,490546752.0,601678,-1.96,-0.42
2011-03-17,20.68,20.07,20.68,19.8,161038.0,325100960.0,601678,-4.34,-0.91
2011-03-18,20.37,19.95,20.48,19.35,135879.0,269115936.0,601678,-0.6,-0.12
2011-03-21,19.95,19.5,19.96,19.2,81072.0,157888864.0,601678,-2.26,-0.45
2011-03-22,19.63,20.0,20.02,19.18,125199.0,245352528.0,601678,2.56,0.5
2011-03-23,20.07,20.21,20.39,19.51,138622.0,276954112.0,601678,1.05,0.21
2011-03-24,20.0,19.84,20.15,19.81,89535.0,178617184.0,601678,-1.83,-0.37
2011-03-25,19.8,20.18,20.38,19.63,125493.0,253144080.0,601678,1.71,0.34
2011-03-28,20.14,20.88,21.14,19.86,187280.0,387327680.0,601678,3.47,0.7
2011-03-29,20.86,22.47,22.97,20.7,363404.0,800555072.0,601678,7.61,1.59
2011-03-30,22.0,21.76,22.55,21.4,207446.0,454329600.0,601678,-3.16,-0.71
2011-03-31,21.64,20.53,21.79,20.51,115022.0,240979552.0,601678,-5.65,-1.23
2011-04-01,20.09,20.59,21.08,20.09,66372.0,136708800.0,601678,0.29,0.06
2011-04-06,20.72,20.68,21.0,20.15,69485.0,142466992.0,601678,0.44,0.09
2011-04-07,20.58,20.83,21.09,20.31,62078.0,128874936.0,601678,0.73,0.15
2011-04-08,20.81,21.51,21.96,20.72,96186.0,207198896.0,601678,3.26,0.68
2011-04-11,21.8,20.86,21.96,20.76,88484.0,187781344.0,601678,-3.02,-0.65
2011-04-12,20.98,20.56,21.08,20.4,65119.0,134851712.0,601678,-1.44,-0.3
2011-04-13,20.54,20.89,20.98,20.32,57559.0,119743736.0,601678,1.61,0.33
2011-04-14,20.93,20.79,21.0,20.48,59907.0,124255600.0,601678,-0.48,-0.1
2011-04-15,20.8,22.09,22.4,20.4,192902.0,416832544.0,601678,6.25,1.3
2011-04-18,22.18,23.36,24.24,22.18,258834.0,610057216.0,601678,5.75,1.27
2011-04-19,23.11,23.57,24.2,22.88,214213.0,509526112.0,601678,0.9,0.21
2011-04-20,23.57,22.93,23.77,22.2,142833.0,325539872.0,601678,-2.72,-0.64
2011-04-21,22.98,22.72,23.0,22.22,90941.0,205659696.0,601678,-0.92,-0.21
2011-04-22,22.45,22.55,23.32,22.45,71002.0,162009296.0,601678,-0.75,-0.17
2011-04-25,22.58,21.13,22.58,21.01,79478.0,172377264.0,601678,-6.3,-1.42
2011-04-26,21.1,20.76,21.38,20.41,68162.0,141622336.0,601678,-1.75,-0.37
2011-04-27,20.82,20.29,21.15,20.02,59347.0,122011080.0,601678,-2.26,-0.47
2011-04-28,20.35,19.61,20.61,19.58,60647.0,122085696.0,601678,-3.35,-0.68
2011-04-29,19.62,20.19,20.44,19.38,64974.0,130224144.0,601678,2.96,0.58
2011-05-03,20.15,20.93,21.2,19.87,74994.0,155566192.0,601678,3.67,0.74
2011-05-04,20.8,19.81,20.8,19.58,82540.0,166118896.0,601678,-5.35,-1.12
2011-05-05,19.6,19.79,19.86,19.38,44549.0,87160904.0,601678,-0.1,-0.02
2011-05-06,19.5,20.0,20.3,19.01,89890.0,176767296.0,601678,1.06,0.21
2011-05-09,20.17,20.0,20.3,19.72,89797.0,178679312.0,601678,0.0,0.0
2011-05-10,20.05,20.79,21.05,19.92,128019.0,263601552.0,601678,3.95,0.79
2011-05-11,20.8,20.86,21.15,20.34,87595.0,181955024.0,601678,0.34,0.07
2011-05-12,20.65,20.85,21.56,20.4,100705.0,212445104.0,601678,-0.05,-0.01
2011-05-13,20.65,21.31,21.33,20.4,69598.0,145531824.0,601678,2.21,0.46
2011-05-16,21.38,21.35,22.0,21.27,88860.0,192237984.0,601678,0.19,0.04
2011-05-17,21.4,20.05,21.4,20.0,115054.0,235072272.0,601678,-6.09,-1.3
2011-05-18,20.0,20.19,20.3,19.9,52668.0,105652896.0,601678,0.7,0.14
2011-05-19,20.3,20.67,20.76,19.99,70247.0,143668720.0,601678,2.38,0.48
2011-05-20,20.57,20.55,20.9,20.35,55215.0,113883696.0,601678,-0.58,-0.12
2011-05-23,20.23,18.67,20.36,18.52,100642.0,195012912.0,601678,-9.15,-1.88
2011-05-24,18.6,18.69,18.81,18.15,43575.0,80926520.0,601678,0.11,0.02
2011-05-25,18.7,18.52,18.93,18.5,39340.0,73554632.0,601678,-0.91,-0.17
2011-05-26,18.7,18.2,18.88,18.19,65797.0,122319192.0,601678,-1.73,-0.32
2011-05-27,18.0,16.38,18.09,16.38,101585.0,169313584.0,601678,-10.0,-1.82
2011-05-30,16.02,16.19,16.56,15.54,50012.0,80657584.0,601678,-1.16,-0.19
2011-05-31,16.1,16.87,16.92,16.05,47005.0,77835032.0,601678,4.2,0.68
2011-06-01,16.88,16.83,17.08,16.6,41568.0,70295984.0,601678,-0.24,-0.04
2011-06-02,16.42,16.49,16.6,16.1,55135.0,90072424.0,601678,-2.02,-0.34
2011-06-03,16.54,16.8,17.0,16.49,46902.0,78863920.0,601678,1.88,0.31
2011-06-07,16.81,17.0,17.1,16.72,30330.0,51464600.0,601678,1.19,0.2
2011-06-08,17.1,16.89,17.1,16.46,52957.0,88844360.0,601678,-0.65,-0.11
2011-06-09,16.87,16.2,16.87,16.0,63707.0,104349920.0,601678,-4.09,-0.69
2011-06-10,16.22,15.87,16.4,15.53,54442.0,86514656.0,601678,-2.04,-0.33
2011-06-13,15.79,16.14,16.23,15.61,32224.0,51671816.0,601678,1.7,0.27
2011-06-14,16.16,16.97,17.0,16.15,81511.0,135664416.0,601678,5.14,0.83
2011-06-15,16.85,16.7,17.24,16.68,58855.0,99873248.0,601678,-1.59,-0.27
2011-06-16,16.58,16.11,16.58,16.09,40739.0,66332340.0,601678,-3.53,-0.59
2011-06-17,16.08,15.97,16.3,15.8,22824.0,36705876.0,601678,-0.87,-0.14
2011-06-20,15.86,15.39,15.97,15.08,44756.0,69524008.0,601678,-3.63,-0.58
2011-06-21,15.42,15.24,15.65,14.45,122534.0,182169248.0,601678,-0.97,-0.15
2011-06-22,15.12,15.08,15.32,14.75,70600.0,106157992.0,601678,-1.05,-0.16
2011-06-23,15.05,15.74,15.85,14.8,76555.0,117972880.0,601678,4.38,0.66
2011-06-24,15.6,16.39,16.97,15.5,95493.0,155183184.0,601678,4.13,0.65
2011-06-27,16.36,16.98,17.04,16.36,103328.0,173823184.0,601678,3.6,0.59
2011-06-28,17.06,16.79,17.1,16.5,66125.0,110749000.0,601678,-1.12,-0.19
2011-06-29,16.98,17.46,17.85,16.85,120365.0,210063552.0,601678,3.99,0.67
2011-06-30,17.2,17.65,18.1,17.19,89307.0,158396464.0,601678,1.09,0.19
2011-07-01,17.71,17.78,18.18,17.46,73952.0,132133104.0,601678,0.74,0.13
2011-07-04,17.94,18.48,18.52,17.7,75273.0,137809888.0,601678,3.94,0.7
2011-07-05,18.49,18.46,18.9,18.0,85644.0,158857952.0,601678,-0.11,-0.02
2011-07-06,18.4,18.62,18.7,18.23,64049.0,118735112.0,601678,0.87,0.16
2011-07-07,18.64,18.89,19.2,18.62,81086.0,153177984.0,601678,1.45,0.27
2011-07-08,18.89,18.81,19.3,18.66,69763.0,132370120.0,601678,-0.42,-0.08
2011-07-11,18.9,19.4,19.43,18.83,99564.0,189666384.0,601678,3.14,0.59
2011-07-12,19.26,18.73,19.26,18.7,66934.0,127134352.0,601678,-3.45,-0.67
2011-07-13,18.71,19.0,19.04,18.55,47411.0,89625704.0,601678,1.44,0.27
2011-07-14,19.05,18.75,19.12,18.55,70733.0,132619512.0,601678,-1.32,-0.25
2011-07-15,18.74,18.99,19.0,18.41,65836.0,122846008.0,601678,1.28,0.24
2011-07-18,18.96,18.38,18.98,18.21,92462.0,171249296.0,601678,-3.21,-0.61
2011-07-19,18.3,18.35,18.62,18.18,45873.0,84498360.0,601678,-0.16,-0.03
2011-07-20,18.8,18.54,18.98,18.36,93284.0,173620960.0,601678,1.04,0.19
2011-07-21,18.57,17.81,18.58,17.79,64486.0,116590400.0,601678,-3.94,-0.73
2011-07-22,18.0,17.87,18.0,17.73,34861.0,62350208.0,601678,0.34,0.06
2011-07-25,17.75,17.61,18.1,17.4,71905.0,127432016.0,601678,-1.45,-0.26
2011-07-26,17.6,17.15,17.71,16.9,50482.0,86814568.0,601678,-2.61,-0.46
2011-07-27,17.12,18.65,18.87,16.93,144686.0,263109808.0,601678,8.75,1.5
2011-07-28,18.36,18.43,18.75,18.22,68387.0,126359520.0,601678,-1.18,-0.22
2011-07-29,18.44,18.38,18.93,18.23,81482.0,151136112.0,601678,-0.27,-0.05
2011-08-01,18.28,19.08,19.2,18.25,117020.0,220935856.0,601678,3.81,0.7
2011-08-02,19.01,18.79,19.03,18.45,85230.0,159822144.0,601678,-1.52,-0.29
2011-08-03,18.78,18.68,18.85,18.31,65940.0,122670184.0,601678,-0.59,-0.11
2011-08-04,18.69,18.98,19.17,18.6,87278.0,165293952.0,601678,1.61,0.3
2011-08-05,18.25,18.26,18.8,18.0,76843.0,141550080.0,601678,-3.79,-0.72
2011-08-08,17.81,17.04,18.01,16.43,92527.0,158915872.0,601678,-6.68,-1.22
2011-08-09,16.39,17.19,17.3,16.15,74763.0,125881664.0,601678,0.88,0.15
2011-08-10,17.6,17.3,17.86,17.26,79153.0,138897808.0,601678,0.64,0.11
2011-08-11,16.7,17.65,17.79,16.65,47146.0,81715616.0,601678,2.02,0.35
2011-08-12,17.71,18.08,18.4,17.71,60953.0,110526488.0,601678,2.44,0.43
2011-08-15,18.13,18.29,18.33,17.78,70090.0,126310008.0,601678,1.16,0.21
2011-08-16,18.2,17.93,18.39,17.85,61346.0,110784088.0,601678,-1.97,-0.36
2011-08-17,17.88,17.54,18.0,17.49,52729.0,92894504.0,601678,-2.18,-0.39
2011-08-18,17.64,17.15,17.71,16.91,54160.0,93704696.0,601678,-2.22,-0.39
2011-08-19,16.7,17.07,17.15,16.57,32267.0,54400548.0,601678,-0.47,-0.08
2011-08-22,17.15,16.75,17.3,16.58,38969.0,65781528.0,601678,-1.87,-0.32
2011-08-23,16.78,16.9,16.92,16.53,39168.0,65696728.0,601678,0.9,0.15
2011-08-24,17.05,16.79,17.25,16.75,40135.0,68401584.0,601678,-0.65,-0.11
2011-08-25,16.83,17.25,17.41,16.74,48980.0,84020992.0,601678,2.74,0.46
2011-08-26,17.2,17.14,17.46,17.0,60924.0,104938080.0,601678,-0.64,-0.11
2011-08-29,16.99,16.9,17.06,16.78,29665.0,50131352.0,601678,-1.4,-0.24
2011-08-30,17.0,16.68,17.27,16.65,36824.0,62545056.0,601678,-1.3,-0.22
2011-08-31,16.6,16.24,16.81,16.06,67395.0,109855096.0,601678,-2.64,-0.44
2011-09-01,16.37,16.19,16.43,16.1,24183.0,39296056.0,601678,-0.31,-0.05
2011-09-02,16.19,16.09,16.23,15.89,29837.0,47849068.0,601678,-0.62,-0.1
2011-09-05,15.88,15.53,15.9,15.5,31463.0,49257728.0,601678,-3.48,-0.56
2011-09-06,15.3,15.43,15.55,15.2,26976.0,41592568.0,601678,-0.64,-0.1
2011-09-07,15.62,16.14,16.35,15.53,66395.0,106189096.0,601678,4.6,0.71
2011-09-08,16.18,15.68,16.26,15.66,41464.0,66165304.0,601678,-2.85,-0.46
2011-09-09,15.74,15.69,16.03,15.54,20615.0,32529356.0,601678,0.06,0.01
2011-09-13,15.4,15.12,15.4,15.08,34711.0,52655616.0,601678,-3.63,-0.57
2011-09-14,15.2,15.72,15.77,15.2,42750.0,66257900.0,601678,3.97,0.6
2011-09-15,15.7,15.61,16.01,15.6,32357.0,51136180.0,601678,-0.7,-0.11
2011-09-16,15.84,15.85,16.02,15.61,29145.0,46308900.0,601678,1.54,0.24
2011-09-19,15.86,15.6,15.96,15.59,33366.0,52574424.0,601678,-1.58,-0.25
2011-09-20,15.5,15.43,15.7,15.1,44623.0,68407872.0,601678,-1.09,-0.17
2011-09-21,15.46,16.05,16.14,15.17,80531.0,127450496.0,601678,4.02,0.62
2011-09-22,15.78,15.49,16.14,15.47,52188.0,82527104.0,601678,-3.49,-0.56
2011-09-23,15.18,15.28,15.43,15.11,38646.0,58890372.0,601678,-1.36,-0.21
2011-09-26,15.18,15.1,15.41,15.1,25608.0,38969960.0,601678,-1.18,-0.18
2011-09-27,15.32,15.23,15.39,15.12,15622.0,23834022.0,601678,0.86,0.13
2011-09-28,15.39,14.78,15.4,14.71,30577.0,45900120.0,601678,-2.95,-0.45
2011-09-29,14.7,14.07,14.75,13.99,45443.0,65099284.0,601678,-4.8,-0.71
2011-09-30,14.15,14.22,14.32,13.92,23095.0,32597714.0,601678,1.07,0.15
2011-10-10,14.23,14.14,14.39,14.1,15689.0,22305924.0,601678,-0.56,-0.08
2011-10-11,14.5,13.7,14.75,13.47,45727.0,63999460.0,601678,-3.11,-0.44
2011-10-12,13.68,14.2,14.23,13.0,75689.0,104578264.0,601678,3.65,0.5
2011-10-13,14.1,14.32,14.52,14.09,58340.0,83773976.0,601678,0.85,0.12
2011-10-14,14.33,14.23,14.33,14.03,34587.0,49001848.0,601678,-0.63,-0.09
2011-10-17,14.3,14.99,15.02,14.27,95758.0,141096912.0,601678,5.34,0.76
2011-10-18,15.0,14.59,15.0,14.5,63410.0,93685568.0,601678,-2.67,-0.4
2011-10-19,14.65,14.62,14.86,14.51,32068.0,47152024.0,601678,0.21,0.03
2011-10-20,14.52,14.02,14.6,13.88,44877.0,63354280.0,601678,-4.1,-0.6
2011-10-21,13.98,13.71,14.15,13.63,19926.0,27592502.0,601678,-2.21,-0.31
2011-10-24,13.85,14.26,14.34,13.63,34747.0,48758648.0,601678,4.01,0.55
2011-10-25,14.25,14.67,14.74,14.22,49092.0,71320896.0,601678,2.88,0.41
2011-10-26,14.69,14.92,15.12,14.51,83964.0,125415136.0,601678,1.7,0.25
2011-10-27,15.0,14.99,15.2,14.82,64293.0,96300528.0,601678,0.47,0.07
2011-10-28,15.24,15.31,15.38,15.01,66867.0,101722768.0,601678,2.13,0.32
2011-10-31,15.28,15.08,15.28,14.72,108433.0,162312560.0,601678,-1.5,-0.23
2011-11-01,14.82,15.07,15.16,14.76,63847.0,95744160.0,601678,-0.07,-0.01
2011-11-02,14.64,15.13,15.18,14.58,57462.0,85437792.0,601678,0.4,0.06
2011-11-03,15.3,15.25,15.5,15.16,87731.0,134588160.0,601678,0.79,0.12
2011-11-04,15.5,15.18,15.59,15.02,80078.0,121980416.0,601678,-0.46,-0.07
2011-11-07,15.01,14.93,15.3,14.92,44753.0,67443552.0,601678,-1.65,-0.25
2011-11-08,14.98,14.86,15.09,14.76,47448.0,70760072.0,601678,-0.47,-0.07
2011-11-09,14.92,15.71,15.9,14.87,144834.0,222992304.0,601678,5.72,0.85
2011-11-10,15.5,15.62,15.87,15.3,121330.0,189388512.0,601678,-0.57,-0.09
2011-11-11,15.7,16.01,16.1,15.42,171379.0,270904608.0,601678,2.5,0.39
2011-11-14,16.19,16.08,16.3,15.85,152085.0,243866256.0,601678,0.44,0.07
2011-11-15,15.96,15.84,15.96,15.65,88644.0,139958816.0,601678,-1.49,-0.24
2011-11-16,15.78,15.3,15.92,15.18,79612.0,124151376.0,601678,-3.41,-0.54
2011-11-17,15.21,15.43,15.55,15.2,44372.0,68078200.0,601678,0.85,0.13
2011-11-18,15.31,14.72,15.31,14.61,59844.0,88954176.0,601678,-4.6,-0.71
2011-11-21,14.71,14.63,14.76,14.32,35722.0,51890128.0,601678,-0.61,-0.09
2011-11-22,14.4,14.47,14.54,14.2,26547.0,38303604.0,601678,-1.09,-0.16
2011-11-23,14.51,14.28,14.53,14.26,19818.0,28536536.0,601678,-1.31,-0.19
2011-11-24,14.15,14.08,14.19,13.85,49231.0,69004664.0,601678,-1.4,-0.2
2011-11-25,14.07,13.8,14.1,13.73,41644.0,57745520.0,601678,-1.99,-0.28
2011-11-29,14.0,14.18,14.27,13.98,50818.0,71839936.0,601678,2.75,0.38
2011-11-30,14.16,13.2,14.18,13.16,63185.0,85388624.0,601678,-6.91,-0.98
2011-12-01,13.74,13.46,13.85,13.41,52857.0,72225632.0,601678,1.97,0.26
2011-12-02,13.42,13.29,13.64,13.17,31529.0,41751124.0,601678,-1.26,-0.17
2011-12-05,13.21,12.66,13.31,12.5,48129.0,61966964.0,601678,-4.74,-0.63
2011-12-06,12.65,12.79,12.92,12.51,22398.0,28555568.0,601678,1.03,0.13
2011-12-07,12.82,12.85,12.93,12.74,13393.0,17205976.0,601678,0.47,0.06
2011-12-08,12.85,12.85,12.95,12.53,20942.0,26676600.0,601678,0.0,0.0
2011-12-09,12.78,12.59,12.89,12.55,16916.0,21448382.0,601678,-2.02,-0.26
2011-12-12,12.6,12.63,12.85,12.56,22257.0,28300900.0,601678,0.32,0.04
2011-12-13,12.5,12.14,12.6,12.11,23957.0,29406636.0,601678,-3.88,-0.49
2011-12-14,12.1,11.93,12.3,11.85,17400.0,21009204.0,601678,-1.73,-0.21
2011-12-15,11.81,11.64,11.94,11.51,27058.0,31805158.0,601678,-2.43,-0.29
2011-12-16,11.75,12.02,12.06,11.58,27445.0,32437388.0,601678,3.26,0.38
2011-12-19,11.9,12.04,12.07,11.58,24786.0,29335576.0,601678,0.17,0.02
2011-12-20,12.0,12.0,12.25,11.8,22509.0,27252310.0,601678,-0.33,-0.04
2011-12-21,12.15,11.71,12.22,11.55,22365.0,26847378.0,601678,-2.42,-0.29
2011-12-22,11.65,11.39,11.67,11.02,27000.0,30735558.0,601678,-2.73,-0.32
2011-12-23,11.39,11.44,11.61,11.3,22325.0,25602616.0,601678,0.44,0.05
2011-12-26,11.43,11.36,11.61,11.35,17338.0,19827680.0,601678,-0.7,-0.08
2011-12-27,11.3,10.94,11.43,10.92,26840.0,29819664.0,601678,-3.7,-0.42
2011-12-28,10.92,11.01,11.02,10.72,23815.0,25816508.0,601678,0.64,0.07
2011-12-29,11.05,11.03,11.06,10.85,21390.0,23507648.0,601678,0.18,0.02
2011-12-30,11.16,11.25,11.28,11.03,24561.0,27436156.0,601678,1.99,0.22
2012-01-04,11.6,11.01,11.6,10.98,39118.0,44182680.0,601678,-2.13,-0.24
2012-01-05,10.98,10.55,10.98,10.53,31932.0,34335456.0,601678,-4.18,-0.46
2012-01-06,10.58,10.64,10.67,10.33,25317.0,26558492.0,601678,0.85,0.09
2012-01-09,10.66,11.22,11.24,10.53,43012.0,47136208.0,601678,5.45,0.58
2012-01-10,11.22,11.69,11.81,11.17,72300.0,83362840.0,601678,4.19,0.47
2012-01-11,11.69,11.7,11.84,11.52,52466.0,61390456.0,601678,0.09,0.01
2012-01-12,11.61,12.04,12.25,11.58,79943.0,96106456.0,601678,2.91,0.34
2012-01-13,12.01,11.76,12.03,11.5,69290.0,81362304.0,601678,-2.33,-0.28
2012-01-16,11.55,11.56,11.89,11.46,30677.0,35939276.0,601678,-1.7,-0.2
2012-01-17,11.58,12.34,12.45,11.56,60976.0,73563472.0,601678,6.75,0.78
2012-01-18,12.37,12.4,12.73,12.23,81891.0,102176336.0,601678,0.49,0.06
2012-01-19,12.4,12.42,12.67,12.29,43982.0,54823176.0,601678,0.16,0.02
2012-01-20,12.5,12.43,12.66,12.3,47197.0,58808420.0,601678,0.08,0.01
2012-01-30,12.45,12.22,12.5,12.19,33238.0,40853356.0,601678,-1.69,-0.21
2012-01-31,12.13,12.37,12.38,12.09,24141.0,29519428.0,601678,1.23,0.15
2012-02-01,12.37,12.42,12.78,12.29,55242.0,69411744.0,601678,0.4,0.05
2012-02-02,12.42,12.65,12.65,12.29,39945.0,49958804.0,601678,1.85,0.23
2012-02-03,12.6,12.88,12.96,12.56,52215.0,66834168.0,601678,1.82,0.23
2012-02-06,12.81,12.81,12.95,12.67,48472.0,62147176.0,601678,-0.54,-0.07
2012-02-07,12.75,12.54,12.75,12.4,43254.0,54271828.0,601678,-2.11,-0.27
2012-02-08,12.58,12.97,12.98,12.25,69701.0,87897624.0,601678,3.43,0.43
2012-02-09,12.85,13.13,13.27,12.66,109228.0,141302976.0,601678,1.23,0.16
2012-02-10,13.02,12.95,13.11,12.83,65932.0,85438720.0,601678,-1.37,-0.18
2012-02-13,12.86,12.97,13.18,12.73,51309.0,66519172.0,601678,0.15,0.02
2012-02-14,12.98,12.78,12.98,12.68,46273.0,59289720.0,601678,-1.46,-0.19
2012-02-15,12.73,12.93,13.05,12.72,44110.0,56969192.0,601678,1.17,0.15
2012-02-16,12.76,12.74,12.82,12.57,85641.0,108731968.0,601678,-1.47,-0.19
2012-02-17,12.75,12.43,12.75,12.29,57318.0,71589816.0,601678,-2.43,-0.31
2012-02-20,12.56,12.41,12.66,12.4,50464.0,63283892.0,601678,-0.16,-0.02
2012-02-21,12.37,12.68,12.69,12.33,48321.0,60561504.0,601678,2.18,0.27
2012-02-22,12.64,12.91,12.94,12.63,74470.0,95437608.0,601678,1.81,0.23
2012-02-23,12.88,12.99,13.08,12.8,68698.0,89010616.0,601678,0.62,0.08
2012-02-24,12.99,13.16,13.2,12.9,87974.0,115034224.0,601678,1.31,0.17
2012-02-27,13.22,13.01,13.32,13.0,104491.0,137541552.0,601678,-1.14,-0.15
2012-02-28,12.96,12.79,12.97,12.67,62294.0,79715344.0,601678,-1.69,-0.22
2012-03-01,12.65,12.74,12.85,12.58,43634.0,55469768.0,601678,-0.39,-0.05
2012-03-02,12.74,13.1,13.11,12.74,91668.0,119288528.0,601678,2.83,0.36
2012-03-05,13.11,13.5,13.62,13.03,149358.0,199628496.0,601678,3.05,0.4
2012-03-06,13.39,13.57,13.79,13.31,119149.0,161923120.0,601678,0.52,0.07
2012-03-07,13.36,13.67,14.01,13.31,127192.0,175253136.0,601678,0.74,0.1
2012-03-08,13.76,13.78,14.12,13.63,101729.0,141118688.0,601678,0.8,0.11
2012-03-09,13.85,13.99,14.03,13.76,68745.0,95545920.0,601678,1.52,0.21
2012-03-12,13.96,13.91,14.08,13.77,94133.0,130770504.0,601678,-0.57,-0.08
2012-03-13,13.82,14.32,14.49,13.59,195589.0,274267264.0,601678,2.95,0.41
2012-03-14,14.33,14.62,15.22,13.82,264528.0,381101152.0,601678,2.09,0.3
2012-03-15,14.5,14.88,15.08,13.7,299940.0,436103840.0,601678,1.78,0.26
2012-03-16,15.0,14.83,15.36,14.55,334470.0,499467456.0,601678,-0.34,-0.05
2012-03-19,14.78,14.7,15.18,14.32,260746.0,382973696.0,601678,-0.88,-0.13
2012-03-20,14.7,14.43,14.88,14.39,187560.0,272326336.0,601678,-1.84,-0.27
2012-03-21,14.63,14.43,14.63,13.74,208779.0,296290208.0,601678,0.0,0.0
2012-03-22,14.44,14.43,14.47,14.01,104316.0,149167744.0,601678,0.0,0.0
2012-03-23,14.45,14.24,14.97,14.1,147032.0,210196768.0,601678,-1.32,-0.19
2012-03-26,14.3,14.02,14.42,13.79,108505.0,152705744.0,601678,-1.54,-0.22
2012-03-27,14.15,13.5,14.26,13.48,138461.0,191503408.0,601678,-3.71,-0.52
2012-03-28,13.34,12.4,13.34,12.28,110321.0,139615776.0,601678,-8.15,-1.1
2012-03-29,12.32,11.77,12.32,11.71,68079.0,81600504.0,601678,-5.08,-0.63
2012-03-30,11.77,11.91,11.98,11.72,45878.0,54445900.0,601678,1.19,0.14
2012-04-05,11.92,12.21,12.26,11.89,43020.0,52213264.0,601678,2.52,0.3
2012-04-06,12.18,12.14,12.34,12.06,42763.0,52214608.0,601678,-0.57,-0.07
2012-04-09,12.1,11.65,12.19,11.62,39780.0,47153868.0,601678,-4.04,-0.49
2012-04-10,11.56,11.77,11.78,11.11,46711.0,53427044.0,601678,1.03,0.12
2012-04-11,11.58,11.82,11.84,11.43,38358.0,44898136.0,601678,0.42,0.05
2012-04-12,11.88,12.5,12.68,11.82,82164.0,100315864.0,601678,5.75,0.68
2012-04-13,12.6,12.63,12.7,12.44,82682.0,103866208.0,601678,1.04,0.13
2012-04-16,12.53,12.39,12.63,12.29,47333.0,58885720.0,601678,-1.9,-0.24
2012-04-17,12.36,12.09,12.39,12.08,48468.0,59081888.0,601678,-2.42,-0.3
2012-04-18,12.14,12.44,12.5,12.08,58510.0,71967824.0,601678,2.89,0.35
2012-04-19,12.49,12.4,12.55,12.34,41107.0,51135480.0,601678,-0.32,-0.04
2012-04-20,12.4,12.5,12.53,12.35,38956.0,48603904.0,601678,0.81,0.1
2012-04-23,12.46,12.25,12.55,12.21,36761.0,45549004.0,601678,-2.0,-0.25
2012-04-24,12.06,11.99,12.18,11.51,60745.0,72218592.0,601678,-2.12,-0.26
2012-04-25,11.97,12.12,12.2,11.84,39197.0,47059264.0,601678,1.08,0.13
2012-04-26,12.17,12.06,12.2,12.0,29534.0,35672012.0,601678,-0.5,-0.06
2012-04-27,12.08,11.96,12.13,11.91,24804.0,29782320.0,601678,-0.83,-0.1
2012-05-02,12.15,12.47,12.5,12.08,66593.0,82217032.0,601678,4.26,0.51
2012-05-03,12.46,12.47,12.64,12.37,37290.0,46616452.0,601678,0.0,0.0
2012-05-04,12.51,12.6,12.61,12.32,44330.0,55410720.0,601678,1.04,0.13
2012-05-07,12.54,12.98,13.04,12.48,88448.0,113415368.0,601678,3.02,0.38
2012-05-08,12.95,12.89,13.07,12.76,46733.0,60315584.0,601678,-0.69,-0.09
2012-05-09,12.72,12.4,12.75,12.4,51626.0,64651036.0,601678,-3.8,-0.49
2012-05-10,12.4,12.43,12.64,12.37,29514.0,36878400.0,601678,0.24,0.03
2012-05-11,12.43,12.08,12.44,12.01,53904.0,65519176.0,601678,-2.82,-0.35
2012-05-14,12.22,12.04,12.23,12.02,28020.0,33955080.0,601678,-0.33,-0.04
2012-05-15,11.97,12.06,12.08,11.75,34806.0,41299796.0,601678,0.17,0.02
2012-05-16,12.0,11.74,12.09,11.73,28403.0,33877504.0,601678,-2.65,-0.32
2012-05-17,11.75,11.97,12.02,11.7,20949.0,24907884.0,601678,1.96,0.23
2012-05-18,11.86,11.84,11.97,11.81,19130.0,22733060.0,601678,-1.09,-0.13
2012-05-21,11.84,11.9,11.97,11.68,17420.0,20611068.0,601678,0.51,0.06
2012-05-22,11.94,12.15,12.18,11.94,31449.0,37978092.0,601678,2.1,0.25
2012-05-23,12.08,11.91,12.16,11.86,34190.0,41008820.0,601678,-1.98,-0.24
2012-05-24,11.89,11.79,12.04,11.75,23110.0,27449816.0,601678,-1.01,-0.12
2012-05-25,11.79,11.51,11.88,11.5,26232.0,30495570.0,601678,-2.37,-0.28
2012-05-28,11.48,11.66,11.68,11.2,26799.0,30669412.0,601678,1.3,0.15
2012-05-29,11.64,11.91,11.94,11.64,29752.0,35173732.0,601678,2.14,0.25
2012-05-30,11.85,11.93,12.06,11.82,30794.0,36834816.0,601678,0.17,0.02
2012-05-31,11.88,11.82,11.97,11.75,23754.0,28121816.0,601678,-0.92,-0.11
2012-06-01,11.82,11.88,12.04,11.81,27706.0,33036494.0,601678,0.51,0.06
2012-06-04,11.66,11.34,11.66,11.32,31567.0,36372956.0,601678,-4.55,-0.54
2012-06-05,11.31,11.36,11.47,11.22,23186.0,26262036.0,601678,0.18,0.02
2012-06-06,11.31,11.33,11.43,11.24,16552.0,18766928.0,601678,-0.26,-0.03
2012-06-07,11.41,11.27,11.5,11.22,11547.0,13092395.0,601678,-0.53,-0.06
2012-06-08,11.4,11.29,11.4,11.25,16887.0,19134344.0,601678,0.18,0.02
2012-06-11,11.3,11.45,11.46,11.27,12117.0,13797166.0,601678,1.42,0.16
2012-06-12,11.41,11.17,11.41,11.15,21983.0,24696288.0,601678,-2.45,-0.28
2012-06-13,11.25,11.33,11.34,11.08,23676.0,26616348.0,601678,1.43,0.16
2012-06-14,11.28,11.37,11.47,11.25,26788.0,30473036.0,601678,0.35,0.04
2012-06-15,11.38,11.34,11.42,11.17,15661.0,17713484.0,601678,-0.26,-0.03
2012-06-18,11.41,11.42,11.47,11.35,16214.0,18532112.0,601678,0.71,0.08
2012-06-19,11.4,11.23,11.4,11.22,17447.0,19667368.0,601678,-1.66,-0.19
2012-06-20,11.33,11.22,11.33,11.22,10498.0,11813014.0,601678,-0.09,-0.01
2012-06-21,11.25,10.89,11.27,10.88,27144.0,29932056.0,601678,-2.94,-0.33
2012-06-25,10.72,10.54,10.88,10.51,19954.0,21353312.0,601678,-3.21,-0.35
2012-06-26,10.6,10.61,10.65,10.37,14526.0,15362305.0,601678,0.66,0.07
2012-06-27,10.74,10.53,10.74,10.5,11379.0,12085164.0,601678,-0.75,-0.08
2012-06-28,10.57,10.44,10.57,10.41,14258.0,14967928.0,601678,-0.85,-0.09
2012-06-29,10.41,10.66,10.67,10.36,19091.0,20163604.0,601678,2.11,0.22
2012-07-02,10.7,10.9,10.94,10.7,26904.0,29213320.0,601678,2.25,0.24
2012-07-03,10.85,10.85,11.04,10.82,17178.0,18756376.0,601678,-0.46,-0.05
2012-07-04,10.81,10.82,10.94,10.76,13158.0,14245022.0,601678,-0.28,-0.03
2012-07-05,10.86,10.54,10.9,10.44,15257.0,16163067.0,601678,-2.59,-0.28
2012-07-06,10.58,10.76,10.77,10.4,18369.0,19413604.0,601678,2.09,0.22
2012-07-09,10.69,10.4,10.72,10.36,15700.0,16497950.0,601678,-3.35,-0.36
2012-07-10,10.36,10.42,10.45,10.34,10756.0,11172660.0,601678,0.19,0.02
2012-07-11,10.42,10.65,10.67,10.36,16952.0,17891732.0,601678,2.21,0.23
2012-07-12,10.59,10.74,10.77,10.42,21445.0,22815528.0,601678,0.85,0.09
2012-07-13,10.69,10.61,10.78,10.6,14477.0,15466280.0,601678,-1.21,-0.13
2012-07-16,10.64,10.13,10.64,10.12,21050.0,21687916.0,601678,-4.52,-0.48
2012-07-17,10.08,10.22,10.25,10.06,9954.0,10116735.0,601678,0.89,0.09
2012-07-18,10.3,10.26,10.3,10.0,15915.0,16107529.0,601678,0.39,0.04
2012-07-19,10.17,10.41,10.54,10.17,29329.0,30602920.0,601678,1.46,0.15
2012-07-20,10.25,10.62,10.79,10.16,45880.0,48404824.0,601678,2.02,0.21
2012-07-23,10.55,10.46,10.6,10.41,18674.0,19586228.0,601678,-1.51,-0.16
2012-07-24,10.38,10.48,10.57,10.3,17542.0,18355700.0,601678,0.19,0.02
2012-07-25,10.43,10.37,10.53,10.34,14483.0,15092120.0,601678,-1.05,-0.11
2012-07-26,10.3,10.18,10.42,10.17,15901.0,16370276.0,601678,-1.83,-0.19
2012-07-27,10.29,10.15,10.29,10.1,11080.0,11263459.0,601678,-0.29,-0.03
2012-07-30,10.22,9.95,10.23,9.93,14812.0,14841706.0,601678,-1.97,-0.2
2012-07-31,9.95,9.74,10.0,9.68,13958.0,13711805.0,601678,-2.11,-0.21
2012-08-01,9.7,9.82,9.95,9.7,13257.0,13088692.0,601678,0.82,0.08
2012-08-02,9.82,9.64,9.89,9.59,15832.0,15337686.0,601678,-1.83,-0.18
2012-08-03,9.7,9.87,9.97,9.61,18414.0,18073628.0,601678,2.39,0.23
2012-08-06,9.8,10.04,10.06,9.61,27199.0,26989744.0,601678,1.72,0.17
2012-08-07,10.15,10.36,10.47,10.04,44121.0,45236200.0,601678,3.19,0.32
2012-08-08,10.36,11.0,11.37,10.24,119523.0,129564544.0,601678,6.18,0.64
2012-08-09,11.0,11.22,11.41,10.8,76666.0,85144384.0,601678,2.0,0.22
2012-08-10,11.07,11.43,11.56,11.05,82759.0,94397088.0,601678,1.87,0.21
2012-08-13,11.62,11.28,11.88,11.27,84156.0,96918720.0,601678,-1.31,-0.15
2012-08-14,11.13,11.49,11.49,11.07,58969.0,66669624.0,601678,1.86,0.21
2012-08-15,11.49,11.46,11.75,11.42,59169.0,68633976.0,601678,-0.26,-0.03
2012-08-16,11.31,11.12,11.45,11.06,36664.0,40991800.0,601678,-2.97,-0.34
2012-08-17,11.08,11.21,11.24,10.9,29246.0,32432176.0,601678,0.81,0.09
2012-08-20,11.15,11.28,11.4,11.05,33078.0,37265644.0,601678,0.62,0.07
2012-08-21,11.36,11.49,11.57,11.31,37604.0,43124568.0,601678,1.86,0.21
2012-08-22,11.48,11.13,11.49,11.09,30856.0,34586056.0,601678,-3.13,-0.36
2012-08-23,11.22,11.12,11.22,11.0,23976.0,26643538.0,601678,-0.09,-0.01
2012-08-24,11.05,10.92,11.17,10.85,20006.0,21964824.0,601678,-1.8,-0.2
2012-08-27,10.83,10.84,10.99,10.76,16660.0,18151644.0,601678,-0.73,-0.08
2012-08-28,10.81,10.89,11.0,10.71,18537.0,20115924.0,601678,0.46,0.05
2012-08-29,10.93,10.9,11.19,10.89,21947.0,24237462.0,601678,0.09,0.01
2012-08-30,10.85,10.41,11.05,10.3,26217.0,27899570.0,601678,-4.5,-0.49
2012-08-31,10.38,10.17,10.48,10.05,34961.0,35619840.0,601678,-2.31,-0.24
2012-09-03,10.15,10.34,10.36,10.03,23276.0,23868256.0,601678,1.67,0.17
2012-09-04,10.42,10.17,10.43,10.11,20206.0,20648764.0,601678,-1.64,-0.17
2012-09-05,10.15,10.29,10.3,10.07,17226.0,17576224.0,601678,1.18,0.12
2012-09-06,10.36,10.42,10.43,10.3,15904.0,16467946.0,601678,1.26,0.13
2012-09-07,10.48,11.02,11.07,10.47,45542.0,49241256.0,601678,5.76,0.6
2012-09-10,11.08,11.1,11.14,10.85,32367.0,35601492.0,601678,0.73,0.08
2012-09-11,11.18,10.95,11.18,10.9,23695.0,26012160.0,601678,-1.35,-0.15
2012-09-12,11.03,11.06,11.2,10.95,27727.0,30632106.0,601678,1.0,0.11
2012-09-13,11.0,10.76,11.09,10.75,19441.0,21250396.0,601678,-2.71,-0.3
2012-09-14,10.88,11.14,11.25,10.85,59154.0,65735532.0,601678,3.53,0.38
2012-09-17,11.1,10.5,11.1,10.49,42713.0,45981832.0,601678,-5.75,-0.64
2012-09-18,10.4,10.44,10.55,10.31,11888.0,12395078.0,601678,-0.57,-0.06
2012-09-19,10.39,10.53,10.58,10.39,9464.0,9921752.0,601678,0.86,0.09
2012-09-20,10.53,10.06,10.59,10.0,26297.0,26765564.0,601678,-4.46,-0.47
2012-09-21,10.03,10.07,10.19,9.89,13855.0,13964711.0,601678,0.1,0.01
2012-09-24,9.98,9.99,10.08,9.72,15957.0,15808565.0,601678,-0.79,-0.08
2012-09-25,10.01,10.09,10.19,9.99,13994.0,14128593.0,601678,1.0,0.1
2012-09-26,10.0,9.89,10.14,9.82,14727.0,14657271.0,601678,-1.98,-0.2
2012-09-27,10.0,10.26,10.42,10.0,29178.0,29913936.0,601678,3.74,0.37
2012-09-28,10.34,10.79,10.88,10.33,45254.0,48237240.0,601678,5.17,0.53
2012-10-08,10.78,10.76,10.86,10.62,31401.0,33644432.0,601678,-0.28,-0.03
2012-10-09,10.79,10.99,11.04,10.7,40019.0,43516328.0,601678,2.14,0.23
2012-10-10,10.92,10.87,10.95,10.78,24945.0,27055612.0,601678,-1.09,-0.12
2012-10-11,10.84,10.73,10.84,10.66,23456.0,25180100.0,601678,-1.29,-0.14
2012-10-12,10.73,10.72,11.1,10.63,36975.0,40161068.0,601678,-0.09,-0.01
2012-10-15,10.6,10.32,10.6,10.2,36877.0,38115576.0,601678,-3.73,-0.4
2012-10-16,10.36,10.33,10.45,10.2,14054.0,14552596.0,601678,0.1,0.01
2012-10-17,10.36,10.44,10.52,10.28,19280.0,20073336.0,601678,1.06,0.11
2012-10-18,10.41,10.55,10.61,10.36,23934.0,25123264.0,601678,1.05,0.11
2012-10-19,10.56,10.5,10.63,10.48,18416.0,19425992.0,601678,-0.47,-0.05
2012-10-22,10.49,10.65,10.66,10.44,20045.0,21156480.0,601678,1.43,0.15
2012-10-23,10.68,10.39,10.68,10.37,20204.0,21243214.0,601678,-2.44,-0.26
2012-10-24,10.3,10.34,10.39,10.21,11807.0,12181448.0,601678,-0.48,-0.05
2012-10-25,10.34,10.2,10.42,10.19,14367.0,14790761.0,601678,-1.35,-0.14
2012-10-26,10.2,10.0,10.22,9.97,15125.0,15199839.0,601678,-1.96,-0.2
2012-10-29,9.97,9.98,10.11,9.94,8087.0,8082614.0,601678,-0.2,-0.02
2012-10-30,10.05,10.07,10.13,9.97,7399.0,7433649.0,601678,0.9,0.09
2012-10-31,10.05,10.12,10.13,10.01,9860.0,9936047.0,601678,0.5,0.05
2012-11-01,10.11,10.28,10.31,10.1,17425.0,17850330.0,601678,1.58,0.16
2012-11-02,10.28,10.24,10.36,10.19,11618.0,11909699.0,601678,-0.39,-0.04
2012-11-05,10.21,10.42,10.47,10.11,22573.0,23287624.0,601678,1.76,0.18
2012-11-06,10.4,10.24,10.44,10.15,13526.0,13916190.0,601678,-1.73,-0.18
2012-11-07,10.22,10.19,10.29,10.16,9000.0,9183095.0,601678,-0.49,-0.05
2012-11-08,10.1,9.95,10.11,9.94,15444.0,15463832.0,601678,-2.36,-0.24
2012-11-09,9.93,9.74,10.05,9.72,13740.0,13520182.0,601678,-2.11,-0.21
2012-11-12,9.83,9.78,9.85,9.6,14086.0,13678310.0,601678,0.41,0.04
2012-11-13,9.78,9.69,9.8,9.61,10008.0,9698558.0,601678,-0.92,-0.09
2012-11-14,9.66,9.7,9.74,9.61,9153.0,8864207.0,601678,0.1,0.01
2012-11-15,9.67,9.53,9.75,9.5,9694.0,9330299.0,601678,-1.75,-0.17
2012-11-16,9.45,9.18,9.52,9.1,22339.0,20591834.0,601678,-3.67,-0.35
2012-11-19,9.15,9.25,9.27,9.05,10178.0,9324620.0,601678,0.76,0.07
2012-11-20,9.29,9.18,9.33,9.14,6091.0,5605721.0,601678,-0.76,-0.07
2012-11-21,9.19,9.38,9.4,9.17,11595.0,10745696.0,601678,2.18,0.2
2012-11-22,9.34,9.3,9.36,9.22,5056.0,4693967.0,601678,-0.85,-0.08
2012-11-23,9.34,9.28,9.4,9.24,7191.0,6711159.0,601678,-0.22,-0.02
2012-11-26,9.27,9.16,9.35,9.15,4991.0,4597451.0,601678,-1.29,-0.12
2012-11-27,9.11,8.96,9.18,8.95,8781.0,7901112.0,601678,-2.18,-0.2
2012-11-28,8.88,8.81,8.97,8.65,9890.0,8708451.0,601678,-1.67,-0.15
2012-11-29,8.86,8.58,8.9,8.53,8242.0,7181896.0,601678,-2.61,-0.23
2012-11-30,8.61,8.75,8.78,8.61,5755.0,5012840.0,601678,1.98,0.17
2012-12-03,8.7,8.5,8.78,8.21,9817.0,8369599.0,601678,-2.86,-0.25
2012-12-04,8.5,8.38,8.5,8.08,18521.0,15244616.0,601678,-1.41,-0.12
2012-12-05,8.37,8.71,8.85,8.22,21937.0,18934976.0,601678,3.94,0.33
2012-12-06,8.73,8.62,8.78,8.49,15340.0,13213794.0,601678,-1.03,-0.09
2012-12-07,8.62,8.9,8.98,8.6,22089.0,19472720.0,601678,3.25,0.28
2012-12-10,8.95,9.11,9.22,8.92,29242.0,26516308.0,601678,2.36,0.21
2012-12-11,9.1,9.19,9.34,8.98,22448.0,20521792.0,601678,0.88,0.08
2012-12-12,9.22,9.08,9.26,9.0,18964.0,17274162.0,601678,-1.2,-0.11
2012-12-13,9.06,9.08,9.25,9.01,18558.0,16965564.0,601678,0.0,0.0
2012-12-14,9.08,9.39,9.42,9.08,24574.0,22927008.0,601678,3.41,0.31
2012-12-17,9.42,9.51,9.59,9.39,28984.0,27573812.0,601678,1.28,0.12
2012-12-18,9.51,9.42,9.59,9.35,20531.0,19481656.0,601678,-0.95,-0.09
2012-12-19,9.36,9.36,9.45,9.32,16632.0,15614731.0,601678,-0.64,-0.06
2012-12-20,9.31,9.33,9.36,9.13,16284.0,15085265.0,601678,-0.32,-0.03
2012-12-21,9.33,9.36,9.49,9.29,20777.0,19496374.0,601678,0.32,0.03
2012-12-24,9.45,9.39,9.49,9.25,16464.0,15458860.0,601678,0.32,0.03
2012-12-25,9.44,9.76,9.78,9.41,37049.0,35767044.0,601678,3.94,0.37
2012-12-26,9.76,10.03,10.09,9.66,32769.0,32486338.0,601678,2.77,0.27
2012-12-27,10.05,9.94,10.19,9.88,30817.0,30878944.0,601678,-0.9,-0.09
2012-12-28,9.85,9.93,10.0,9.83,13984.0,13914029.0,601678,-0.1,-0.01
2012-12-31,9.92,9.97,10.05,9.89,14044.0,14003148.0,601678,0.4,0.04
2013-01-04,10.1,10.03,10.15,9.87,18066.0,18037680.0,601678,0.6,0.06
2013-01-07,10.02,10.4,10.4,9.9,34986.0,35579792.0,601678,3.69,0.37
2013-01-08,10.4,10.33,10.5,10.31,29967.0,31101496.0,601678,-0.67,-0.07
2013-01-09,10.33,10.45,10.64,10.3,40770.0,42760992.0,601678,1.16,0.12
2013-01-10,10.45,10.5,10.63,10.41,22765.0,23901358.0,601678,0.48,0.05
2013-01-11,10.53,10.12,10.53,10.1,33695.0,34584444.0,601678,-3.62,-0.38
2013-01-14,10.11,10.61,10.62,10.11,48946.0,51270976.0,601678,4.84,0.49
2013-01-15,10.73,11.2,11.67,10.73,94833.0,106417224.0,601678,5.56,0.59
2013-01-16,11.3,11.31,11.66,10.98,77353.0,87538688.0,601678,0.98,0.11
2013-01-17,11.21,11.14,11.43,10.99,38416.0,43213488.0,601678,-1.5,-0.17
2013-01-18,11.19,11.46,11.48,10.94,53525.0,60427332.0,601678,2.87,0.32
2013-01-21,11.37,11.52,11.56,11.34,39865.0,45754824.0,601678,0.52,0.06
2013-01-22,11.55,11.29,11.75,11.26,38795.0,44612632.0,601678,-2.0,-0.23
2013-01-23,11.29,11.28,11.43,11.1,24335.0,27387040.0,601678,-0.09,-0.01
2013-01-24,11.28,11.46,11.78,11.12,86133.0,98558096.0,601678,1.6,0.18
2013-01-25,11.44,11.17,11.46,10.52,106235.0,118214464.0,601678,-2.53,-0.29
2013-01-28,11.35,10.86,11.35,10.6,87149.0,95374256.0,601678,-2.78,-0.31
2013-01-29,10.86,10.7,10.86,10.54,44304.0,47329704.0,601678,-1.47,-0.16
2013-01-30,10.65,11.76,11.77,10.55,108563.0,121789816.0,601678,9.91,1.06
2013-01-31,11.55,11.36,11.85,11.29,127519.0,147649712.0,601678,-3.4,-0.4
2013-02-01,11.16,11.31,11.51,11.1,40894.0,46260752.0,601678,-0.44,-0.05
2013-02-04,11.55,10.85,11.61,10.72,84059.0,94176720.0,601678,-4.07,-0.46
2013-02-05,10.8,11.06,11.12,10.71,30810.0,33865080.0,601678,1.94,0.21
2013-02-06,11.04,10.95,11.29,10.88,26028.0,28736760.0,601678,-0.99,-0.11
2013-02-07,10.93,10.91,11.07,10.83,20987.0,22956846.0,601678,-0.37,-0.04
2013-02-08,10.97,11.04,11.15,10.87,20017.0,22030748.0,601678,1.19,0.13
2013-02-18,11.07,11.35,11.38,11.04,37869.0,42533240.0,601678,2.81,0.31
2013-02-19,11.39,11.05,11.39,10.88,28065.0,31074872.0,601678,-2.64,-0.3
2013-02-20,10.92,10.94,11.24,10.48,95796.0,103740448.0,601678,-1.0,-0.11
2013-02-21,10.83,10.51,10.83,10.5,38489.0,40854036.0,601678,-3.93,-0.43
2013-02-22,10.5,10.83,10.85,10.44,58034.0,61755176.0,601678,3.04,0.32
2013-02-25,10.69,10.82,10.89,10.0,52255.0,55956688.0,601678,-0.09,-0.01
2013-02-26,10.86,10.92,11.43,10.62,114842.0,127607096.0,601678,0.92,0.1
2013-02-27,10.8,10.61,11.2,10.5,205505.0,220805088.0,601678,-2.84,-0.31
2013-02-28,10.55,10.76,10.94,10.5,156602.0,168585408.0,601678,1.41,0.15
2013-03-01,10.7,10.94,10.99,10.64,153510.0,167165952.0,601678,1.67,0.18
2013-03-04,10.82,10.63,10.86,10.53,48261.0,51784448.0,601678,-2.83,-0.31
2013-03-05,10.62,10.6,10.77,10.55,75629.0,80426608.0,601678,-0.28,-0.03
2013-03-06,10.63,10.62,10.65,10.48,73582.0,77566144.0,601678,0.19,0.02
2013-03-07,10.54,10.57,10.91,10.48,135243.0,144349568.0,601678,-0.47,-0.05
2013-03-08,10.57,9.9,10.6,9.73,170710.0,171959856.0,601678,-6.34,-0.67
2013-03-11,9.84,9.79,9.93,9.62,57866.0,56394736.0,601678,-1.11,-0.11
2013-03-12,9.81,9.4,9.9,9.3,68344.0,65281688.0,601678,-3.98,-0.39
2013-03-13,9.38,9.34,9.44,9.3,27834.0,26099944.0,601678,-0.64,-0.06
2013-03-14,9.37,9.4,9.46,9.33,22558.0,21185660.0,601678,0.64,0.06
2013-03-15,9.47,9.42,9.57,9.36,48740.0,46172388.0,601678,0.21,0.02
2013-03-18,9.44,9.04,9.44,9.0,43710.0,40038636.0,601678,-4.03,-0.38
2013-03-19,9.04,9.08,9.12,8.83,28000.0,25218814.0,601678,0.44,0.04
2013-03-20,9.11,9.26,9.28,9.07,39890.0,36697104.0,601678,1.98,0.18
2013-03-21,9.3,9.31,9.41,9.22,42830.0,39892140.0,601678,0.54,0.05
2013-03-22,9.31,9.25,9.32,9.2,30635.0,28335222.0,601678,-0.64,-0.06
2013-03-25,9.26,9.28,9.41,9.22,28499.0,26546328.0,601678,0.32,0.03
2013-03-26,9.29,9.24,9.29,9.02,35990.0,32852938.0,601678,-0.43,-0.04
2013-03-27,9.18,9.33,9.34,9.15,32936.0,30418780.0,601678,0.97,0.09
2013-03-28,9.26,8.8,9.26,8.8,68407.0,61127956.0,601678,-5.68,-0.53
2013-03-29,8.88,8.7,8.88,8.6,40224.0,35098776.0,601678,-1.14,-0.1
2013-04-01,8.74,8.78,8.83,8.61,26880.0,23565468.0,601678,0.92,0.08
2013-04-02,8.76,8.77,8.86,8.69,19724.0,17329106.0,601678,-0.11,-0.01
2013-04-03,8.81,8.69,8.81,8.63,18693.0,16246571.0,601678,-0.91,-0.08
2013-04-08,8.53,8.57,8.6,8.42,19918.0,16974060.0,601678,-1.38,-0.12
2013-04-09,8.73,8.88,8.88,8.72,35844.0,31599528.0,601678,3.62,0.31
2013-04-10,8.88,8.85,8.9,8.75,25117.0,22127588.0,601678,-0.34,-0.03
2013-04-11,8.86,8.82,8.93,8.8,23119.0,20478800.0,601678,-0.34,-0.03
2013-04-12,8.76,8.73,8.86,8.69,17225.0,15110002.0,601678,-1.02,-0.09
2013-04-15,8.73,8.63,8.73,8.6,15419.0,13317625.0,601678,-1.15,-0.1
2013-04-16,8.51,8.59,8.68,8.43,30558.0,26110752.0,601678,-0.46,-0.04
2013-04-17,8.55,8.52,8.56,8.43,11064.0,9396159.0,601678,-0.81,-0.07
2013-04-18,8.51,8.38,8.51,8.32,23828.0,19957946.0,601678,-1.64,-0.14
2013-04-19,8.4,8.58,8.64,8.38,31000.0,26476180.0,601678,2.39,0.2
2013-04-22,8.48,8.71,8.74,8.47,29684.0,25653572.0,601678,1.52,0.13
2013-04-23,8.73,8.36,8.74,8.35,33522.0,28486096.0,601678,-4.02,-0.35
2013-04-24,8.36,8.52,8.55,8.33,20258.0,17184648.0,601678,1.91,0.16
2013-04-25,8.51,8.34,8.51,8.3,25881.0,21704190.0,601678,-2.11,-0.18
2013-04-26,8.36,8.37,8.42,8.21,25000.0,20691596.0,601678,0.36,0.03
2013-05-02,8.37,8.44,8.48,8.31,23823.0,19974116.0,601678,0.84,0.07
2013-05-03,8.44,8.55,8.58,8.39,33256.0,28374728.0,601678,1.3,0.11
2013-05-06,8.67,8.84,8.85,8.61,66919.0,58524876.0,601678,3.39,0.29
2013-05-07,8.9,8.96,9.04,8.84,86075.0,77091080.0,601678,1.36,0.12
2013-05-08,8.96,8.9,8.98,8.8,32601.0,28886792.0,601678,-0.67,-0.06
2013-05-09,8.83,8.94,8.95,8.66,54270.0,47839384.0,601678,0.45,0.04
2013-05-10,8.92,8.9,8.92,8.8,33797.0,29934596.0,601678,-0.45,-0.04
2013-05-13,8.87,8.77,8.88,8.7,24780.0,21761828.0,601678,-1.46,-0.13
2013-05-14,8.72,8.59,8.76,8.57,26495.0,22869644.0,601678,-2.05,-0.18
2013-05-15,8.58,8.67,8.68,8.58,19287.0,16627190.0,601678,0.93,0.08
2013-05-16,8.64,8.76,8.77,8.58,33556.0,29228580.0,601678,1.04,0.09
2013-05-17,8.72,8.9,8.94,8.72,39382.0,34892116.0,601678,1.6,0.14
2013-05-20,8.9,9.09,9.12,8.86,74006.0,66502092.0,601678,2.13,0.19
2013-05-21,9.05,8.99,9.11,8.93,69302.0,62446472.0,601678,-1.1,-0.1
2013-05-22,8.99,8.94,9.03,8.86,52400.0,46914888.0,601678,-0.56,-0.05
2013-05-23,8.85,8.84,8.98,8.81,40793.0,36224864.0,601678,-1.12,-0.1
2013-05-24,8.9,8.89,8.9,8.78,41551.0,36737544.0,601678,0.57,0.05
2013-05-27,8.9,8.99,8.99,8.86,45223.0,40405868.0,601678,1.12,0.1
2013-05-28,8.98,9.09,9.09,8.91,50403.0,45415068.0,601678,1.11,0.1
2013-05-29,9.06,9.19,9.21,9.01,80711.0,73466800.0,601678,1.1,0.1
2013-05-30,9.1,9.11,9.26,9.1,52115.0,47767148.0,601678,-0.87,-0.08
2013-05-31,9.18,9.25,9.4,9.12,102695.0,95478656.0,601678,1.54,0.14
2013-06-03,9.21,9.21,9.33,9.18,62087.0,57424860.0,601678,-0.43,-0.04
2013-06-04,9.18,8.86,9.18,8.81,56341.0,50464324.0,601678,-3.8,-0.35
2013-06-05,8.88,8.71,8.89,8.6,36880.0,32286116.0,601678,-1.69,-0.15
2013-06-06,8.7,8.61,8.7,8.6,25645.0,22162352.0,601678,-1.15,-0.1
2013-06-07,8.6,8.5,8.68,8.46,26037.0,22265344.0,601678,-1.28,-0.11
2013-06-13,8.46,8.2,8.46,8.11,26317.0,21592608.0,601678,-3.53,-0.3
2013-06-14,8.19,8.21,8.28,8.19,23116.0,19000184.0,601678,0.12,0.01
2013-06-17,8.22,7.98,8.23,7.98,35806.0,28834524.0,601678,-2.8,-0.23
2013-06-18,8.0,8.08,8.09,8.0,16532.0,13318897.0,601678,1.25,0.1
2013-06-19,8.11,7.89,8.11,7.62,32493.0,25442754.0,601678,-2.35,-0.19
2013-06-20,7.8,7.91,8.0,7.72,21348.0,16641160.0,601678,0.25,0.02
2013-06-21,7.76,7.79,7.88,7.68,17738.0,13812380.0,601678,-1.52,-0.12
2013-06-24,7.77,7.27,7.78,7.12,28135.0,20963240.0,601678,-6.68,-0.52
2013-06-25,7.27,7.13,7.32,6.69,42583.0,30268380.0,601678,-1.93,-0.14
2013-06-26,7.09,7.15,7.28,7.09,18496.0,13247422.0,601678,0.28,0.02
2013-06-27,7.18,7.1,7.25,6.83,26231.0,18585912.0,601678,-0.7,-0.05
2013-06-28,7.0,7.12,7.15,6.85,29398.0,20654996.0,601678,0.28,0.02
2013-07-01,7.03,7.13,7.18,7.03,18280.0,12982922.0,601678,0.14,0.01
2013-07-02,7.15,7.09,7.15,6.96,22365.0,15764744.0,601678,-0.56,-0.04
2013-07-03,7.04,6.94,7.04,6.85,21395.0,14823374.0,601678,-2.12,-0.15
2013-07-04,6.81,7.04,7.1,6.81,22670.0,15895033.0,601678,1.44,0.1
2013-07-05,7.04,7.09,7.13,7.02,24620.0,17401888.0,601678,0.71,0.05
2013-07-08,6.96,6.74,6.96,6.7,29430.0,19986024.0,601678,-4.94,-0.35
2013-07-09,6.74,6.73,6.83,6.66,15476.0,10432524.0,601678,-0.15,-0.01
2013-07-10,6.75,6.92,6.93,6.67,26012.0,17805172.0,601678,2.82,0.19
2013-07-11,7.0,7.19,7.27,6.95,38154.0,27244808.0,601678,3.9,0.27
2013-07-12,7.2,7.11,7.24,7.05,27971.0,20050768.0,601678,-1.11,-0.08
2013-07-15,7.08,7.17,7.2,7.08,24120.0,17237428.0,601678,0.84,0.06
2013-07-16,7.17,7.27,7.33,7.1,21700.0,15680437.0,601678,1.39,0.1
2013-07-17,7.26,7.11,7.3,7.09,21869.0,15689928.0,601678,-2.2,-0.16
2013-07-18,7.11,7.02,7.11,7.01,20140.0,14158914.0,601678,-1.27,-0.09
2013-07-19,7.03,6.86,7.09,6.85,16093.0,11255182.0,601678,-2.28,-0.16
2013-07-22,6.85,7.08,7.09,6.8,16479.0,11508608.0,601678,3.21,0.22
2013-07-23,7.08,7.24,7.25,7.03,29346.0,21028648.0,601678,2.26,0.16
2013-07-24,7.14,7.14,7.23,7.03,23504.0,16749916.0,601678,-1.38,-0.1
2013-07-25,7.13,7.04,7.17,7.03,16074.0,11403338.0,601678,-1.4,-0.1
2013-07-26,7.03,7.18,7.19,6.88,37312.0,26228986.0,601678,1.99,0.14
2013-07-29,7.31,7.17,7.49,7.16,61654.0,45079976.0,601678,-0.14,-0.01
2013-07-30,7.15,6.99,7.2,6.9,39321.0,27529486.0,601678,-2.51,-0.18
2013-07-31,7.02,6.99,7.07,6.97,16960.0,11874454.0,601678,0.0,0.0
2013-08-01,7.03,7.12,7.13,6.97,24865.0,17553510.0,601678,1.86,0.13
2013-08-02,7.12,7.15,7.2,7.1,25986.0,18599210.0,601678,0.42,0.03
2013-08-05,7.15,7.23,7.24,7.1,26617.0,19128552.0,601678,1.12,0.08
2013-08-06,7.29,7.31,7.33,7.2,36453.0,26513900.0,601678,1.11,0.08
2013-08-07,7.35,7.41,7.65,7.35,84960.0,63635064.0,601678,1.37,0.1
2013-08-08,7.43,7.3,7.48,7.26,44740.0,32805778.0,601678,-1.48,-0.11
2013-08-09,7.3,7.47,7.5,7.22,68540.0,50526616.0,601678,2.33,0.17
2013-08-12,7.42,7.81,7.83,7.42,108110.0,83103840.0,601678,4.55,0.34
2013-08-13,7.81,7.89,7.92,7.71,63081.0,49064664.0,601678,1.02,0.08
2013-08-14,7.91,8.17,8.45,7.9,177588.0,145967456.0,601678,3.55,0.28
2013-08-15,8.09,7.93,8.2,7.91,58341.0,46866476.0,601678,-2.94,-0.24
2013-08-16,7.93,7.74,7.98,7.65,77152.0,59963996.0,601678,-2.4,-0.19
2013-08-19,7.7,7.96,8.0,7.54,53124.0,41494712.0,601678,2.84,0.22
2013-08-20,7.91,7.72,8.0,7.66,55746.0,43546064.0,601678,-3.02,-0.24
2013-08-21,7.7,7.6,7.74,7.52,50028.0,38030056.0,601678,-1.55,-0.12
2013-08-22,7.58,7.58,7.71,7.53,30525.0,23277652.0,601678,-0.26,-0.02
2013-08-23,7.61,7.6,7.65,7.47,52085.0,39445932.0,601678,0.26,0.02
2013-08-26,7.67,7.76,7.76,7.59,40044.0,30743652.0,601678,2.11,0.16
2013-08-27,7.77,7.82,7.84,7.67,39769.0,30803538.0,601678,0.77,0.06
2013-08-28,7.72,7.67,7.79,7.66,36862.0,28447176.0,601678,-1.92,-0.15
2013-08-29,7.74,7.85,7.87,7.66,51508.0,39987036.0,601678,2.35,0.18
2013-08-30,7.85,7.76,7.99,7.7,66695.0,52518504.0,601678,-1.15,-0.09
2013-09-02,7.71,7.61,7.73,7.42,35690.0,26958200.0,601678,-1.93,-0.15
2013-09-03,7.57,7.73,7.75,7.56,30021.0,22988904.0,601678,1.58,0.12
2013-09-04,7.74,7.82,7.86,7.73,40692.0,31741880.0,601678,1.16,0.09
2013-09-05,7.79,7.73,7.79,7.68,31805.0,24522402.0,601678,-1.15,-0.09
2013-09-06,7.7,7.69,7.73,7.62,26871.0,20597328.0,601678,-0.52,-0.04
2013-09-09,7.73,7.81,7.82,7.62,49708.0,38451268.0,601678,1.56,0.12
2013-09-10,7.8,8.13,8.14,7.77,98701.0,78587376.0,601678,4.1,0.32
2013-09-11,8.12,8.05,8.25,8.01,108415.0,88077384.0,601678,-0.98,-0.08
2013-09-12,7.99,8.01,8.15,7.88,48874.0,39033984.0,601678,-0.5,-0.04
2013-09-13,8.06,7.99,8.17,7.98,38253.0,30770288.0,601678,-0.25,-0.02
2013-09-16,8.0,7.88,8.01,7.84,39079.0,30825942.0,601678,-1.38,-0.11
2013-09-17,7.97,7.73,7.99,7.72,31251.0,24605128.0,601678,-1.9,-0.15
2013-09-18,7.77,7.77,7.79,7.7,15167.0,11740019.0,601678,0.52,0.04
2013-09-23,7.8,7.89,7.93,7.73,23803.0,18628904.0,601678,1.54,0.12
2013-09-24,7.88,7.81,7.94,7.68,23589.0,18418688.0,601678,-1.01,-0.08
2013-09-25,7.81,7.69,7.85,7.68,28682.0,22300156.0,601678,-1.54,-0.12
2013-09-26,7.65,7.62,7.75,7.61,19235.0,14773601.0,601678,-0.91,-0.07
2013-09-27,7.63,7.56,7.7,7.54,28701.0,21802940.0,601678,-0.79,-0.06
2013-09-30,7.62,7.6,7.65,7.5,25681.0,19406360.0,601678,0.53,0.04
2013-10-08,7.58,7.71,7.76,7.52,29901.0,22865274.0,601678,1.45,0.11
2013-10-09,7.65,7.78,7.86,7.65,30814.0,23876652.0,601678,0.91,0.07
2013-10-10,7.83,7.66,7.85,7.65,29152.0,22609840.0,601678,-1.54,-0.12
2013-10-11,7.75,7.83,7.84,7.7,32914.0,25636836.0,601678,2.22,0.17
2013-10-14,7.83,7.86,7.92,7.82,35062.0,27619570.0,601678,0.38,0.03
2013-10-15,7.8,8.01,8.03,7.6,118637.0,92014048.0,601678,1.91,0.15
2013-10-16,7.93,7.93,8.15,7.79,137067.0,109478968.0,601678,-1.0,-0.08
2013-10-17,7.88,7.74,7.94,7.7,74626.0,58169268.0,601678,-2.4,-0.19
2013-10-18,7.72,7.58,7.78,7.54,54113.0,41343164.0,601678,-2.07,-0.16
2013-10-21,7.58,7.87,7.88,7.56,68798.0,53201540.0,601678,3.83,0.29
2013-10-22,7.87,7.78,7.9,7.75,39091.0,30496162.0,601678,-1.14,-0.09
2013-10-23,7.82,7.49,7.83,7.45,54677.0,41548952.0,601678,-3.73,-0.29
2013-10-24,7.54,7.4,7.54,7.36,31706.0,23540324.0,601678,-1.2,-0.09
2013-10-25,7.42,7.31,7.45,7.27,19919.0,14637015.0,601678,-1.22,-0.09
2013-10-28,7.33,7.51,7.65,7.28,24789.0,18346818.0,601678,2.74,0.2
2013-10-29,7.42,7.2,7.63,7.1,43177.0,31770172.0,601678,-4.13,-0.31
2013-10-30,7.18,7.38,7.4,7.13,30724.0,22409180.0,601678,2.5,0.18
2013-10-31,7.4,7.33,7.49,7.31,26945.0,19921804.0,601678,-0.68,-0.05
2013-11-01,7.25,7.25,7.3,7.1,22557.0,16242105.0,601678,-1.09,-0.08
2013-11-04,7.28,7.21,7.28,7.16,14196.0,10254747.0,601678,-0.55,-0.04
2013-11-05,7.21,7.42,7.44,7.13,29627.0,21721294.0,601678,2.91,0.21
2013-11-06,7.43,7.29,7.5,7.28,33296.0,24624304.0,601678,-1.75,-0.13
2013-11-07,7.22,7.14,7.27,7.12,23952.0,17228432.0,601678,-2.06,-0.15
2013-11-08,7.1,7.07,7.15,7.06,19829.0,14059578.0,601678,-0.98,-0.07
2013-11-11,7.08,7.09,7.14,7.0,12790.0,9040685.0,601678,0.28,0.02
2013-11-12,7.13,7.16,7.18,7.1,12181.0,8695987.0,601678,0.99,0.07
2013-11-13,7.15,7.02,7.15,7.0,17796.0,12557709.0,601678,-1.96,-0.14
2013-11-14,6.98,7.05,7.07,6.97,11710.0,8239055.0,601678,0.43,0.03
2013-11-15,7.07,7.19,7.22,7.06,23709.0,17005196.0,601678,1.99,0.14
2013-11-18,7.2,7.3,7.32,7.16,26785.0,19473188.0,601678,1.53,0.11
2013-11-19,7.3,7.28,7.34,7.24,18986.0,13833174.0,601678,-0.27,-0.02
2013-11-20,7.33,7.33,7.34,7.27,15968.0,11663278.0,601678,0.69,0.05
2013-11-21,7.33,7.32,7.37,7.23,30362.0,22216304.0,601678,-0.14,-0.01
2013-11-22,7.34,7.4,7.48,7.33,29001.0,21478604.0,601678,1.09,0.08
2013-11-25,7.44,7.31,7.44,7.27,20534.0,15071257.0,601678,-1.22,-0.09
2013-11-26,7.36,7.34,7.38,7.27,15022.0,10999566.0,601678,0.41,0.03
2013-11-27,7.31,7.42,7.54,7.31,38187.0,28341032.0,601678,1.09,0.08
2013-11-28,7.46,7.44,7.55,7.39,49992.0,37264336.0,601678,0.27,0.02
2013-11-29,7.47,7.47,7.5,7.44,31055.0,23206408.0,601678,0.4,0.03
2013-12-02,7.38,7.1,7.38,7.05,49207.0,35435600.0,601678,-4.95,-0.37
2013-12-03,7.11,7.31,7.35,7.07,35925.0,25988536.0,601678,2.96,0.21
2013-12-04,7.35,7.42,7.55,7.28,47341.0,35152956.0,601678,1.5,0.11
2013-12-05,7.42,7.46,7.51,7.33,35140.0,26124360.0,601678,0.54,0.04
2013-12-06,7.53,7.47,7.59,7.42,30691.0,22968618.0,601678,0.13,0.01
2013-12-09,7.53,7.54,7.6,7.47,37911.0,28563616.0,601678,0.94,0.07
2013-12-10,7.6,7.57,7.65,7.53,37132.0,28146104.0,601678,0.4,0.03
2013-12-11,7.64,7.78,7.96,7.64,145884.0,113887160.0,601678,2.77,0.21
2013-12-12,7.7,7.73,7.83,7.64,64648.0,50001572.0,601678,-0.64,-0.05
2013-12-13,7.68,7.61,7.72,7.58,32428.0,24743260.0,601678,-1.55,-0.12
2013-12-16,7.59,7.51,7.71,7.49,32217.0,24451432.0,601678,-1.31,-0.1
2013-12-17,7.47,7.47,7.55,7.35,34706.0,25780172.0,601678,-0.53,-0.04
2013-12-18,7.56,7.7,7.78,7.56,64545.0,49502364.0,601678,3.08,0.23
2013-12-19,7.75,7.66,7.88,7.64,76670.0,59662984.0,601678,-0.52,-0.04
2013-12-20,7.68,7.82,7.97,7.64,119772.0,94087176.0,601678,2.09,0.16
2013-12-23,7.76,7.85,8.01,7.66,77715.0,61144584.0,601678,0.38,0.03
2013-12-24,7.86,8.05,8.12,7.82,122452.0,98304776.0,601678,2.55,0.2
2013-12-25,7.99,8.01,8.07,7.87,75552.0,60362444.0,601678,-0.5,-0.04
2013-12-26,8.1,7.8,8.2,7.75,79479.0,63943096.0,601678,-2.62,-0.21
2013-12-27,7.85,7.99,8.05,7.79,69072.0,54773296.0,601678,2.44,0.19
2013-12-30,8.04,7.86,8.15,7.83,63687.0,50674540.0,601678,-1.63,-0.13
2013-12-31,7.84,7.73,7.84,7.68,42383.0,32827948.0,601678,-1.65,-0.13
2014-01-02,7.73,7.76,7.82,7.72,28614.0,22177324.0,601678,0.39,0.03
2014-01-03,7.77,7.55,7.77,7.51,57987.0,43956584.0,601678,-2.71,-0.21
2014-01-06,7.55,7.21,7.55,7.15,57327.0,41703704.0,601678,-4.5,-0.34
2014-01-07,7.19,7.15,7.27,7.07,38460.0,27555748.0,601678,-0.83,-0.06
2014-01-08,7.16,7.19,7.23,7.13,23311.0,16734127.0,601678,0.56,0.04
2014-01-09,7.17,7.41,7.44,7.14,57249.0,41844496.0,601678,3.06,0.22
2014-01-10,7.33,7.22,7.4,7.17,22521.0,16371198.0,601678,-2.56,-0.19
2014-01-13,7.23,7.11,7.28,7.06,18081.0,12912328.0,601678,-1.52,-0.11
2014-01-14,7.11,7.18,7.18,7.0,28137.0,19993164.0,601678,0.98,0.07
2014-01-15,7.19,7.09,7.19,7.05,18823.0,13373121.0,601678,-1.25,-0.09
2014-01-16,7.11,7.12,7.15,7.0,23371.0,16549302.0,601678,0.42,0.03
2014-01-17,7.1,6.95,7.12,6.94,27125.0,18987032.0,601678,-2.39,-0.17
2014-01-20,6.94,6.86,6.98,6.82,16492.0,11371313.0,601678,-1.29,-0.09
2014-01-21,6.86,6.98,6.98,6.83,20586.0,14203287.0,601678,1.75,0.12
2014-01-22,7.06,7.14,7.17,7.0,28455.0,20206308.0,601678,2.29,0.16
2014-01-23,7.14,7.1,7.17,7.08,21212.0,15088805.0,601678,-0.56,-0.04
2014-01-24,7.05,7.15,7.21,7.02,34737.0,24787092.0,601678,0.7,0.05
2014-01-27,7.16,7.16,7.19,7.07,19743.0,14132927.0,601678,0.14,0.01
2014-01-28,7.16,7.11,7.21,7.08,14323.0,10201739.0,601678,-0.7,-0.05
2014-01-29,7.13,7.13,7.17,7.09,14387.0,10242142.0,601678,0.28,0.02
2014-01-30,7.15,7.06,7.15,7.04,12208.0,8634601.0,601678,-0.98,-0.07
2014-02-07,7.04,7.1,7.11,6.99,15065.0,10620724.0,601678,0.57,0.04
2014-02-10,7.09,7.28,7.29,7.09,29468.0,21270512.0,601678,2.54,0.18
2014-02-11,7.26,7.28,7.31,7.18,35451.0,25696888.0,601678,0.0,0.0
2014-02-12,7.28,7.36,7.38,7.22,35376.0,25863338.0,601678,1.1,0.08
2014-02-13,7.34,7.34,7.38,7.2,41937.0,30665698.0,601678,-0.27,-0.02
2014-02-14,7.33,7.39,7.42,7.28,39578.0,29142036.0,601678,0.68,0.05
2014-02-17,7.41,7.58,7.69,7.31,67838.0,50930332.0,601678,2.57,0.19
2014-02-18,7.51,7.42,7.54,7.37,60646.0,45222240.0,601678,-2.11,-0.16
2014-02-19,7.41,7.46,7.47,7.35,47821.0,35418156.0,601678,0.54,0.04
2014-02-20,7.47,7.44,7.61,7.42,60719.0,45545104.0,601678,-0.27,-0.02
2014-02-21,7.4,7.26,7.41,7.2,51325.0,37416632.0,601678,-2.42,-0.18
2014-02-24,7.27,7.11,7.27,7.02,38551.0,27348008.0,601678,-2.07,-0.15
2014-02-25,7.09,6.86,7.16,6.78,42663.0,29956816.0,601678,-3.52,-0.25
2014-02-26,6.82,6.94,6.94,6.81,23823.0,16412933.0,601678,1.17,0.08
2014-02-27,6.92,6.93,7.0,6.9,22461.0,15616557.0,601678,-0.14,-0.01
2014-02-28,6.9,7.01,7.04,6.78,18590.0,12837526.0,601678,1.15,0.08
2014-03-03,7.0,7.05,7.06,6.95,22421.0,15739435.0,601678,0.57,0.04
2014-03-04,7.0,7.07,7.1,6.97,29068.0,20484344.0,601678,0.28,0.02
2014-03-05,7.06,7.09,7.16,7.06,28270.0,20146460.0,601678,0.28,0.02
2014-03-06,7.09,7.13,7.14,7.05,18829.0,13391879.0,601678,0.56,0.04
2014-03-07,7.11,7.09,7.17,7.06,17991.0,12812560.0,601678,-0.56,-0.04
2014-03-10,7.06,6.74,7.06,6.7,28620.0,19713416.0,601678,-4.94,-0.35
2014-03-11,6.77,6.88,6.9,6.74,17001.0,11617886.0,601678,2.08,0.14
2014-03-12,6.86,7.03,7.08,6.8,22106.0,15292196.0,601678,2.18,0.15
2014-03-13,7.03,7.2,7.33,6.9,60326.0,43498584.0,601678,2.42,0.17
2014-03-14,7.16,7.25,7.28,7.1,80447.0,58202764.0,601678,0.69,0.05
2014-03-17,7.27,7.28,7.29,7.17,68785.0,49891220.0,601678,0.41,0.03
2014-03-18,7.22,7.09,7.24,7.07,61072.0,43856412.0,601678,-2.61,-0.19
2014-03-19,7.06,7.08,7.15,6.96,42739.0,30139290.0,601678,-0.14,-0.01
2014-03-20,7.06,6.98,7.17,6.98,26230.0,18616328.0,601678,-1.41,-0.1
2014-03-21,6.97,7.17,7.2,6.95,32433.0,23029864.0,601678,2.72,0.19
2014-03-24,7.17,7.21,7.27,7.14,34865.0,25138932.0,601678,0.56,0.04
2014-03-25,7.21,7.22,7.25,7.17,23248.0,16759984.0,601678,0.14,0.01
2014-03-26,7.23,7.06,7.25,7.05,35238.0,25091396.0,601678,-2.22,-0.16
2014-03-27,7.05,7.03,7.14,7.01,30136.0,21376732.0,601678,-0.42,-0.03
2014-03-28,7.1,7.0,7.1,6.97,20891.0,14661980.0,601678,-0.43,-0.03
2014-03-31,7.02,6.94,7.05,6.9,15869.0,11040253.0,601678,-0.86,-0.06
2014-04-01,6.95,7.06,7.06,6.94,16503.0,11568937.0,601678,1.73,0.12
2014-04-02,7.06,7.08,7.1,7.03,12312.0,8693922.0,601678,0.28,0.02
2014-04-03,7.11,7.07,7.15,7.04,15561.0,11039565.0,601678,-0.14,-0.01
2014-04-04,7.08,7.09,7.1,7.03,19018.0,13448318.0,601678,0.28,0.02
2014-04-08,7.11,7.16,7.2,7.07,33695.0,24077708.0,601678,0.99,0.07
2014-04-09,7.17,7.28,7.3,7.14,61425.0,44516772.0,601678,1.68,0.12
2014-04-10,7.28,7.31,7.36,7.25,58872.0,43054540.0,601678,0.41,0.03
2014-04-11,7.28,7.35,7.41,7.25,40680.0,29842508.0,601678,0.55,0.04
2014-04-14,7.25,7.57,7.64,7.23,92807.0,69032256.0,601678,2.99,0.22
2014-04-15,7.51,7.44,7.75,7.4,82420.0,61879776.0,601678,-1.72,-0.13
2014-04-16,7.5,7.4,7.66,7.37,111837.0,84049168.0,601678,-0.54,-0.04
2014-04-17,7.38,7.38,7.49,7.35,81823.0,60630292.0,601678,-0.27,-0.02
2014-04-18,7.35,7.48,7.51,7.33,68743.0,51045780.0,601678,1.36,0.1
2014-04-21,7.46,7.26,7.56,7.21,44128.0,32726588.0,601678,-2.94,-0.22
2014-04-22,7.26,7.22,7.3,7.13,39908.0,28686140.0,601678,-0.55,-0.04
2014-04-23,7.24,7.18,7.25,7.16,31731.0,22867076.0,601678,-0.55,-0.04
2014-04-24,7.18,7.15,7.24,7.15,32346.0,23278004.0,601678,-0.42,-0.03
2014-04-25,7.18,7.0,7.19,6.99,34443.0,24422948.0,601678,-2.1,-0.15
2014-04-28,6.95,6.86,7.04,6.85,36299.0,25202728.0,601678,-2.0,-0.14
2014-04-29,6.86,7.0,7.0,6.84,32590.0,22539844.0,601678,2.04,0.14
2014-04-30,7.0,6.99,7.05,6.95,20325.0,14213834.0,601678,-0.14,-0.01
2014-05-05,6.94,7.13,7.14,6.93,28761.0,20339314.0,601678,2.0,0.14
2014-05-06,7.1,7.27,7.34,7.1,52392.0,38070800.0,601678,1.96,0.14
2014-05-07,7.27,7.21,7.34,7.17,42829.0,31096180.0,601678,-0.83,-0.06
2014-05-08,7.2,7.24,7.36,7.17,32417.0,23581500.0,601678,0.42,0.03
2014-05-09,7.26,7.49,7.66,7.18,87223.0,64822564.0,601678,3.45,0.25
2014-05-12,7.47,7.59,7.69,7.4,169920.0,128256800.0,601678,1.34,0.1
2014-05-13,7.85,7.85,8.34,7.76,240303.0,190158368.0,601678,3.43,0.26
2014-05-14,7.85,7.72,7.96,7.63,120348.0,93105512.0,601678,-1.66,-0.13
2014-05-15,7.65,7.48,7.69,7.45,85593.0,64444128.0,601678,-3.11,-0.24
2014-05-16,7.44,7.5,7.53,7.39,47942.0,35798064.0,601678,0.27,0.02
2014-05-19,7.49,7.51,7.62,7.4,56404.0,42464224.0,601678,0.13,0.01
2014-05-20,7.58,7.73,7.89,7.46,118153.0,90323904.0,601678,2.93,0.22
2014-05-21,7.65,7.72,7.82,7.55,141126.0,108202416.0,601678,-0.13,-0.01
2014-05-22,7.79,7.62,7.87,7.61,126549.0,98119792.0,601678,-1.3,-0.1
2014-05-23,7.58,7.57,7.6,7.5,67341.0,50797760.0,601678,-0.66,-0.05
2014-05-26,7.6,7.55,7.63,7.52,49787.0,37679152.0,601678,-0.26,-0.02
2014-05-27,7.57,7.46,7.58,7.42,57405.0,42949992.0,601678,-1.19,-0.09
2014-05-28,7.45,7.53,7.54,7.38,63922.0,47720092.0,601678,0.94,0.07
2014-05-29,7.52,7.3,7.52,7.29,65849.0,48699576.0,601678,-3.05,-0.23
2014-05-30,7.33,7.38,7.41,7.29,51870.0,38133216.0,601678,1.1,0.08
2014-06-03,7.44,7.47,7.55,7.38,82421.0,61742440.0,601678,1.22,0.09
2014-06-04,7.46,7.5,7.5,7.32,56169.0,41643024.0,601678,0.4,0.03
2014-06-05,7.49,7.62,7.65,7.43,91195.0,69042520.0,601678,1.6,0.12
2014-06-06,7.6,7.57,7.64,7.48,48447.0,36610652.0,601678,-0.66,-0.05
2014-06-09,7.54,7.42,7.54,7.39,47226.0,35208240.0,601678,-1.98,-0.15
2014-06-10,7.44,7.47,7.49,7.36,45019.0,33481376.0,601678,0.67,0.05
2014-06-11,7.45,7.44,7.48,7.39,36499.0,27124200.0,601678,-0.4,-0.03
2014-06-12,7.44,7.34,7.44,7.33,50684.0,37294152.0,601678,-1.34,-0.1
2014-06-13,7.33,7.4,7.44,7.32,53673.0,39731096.0,601678,0.82,0.06
2014-06-16,7.4,7.44,7.44,7.36,47152.0,34906564.0,601678,0.54,0.04
2014-06-17,7.43,7.47,7.5,7.39,55642.0,41477576.0,601678,0.4,0.03
2014-06-18,7.44,7.57,7.63,7.39,81340.0,61321708.0,601678,1.34,0.1
2014-06-19,7.59,7.27,7.59,7.22,69467.0,51417152.0,601678,-3.96,-0.3
2014-06-20,7.25,7.2,7.28,7.14,46320.0,33365246.0,601678,-0.96,-0.07
2014-06-23,7.18,7.2,7.26,7.17,35878.0,25872644.0,601678,0.0,0.0
2014-06-24,7.22,7.28,7.28,7.18,29711.0,21454140.0,601678,1.11,0.08
2014-06-25,7.26,7.22,7.27,7.18,24847.0,17924428.0,601678,-0.82,-0.06
2014-06-26,7.22,7.28,7.32,7.22,32575.0,23710904.0,601678,0.83,0.06
2014-06-27,7.29,7.45,7.47,7.29,58383.0,43119512.0,601678,2.34,0.17
2014-06-30,7.51,7.48,7.58,7.45,67525.0,50764692.0,601678,0.4,0.03
2014-07-01,7.5,7.57,7.64,7.49,71353.0,53945264.0,601678,1.2,0.09
2014-07-02,7.6,7.56,7.6,7.44,68054.0,51131396.0,601678,-0.13,-0.01
2014-07-03,7.56,7.58,7.62,7.51,58689.0,44396340.0,601678,0.26,0.02
2014-07-04,7.55,7.53,7.65,7.51,55842.0,42273000.0,601678,-0.66,-0.05
2014-07-07,7.56,7.69,7.74,7.52,86205.0,65984080.0,601678,2.12,0.16
2014-07-08,7.65,7.78,7.82,7.63,87896.0,67967296.0,601678,1.17,0.09
2014-07-09,7.77,7.53,7.81,7.52,80523.0,61771720.0,601678,-3.21,-0.25
2014-07-10,7.51,7.62,7.68,7.51,51263.0,39035944.0,601678,1.2,0.09
2014-07-11,7.63,7.83,7.84,7.61,79178.0,61474960.0,601678,2.76,0.21
2014-07-14,7.84,7.87,7.88,7.76,80682.0,63197104.0,601678,0.51,0.04
2014-07-15,7.9,7.79,7.9,7.71,83191.0,64816736.0,601678,-1.02,-0.08
2014-07-16,7.8,7.74,7.85,7.7,51712.0,40143096.0,601678,-0.64,-0.05
2014-07-17,7.77,7.75,7.77,7.61,54806.0,42069712.0,601678,0.13,0.01
2014-07-18,7.73,7.74,7.82,7.71,55863.0,43397996.0,601678,-0.13,-0.01
2014-07-21,7.76,7.69,7.77,7.59,57994.0,44432624.0,601678,-0.65,-0.05
2014-07-22,7.66,7.69,7.7,7.54,116301.0,88534744.0,601678,0.0,0.0
2014-07-23,7.74,7.97,8.29,7.74,237125.0,190446672.0,601678,3.64,0.28
2014-07-24,7.86,7.98,8.05,7.8,123370.0,97557816.0,601678,0.13,0.01
2014-07-25,8.06,8.06,8.15,7.95,139175.0,111861808.0,601678,1.0,0.08
2014-07-28,8.08,8.11,8.18,8.0,243916.0,197487664.0,601678,0.62,0.05
2014-07-29,8.1,8.23,8.3,8.0,272571.0,222316544.0,601678,1.48,0.12
2014-07-30,8.18,8.16,8.24,8.13,141853.0,115985552.0,601678,-0.85,-0.07
2014-07-31,8.18,8.18,8.18,8.07,153005.0,124423936.0,601678,0.25,0.02
2014-08-01,8.16,8.06,8.22,8.03,153773.0,125201112.0,601678,-1.47,-0.12
2014-08-04,8.06,8.25,8.26,8.02,176425.0,143785712.0,601678,2.36,0.19
2014-08-05,8.23,8.33,8.42,8.23,202898.0,169223264.0,601678,0.97,0.08
2014-08-06,8.3,8.29,8.35,8.2,109851.0,90876968.0,601678,-0.48,-0.04
2014-08-07,8.27,8.12,8.3,8.11,125506.0,102732152.0,601678,-2.05,-0.17
2014-08-08,8.11,8.15,8.19,8.08,69330.0,56401296.0,601678,0.37,0.03
2014-08-11,8.18,8.35,8.37,8.15,135001.0,111954448.0,601678,2.45,0.2
2014-08-12,8.3,8.34,8.38,8.27,84953.0,70674616.0,601678,-0.12,-0.01
2014-08-13,8.34,8.23,8.37,8.12,146598.0,120539504.0,601678,-1.32,-0.11
2014-08-14,8.22,8.19,8.26,8.15,110282.0,90529944.0,601678,-0.49,-0.04
2014-08-15,8.2,8.44,8.53,8.2,197212.0,165280160.0,601678,3.05,0.25
2014-08-18,8.41,8.49,8.5,8.38,131603.0,111118232.0,601678,0.59,0.05
2014-08-19,8.48,8.42,8.49,8.35,118897.0,100093360.0,601678,-0.82,-0.07
2014-08-20,8.42,8.6,8.69,8.37,222720.0,190177488.0,601678,2.14,0.18
2014-08-21,8.59,8.66,8.83,8.52,248946.0,215443728.0,601678,0.7,0.06
2014-08-22,8.64,8.85,8.94,8.57,257905.0,226189472.0,601678,2.19,0.19
2014-08-25,8.8,8.8,8.98,8.7,225312.0,198758464.0,601678,-0.56,-0.05
2014-08-26,8.78,8.73,8.82,8.56,233082.0,202520480.0,601678,-0.8,-0.07
2014-08-27,8.68,8.84,8.91,8.61,234293.0,206003200.0,601678,1.26,0.11
2014-08-28,8.79,8.79,8.94,8.7,235083.0,207209776.0,601678,-0.57,-0.05
2014-08-29,8.53,8.32,8.58,8.18,273798.0,229768160.0,601678,-5.35,-0.47
2014-09-01,8.3,8.65,8.67,8.28,178105.0,150464608.0,601678,3.97,0.33
2014-09-02,8.6,8.64,8.68,8.48,163290.0,140147872.0,601678,-0.12,-0.01
2014-09-03,8.63,8.65,8.75,8.55,122819.0,106256384.0,601678,0.12,0.01
2014-09-04,8.65,8.67,8.7,8.57,106540.0,92091232.0,601678,0.23,0.02
2014-09-05,8.65,8.79,8.82,8.65,143571.0,125489936.0,601678,1.38,0.12
2014-09-09,8.8,8.77,8.86,8.73,98349.0,86240312.0,601678,-0.23,-0.02
2014-09-10,8.74,8.71,8.75,8.61,109743.0,95225688.0,601678,-0.68,-0.06
2014-09-11,8.66,8.74,8.85,8.64,149701.0,131030776.0,601678,0.34,0.03
2014-09-12,8.72,8.84,8.86,8.67,114469.0,100381056.0,601678,1.14,0.1
2014-09-15,8.85,8.96,8.97,8.81,133678.0,119272336.0,601678,1.36,0.12
2014-09-16,8.94,8.59,8.99,8.57,177760.0,156148704.0,601678,-4.13,-0.37
2014-09-17,8.58,8.66,8.67,8.5,95759.0,82208240.0,601678,0.81,0.07
2014-09-18,8.67,8.7,8.78,8.62,93738.0,81513480.0,601678,0.46,0.04
2014-09-19,8.66,8.7,8.76,8.63,105165.0,91582968.0,601678,0.0,0.0
2014-09-22,8.67,8.7,8.89,8.67,159598.0,139896960.0,601678,0.0,0.0
2014-09-23,8.7,8.83,8.83,8.65,103764.0,90736336.0,601678,1.49,0.13
2014-09-24,8.84,9.0,9.1,8.84,323214.0,290275648.0,601678,1.93,0.17
2014-09-25,9.0,9.05,9.16,8.92,235550.0,212732240.0,601678,0.56,0.05
2014-09-26,9.03,9.06,9.14,8.98,150360.0,136551248.0,601678,0.11,0.01
2014-09-29,9.12,9.11,9.15,9.04,148991.0,135289136.0,601678,0.55,0.05
2014-09-30,9.18,9.09,9.19,9.05,133659.0,121587080.0,601678,-0.22,-0.02
2014-10-08,9.11,9.29,9.32,9.1,220087.0,203477152.0,601678,2.2,0.2
2014-10-09,9.3,9.25,9.33,9.12,159444.0,147180992.0,601678,-0.43,-0.04
2014-10-10,9.33,9.25,9.52,9.22,261005.0,243867824.0,601678,0.0,0.0
2014-10-13,9.22,9.41,9.42,9.14,184782.0,171970192.0,601678,1.73,0.16
2014-10-14,9.37,9.29,9.47,9.21,142381.0,133105784.0,601678,-1.28,-0.12
2014-10-15,9.28,9.22,9.33,9.08,158733.0,145789072.0,601678,-0.75,-0.07
2014-10-16,9.16,9.1,9.25,9.06,140197.0,128415184.0,601678,-1.3,-0.12
2014-10-17,9.1,9.0,9.14,8.79,130990.0,117505008.0,601678,-1.1,-0.1
2014-10-20,9.0,9.06,9.07,8.98,75827.0,68456160.0,601678,0.67,0.06
2014-10-21,9.07,8.84,9.09,8.83,97327.0,87136200.0,601678,-2.43,-0.22
2014-10-22,8.84,8.73,8.9,8.71,100897.0,88904936.0,601678,-1.24,-0.11
2014-10-23,8.68,8.61,8.75,8.51,92574.0,79995344.0,601678,-1.37,-0.12
2014-10-24,8.65,8.62,8.7,8.58,53931.0,46581684.0,601678,0.12,0.01
2014-10-27,8.6,8.67,8.69,8.51,56067.0,48373192.0,601678,0.58,0.05
2014-10-28,8.71,8.87,8.87,8.7,91117.0,80243192.0,601678,2.31,0.2
2014-10-29,8.91,8.95,8.99,8.83,124043.0,110598504.0,601678,0.9,0.08
2014-10-30,8.93,8.89,8.99,8.87,108399.0,96732832.0,601678,-0.67,-0.06
2014-10-31,8.9,9.04,9.05,8.85,147007.0,131551576.0,601678,1.69,0.15
2014-11-03,9.07,9.11,9.16,9.04,162391.0,147923280.0,601678,0.77,0.07
2014-11-04,9.11,9.11,9.18,9.02,114946.0,104549432.0,601678,0.0,0.0
2014-11-05,9.12,9.03,9.14,9.01,103166.0,93487624.0,601678,-0.88,-0.08
2014-11-06,9.03,9.0,9.07,8.88,99313.0,89070944.0,601678,-0.33,-0.03
2014-11-07,8.99,8.83,9.09,8.81,137864.0,123810272.0,601678,-1.89,-0.17
2014-11-10,8.84,9.12,9.14,8.84,128093.0,115444864.0,601678,3.28,0.29
2014-11-11,9.15,8.82,9.15,8.71,154856.0,138809120.0,601678,-3.29,-0.3
2014-11-12,8.79,8.99,8.99,8.72,85960.0,76096256.0,601678,1.93,0.17
2014-11-13,8.98,8.92,9.01,8.84,87410.0,78017376.0,601678,-0.78,-0.07
2014-11-14,8.83,8.83,8.89,8.73,69378.0,61144172.0,601678,-1.01,-0.09
2014-11-17,8.85,8.91,9.0,8.81,77128.0,68786776.0,601678,0.91,0.08
2014-11-18,8.91,9.09,9.17,8.87,158199.0,143346320.0,601678,2.02,0.18
2014-11-19,9.09,9.12,9.12,9.02,85196.0,77271376.0,601678,0.33,0.03
2014-11-20,9.08,9.06,9.11,9.01,65203.0,59124956.0,601678,-0.66,-0.06
2014-11-21,9.07,9.13,9.16,9.01,105922.0,96290312.0,601678,0.77,0.07
2014-11-24,9.22,9.22,9.35,9.13,196839.0,181952768.0,601678,0.99,0.09
2014-11-25,9.18,9.29,9.33,9.18,139791.0,129592368.0,601678,0.76,0.07
2014-11-26,9.31,9.39,9.45,9.27,166010.0,155259040.0,601678,1.08,0.1
2014-11-27,9.39,9.58,9.82,9.39,240216.0,230828992.0,601678,2.02,0.19
2014-11-28,9.6,9.57,9.76,9.4,215018.0,206046992.0,601678,-0.1,-0.01
2014-12-01,9.55,9.42,9.83,9.38,207016.0,198742672.0,601678,-1.57,-0.15
2014-12-02,9.42,9.64,9.65,9.35,168639.0,161180000.0,601678,2.34,0.22
2014-12-03,9.6,9.74,9.88,9.54,210424.0,203878160.0,601678,1.04,0.1
2014-12-04,9.77,9.8,9.89,9.71,205864.0,201773120.0,601678,0.62,0.06
2014-12-05,9.83,9.36,9.86,9.2,258723.0,245426608.0,601678,-4.49,-0.44
2014-12-08,9.35,9.48,9.55,9.23,187561.0,176294896.0,601678,1.28,0.12
2014-12-09,9.45,9.27,9.74,9.23,265080.0,249688816.0,601678,-2.22,-0.21
2014-12-10,9.24,9.49,9.52,9.1,174549.0,163330848.0,601678,2.37,0.22
2014-12-11,9.48,9.72,9.77,9.39,207216.0,199872816.0,601678,2.42,0.23
2014-12-12,9.76,10.12,10.2,9.68,322392.0,320665952.0,601678,4.12,0.4
2014-12-15,10.18,10.09,10.22,9.91,225776.0,226516128.0,601678,-0.3,-0.03
2014-12-16,10.11,10.21,10.24,9.94,203400.0,204857696.0,601678,1.19,0.12
2014-12-17,10.15,9.94,10.17,9.78,200497.0,200264992.0,601678,-2.64,-0.27
2014-12-18,9.9,9.94,10.06,9.84,108002.0,107678328.0,601678,0.0,0.0
2014-12-19,10.09,10.18,10.48,9.94,263312.0,268254096.0,601678,2.41,0.24
2014-12-22,10.22,9.74,10.25,9.63,231250.0,228815536.0,601678,-4.32,-0.44
2014-12-23,9.7,9.68,9.97,9.65,129913.0,127274784.0,601678,-0.62,-0.06
2014-12-24,9.85,9.97,9.99,9.65,132093.0,129753944.0,601678,3.0,0.29
2014-12-25,10.03,10.76,10.93,10.0,466681.0,492112000.0,601678,7.92,0.79
2014-12-26,10.6,10.74,11.0,10.58,409213.0,441215584.0,601678,-0.19,-0.02
2014-12-29,10.7,10.75,10.77,10.38,277196.0,293519904.0,601678,0.09,0.01
2014-12-30,10.72,10.51,10.85,10.45,166849.0,176790576.0,601678,-2.23,-0.24
2014-12-31,10.42,10.39,10.47,10.2,180251.0,186422576.0,601678,-1.14,-0.12
2015-01-05,10.4,10.72,10.83,10.31,256842.0,272754592.0,601678,3.18,0.33
2015-01-06,10.65,11.0,11.06,10.53,270642.0,293536704.0,601678,2.61,0.28
2015-01-07,10.89,10.9,10.99,10.65,201192.0,217418640.0,601678,-0.91,-0.1
2015-01-08,10.81,10.61,11.08,10.6,192517.0,208318080.0,601678,-2.66,-0.29
2015-01-09,10.58,10.43,10.76,10.4,154457.0,163703472.0,601678,-1.7,-0.18
2015-01-12,10.34,9.99,10.34,9.89,184718.0,186306624.0,601678,-4.22,-0.44
2015-01-13,9.89,10.02,10.1,9.87,84692.0,84689984.0,601678,0.3,0.03
2015-01-14,10.0,9.92,10.15,9.85,89945.0,90056664.0,601678,-1.0,-0.1
2015-01-15,9.96,10.16,10.18,9.96,96680.0,97613400.0,601678,2.42,0.24
2015-01-16,10.17,10.16,10.27,10.09,93735.0,95344000.0,601678,0.0,0.0
2015-01-19,9.82,9.52,10.0,9.37,172358.0,168254896.0,601678,-6.3,-0.64
2015-01-20,9.55,9.83,9.83,9.55,119733.0,116267328.0,601678,3.26,0.31
2015-01-21,9.86,10.09,10.13,9.85,118268.0,118672976.0,601678,2.64,0.26
2015-01-22,10.1,10.22,10.26,10.06,98538.0,100028072.0,601678,1.29,0.13
2015-01-23,10.23,10.12,10.26,10.03,91795.0,92857544.0,601678,-0.98,-0.1
2015-01-26,10.08,10.42,10.45,10.07,133954.0,137858736.0,601678,2.96,0.3
2015-01-27,10.4,10.43,10.55,10.25,155611.0,161850880.0,601678,0.1,0.01
2015-01-28,10.37,10.45,10.65,10.32,148384.0,155758208.0,601678,0.19,0.02
2015-01-29,10.38,10.37,10.51,10.3,99827.0,103696400.0,601678,-0.77,-0.08
2015-01-30,10.36,10.41,10.7,10.36,172169.0,181425120.0,601678,0.39,0.04
2015-02-02,10.31,10.6,10.65,9.98,138913.0,144463488.0,601678,1.83,0.19
2015-02-03,10.58,10.64,10.73,10.49,114271.0,121229200.0,601678,0.38,0.04
2015-02-04,10.62,10.34,10.65,10.34,114571.0,120028232.0,601678,-2.82,-0.3
2015-02-05,10.45,10.32,10.55,10.31,108806.0,113325480.0,601678,-0.19,-0.02
2015-02-06,10.32,10.02,10.4,9.95,128382.0,130227488.0,601678,-2.91,-0.3
2015-02-09,10.02,10.04,10.13,9.99,61060.0,61412352.0,601678,0.2,0.02
2015-02-10,10.05,10.13,10.13,10.01,67028.0,67542376.0,601678,0.9,0.09
2015-02-11,10.13,10.13,10.17,10.05,57433.0,58110912.0,601678,0.0,0.0
2015-02-12,10.15,10.46,10.48,10.11,107675.0,111182016.0,601678,3.26,0.33
2015-02-13,10.52,10.77,10.8,10.43,162686.0,171918208.0,601678,2.96,0.31
2015-02-16,10.79,10.92,10.97,10.72,209361.0,227842832.0,601678,1.39,0.15
2015-02-17,11.19,10.75,11.27,10.71,228511.0,250394736.0,601678,-1.56,-0.17
2015-02-25,10.79,10.92,11.06,10.67,155823.0,169893072.0,601678,1.58,0.17
2015-02-26,11.01,11.47,11.5,11.0,281384.0,319296704.0,601678,5.04,0.55
2015-02-27,11.43,11.39,11.73,11.3,221619.0,255504224.0,601678,-0.7,-0.08
2015-03-02,11.4,11.54,11.58,11.34,156271.0,179137648.0,601678,1.32,0.15
2015-03-03,11.54,11.45,11.69,11.35,166967.0,192054208.0,601678,-0.78,-0.09
2015-03-04,11.43,11.37,11.52,11.24,141328.0,160425472.0,601678,-0.7,-0.08
2015-03-05,11.37,11.5,11.52,11.2,120947.0,136959712.0,601678,1.14,0.13
2015-03-06,11.52,11.38,11.62,11.31,99183.0,113422336.0,601678,-1.04,-0.12
2015-03-09,11.37,11.5,11.5,11.26,128885.0,147133376.0,601678,1.05,0.12
2015-03-10,11.65,12.08,12.29,11.65,295059.0,355839552.0,601678,5.04,0.58
2015-03-11,11.96,11.98,12.18,11.85,147316.0,176757632.0,601678,-0.83,-0.1
2015-03-12,11.98,12.1,12.22,11.9,114405.0,137613760.0,601678,1.0,0.12
2015-03-13,12.12,12.09,12.2,11.95,100962.0,121696944.0,601678,-0.08,-0.01
2015-03-16,12.14,12.39,12.47,12.02,204728.0,251507392.0,601678,2.48,0.3
2015-03-17,12.52,12.35,12.58,12.27,215243.0,266837072.0,601678,-0.32,-0.04
2015-03-18,12.36,12.44,12.45,12.15,246845.0,304021888.0,601678,0.73,0.09
2015-03-19,12.44,12.58,12.64,12.31,183289.0,228843056.0,601678,1.13,0.14
2015-03-20,12.55,12.5,12.6,12.41,139150.0,173836160.0,601678,-0.64,-0.08
2015-03-23,12.57,12.88,12.93,12.49,211632.0,269797696.0,601678,3.04,0.38
2015-03-24,12.87,12.81,13.12,12.37,250767.0,320458656.0,601678,-0.54,-0.07
2015-03-25,12.79,12.68,12.84,12.52,187614.0,237385792.0,601678,-1.01,-0.13
2015-03-26,12.63,12.7,12.88,12.52,153778.0,195282320.0,601678,0.16,0.02
2015-03-27,12.7,12.8,12.85,12.61,115256.0,146700576.0,601678,0.79,0.1
2015-03-30,12.81,12.98,13.15,12.8,187855.0,243780000.0,601678,1.41,0.18
2015-03-31,13.02,13.26,13.47,12.9,246911.0,325080192.0,601678,2.16,0.28
2015-04-01,13.27,13.92,14.02,13.27,262834.0,359858880.0,601678,4.98,0.66
2015-04-02,13.96,13.9,14.09,13.64,226501.0,313167744.0,601678,-0.14,-0.02
2015-04-03,13.78,14.86,14.97,13.72,335132.0,482767136.0,601678,6.91,0.96
2015-04-07,14.86,15.36,15.45,14.82,298487.0,453693952.0,601678,3.36,0.5
2015-04-08,15.81,15.51,16.2,15.3,442038.0,693079808.0,601678,0.98,0.15
2015-04-09,15.51,14.92,15.54,14.0,334753.0,495261216.0,601678,-3.8,-0.59
2015-04-10,14.7,15.78,15.79,14.62,249016.0,383351104.0,601678,5.76,0.86
2015-04-13,16.06,15.8,16.2,15.64,286520.0,455804864.0,601678,0.13,0.02
2015-04-14,15.74,15.47,15.75,15.25,250930.0,388570784.0,601678,-2.09,-0.33
2015-04-15,10.32,10.07,10.78,9.97,235088.0,243200976.0,601678,-34.91,-5.4
2015-04-16,9.3,9.81,9.98,9.2,346748.0,333708672.0,601678,-2.58,-0.26
2015-04-17,9.85,9.62,9.92,9.51,362282.0,350416032.0,601678,-1.94,-0.19
2015-04-20,9.5,9.04,9.52,9.0,444066.0,413404416.0,601678,-6.03,-0.58
2015-04-21,9.0,9.4,9.41,8.99,276326.0,255199984.0,601678,3.98,0.36
2015-04-22,9.44,9.7,9.77,9.44,370431.0,356687552.0,601678,3.19,0.3
2015-04-23,9.77,9.93,9.94,9.45,453237.0,438085952.0,601678,2.37,0.23
2015-04-24,9.79,9.83,9.94,9.63,337614.0,330761728.0,601678,-1.01,-0.1
2015-04-27,9.86,9.79,9.92,9.72,318889.0,312713888.0,601678,-0.41,-0.04
2015-04-28,9.8,9.29,9.8,9.2,384712.0,363181504.0,601678,-5.11,-0.5
2015-04-29,9.23,9.4,9.41,9.14,210062.0,195849184.0,601678,1.18,0.11
2015-04-30,9.41,9.26,9.44,9.25,220286.0,205132976.0,601678,-1.49,-0.14
2015-05-04,9.28,9.3,9.35,9.17,189764.0,175770912.0,601678,0.43,0.04
2015-05-05,9.3,8.82,9.32,8.81,263920.0,239776224.0,601678,-5.16,-0.48
2015-05-06,8.84,8.72,9.03,8.64,195664.0,173793664.0,601678,-1.13,-0.1
2015-05-07,8.66,8.54,8.74,8.52,164875.0,142173728.0,601678,-2.06,-0.18
2015-05-08,8.62,8.83,8.84,8.62,186491.0,162687616.0,601678,3.4,0.29
2015-05-11,8.92,9.26,9.27,8.84,264983.0,240368528.0,601678,4.87,0.43
2015-05-12,9.3,9.27,9.36,9.16,250543.0,231764288.0,601678,0.11,0.01
2015-05-13,9.23,9.33,9.43,9.16,278080.0,258447056.0,601678,0.65,0.06
2015-05-14,9.33,9.24,9.35,9.19,201119.0,186144432.0,601678,-0.96,-0.09
2015-05-15,9.24,8.98,9.24,8.91,210020.0,189695968.0,601678,-2.81,-0.26
2015-05-18,8.86,8.98,9.04,8.83,159522.0,142981376.0,601678,0.0,0.0
2015-05-19,8.98,9.29,9.33,8.98,270605.0,249691168.0,601678,3.45,0.31
2015-05-20,9.34,9.39,9.6,9.29,397764.0,376430720.0,601678,1.08,0.1
2015-05-21,9.37,9.82,9.87,9.35,482394.0,463366272.0,601678,4.58,0.43
2015-05-22,9.85,10.09,10.18,9.61,726686.0,718245312.0,601678,2.75,0.27
2015-05-25,10.04,10.5,10.58,9.95,707898.0,729246848.0,601678,4.06,0.41
2015-05-26,10.55,10.66,10.77,10.32,764750.0,809167104.0,601678,1.52,0.16
2015-05-27,10.61,10.59,10.7,10.34,560405.0,589275520.0,601678,-0.66,-0.07
2015-05-28,10.53,9.82,10.95,9.7,663705.0,696050304.0,601678,-7.27,-0.77
2015-05-29,9.74,9.76,9.99,9.28,386787.0,375587040.0,601678,-0.61,-0.06
2015-06-01,9.76,10.4,10.42,9.69,392167.0,394957920.0,601678,6.56,0.64
2015-06-02,10.35,10.76,10.77,10.28,581771.0,612068352.0,601678,3.46,0.36
2015-06-03,10.78,11.05,11.19,10.55,674823.0,734534336.0,601678,2.7,0.29
2015-06-04,11.08,10.85,11.17,10.08,581625.0,626000896.0,601678,-1.81,-0.2
2015-06-05,10.92,11.59,11.6,10.88,866387.0,977294656.0,601678,6.82,0.74
2015-06-08,11.63,11.55,11.98,11.3,740421.0,858193088.0,601678,-0.35,-0.04
2015-06-09,11.48,11.39,11.49,11.17,432254.0,489043232.0,601678,-1.39,-0.16
2015-06-10,11.35,11.47,11.6,11.15,418245.0,478355456.0,601678,0.7,0.08
2015-06-11,11.43,11.92,11.96,11.21,496083.0,571346048.0,601678,3.92,0.45
2015-06-12,12.08,11.96,12.28,11.82,608889.0,733332672.0,601678,0.34,0.04
2015-06-15,11.95,11.58,11.99,11.48,523207.0,614355328.0,601678,-3.18,-0.38
2015-06-16,11.5,11.04,11.5,10.9,465355.0,519315616.0,601678,-4.66,-0.54
2015-06-17,11.03,11.52,11.67,10.81,391392.0,437150880.0,601678,4.35,0.48
2015-06-18,11.34,11.07,11.6,11.05,351563.0,400356864.0,601678,-3.91,-0.45
2015-06-19,10.82,9.96,10.92,9.96,400032.0,417045088.0,601678,-10.03,-1.11
2015-06-23,9.9,10.17,10.23,9.12,319999.0,315848832.0,601678,2.11,0.21
2015-06-24,10.25,10.38,10.41,10.08,333814.0,343397536.0,601678,2.06,0.21
2015-06-25,10.33,9.91,10.38,9.6,319396.0,322523360.0,601678,-4.53,-0.47
2015-06-26,9.6,8.92,9.74,8.92,349944.0,323870688.0,601678,-9.99,-0.99
2015-06-29,9.19,8.23,9.25,8.03,418287.0,358070784.0,601678,-7.74,-0.69
2015-06-30,8.25,8.97,9.05,7.66,415758.0,348489888.0,601678,8.99,0.74
2015-07-01,8.81,8.19,9.14,8.15,341005.0,301075296.0,601678,-8.7,-0.78
2015-07-02,8.32,8.0,8.49,7.68,319017.0,259659968.0,601678,-2.32,-0.19
2015-07-03,7.8,7.62,8.26,7.23,342128.0,265067312.0,601678,-4.75,-0.38
2015-07-06,8.38,7.96,8.38,7.16,416782.0,325552800.0,601678,4.46,0.34
2015-07-07,7.78,7.16,7.78,7.16,349940.0,256263904.0,601678,-10.05,-0.8
2015-07-08,6.44,6.55,7.0,6.44,849816.0,569970176.0,601678,-8.52,-0.61
2015-07-09,6.44,7.21,7.21,6.44,245148.0,172182768.0,601678,10.08,0.66
2015-07-10,7.29,7.93,7.93,7.25,278053.0,217837408.0,601678,9.99,0.72
2015-07-13,8.35,8.72,8.72,8.15,531286.0,452367712.0,601678,9.96,0.79
2015-07-14,8.5,8.46,9.0,8.32,505366.0,436042048.0,601678,-2.98,-0.26
2015-07-15,8.26,7.61,8.37,7.61,350719.0,276542656.0,601678,-10.05,-0.85
2015-07-16,7.61,7.92,8.07,7.2,282514.0,218360704.0,601678,4.07,0.31
2015-07-17,7.95,8.49,8.57,7.93,273904.0,226247664.0,601678,7.2,0.57
2015-07-20,8.43,8.45,8.66,8.32,283139.0,240350160.0,601678,-0.47,-0.04
2015-07-21,8.3,8.54,8.8,8.21,261273.0,222586400.0,601678,1.07,0.09
2015-07-22,8.48,8.49,8.65,8.25,206258.0,174656944.0,601678,-0.59,-0.05
2015-07-23,8.5,8.75,8.82,8.48,384242.0,332999264.0,601678,3.06,0.26
2015-07-24,8.79,8.66,8.84,8.51,391273.0,340650176.0,601678,-1.03,-0.09
2015-07-27,8.59,7.79,8.7,7.79,361882.0,302922368.0,601678,-10.05,-0.87
2015-07-28,7.63,7.76,7.87,7.09,318083.0,240614800.0,601678,-0.39,-0.03
2015-07-29,7.83,8.18,8.2,7.56,206577.0,162050256.0,601678,5.41,0.42
2015-07-30,8.12,7.92,8.29,7.88,194387.0,158329136.0,601678,-3.18,-0.26
2015-07-31,7.92,7.83,7.97,7.75,163003.0,127286544.0,601678,-1.14,-0.09
2015-08-03,7.69,8.08,8.11,7.62,224798.0,173909968.0,601678,3.19,0.25
2015-08-04,8.02,8.43,8.44,8.01,228534.0,188100272.0,601678,4.33,0.35
2015-08-05,8.37,8.54,8.58,8.22,283902.0,238520224.0,601678,1.3,0.11
2015-08-06,8.32,8.45,8.62,8.29,245469.0,207267968.0,601678,-1.05,-0.09
2015-08-07,8.48,8.56,8.64,8.42,253592.0,216586144.0,601678,1.3,0.11
2015-08-10,8.6,8.87,8.96,8.49,378255.0,330833600.0,601678,3.62,0.31
2015-08-11,8.81,8.75,8.88,8.7,320126.0,281117312.0,601678,-1.35,-0.12
2015-08-12,8.69,8.5,8.8,8.49,210399.0,182073760.0,601678,-2.86,-0.25
2015-08-13,8.46,8.72,8.73,8.4,199901.0,171444640.0,601678,2.59,0.22
2015-08-14,8.78,8.9,9.02,8.75,407628.0,362681312.0,601678,2.06,0.18
2015-08-17,9.05,9.41,9.47,8.83,525106.0,479711136.0,601678,5.73,0.51
2015-08-18,9.35,8.47,9.39,8.47,396534.0,357759840.0,601678,-9.99,-0.94
2015-08-19,8.12,8.6,8.7,7.89,271770.0,225325968.0,601678,1.53,0.13
2015-08-20,8.51,8.56,8.96,8.46,274357.0,239210128.0,601678,-0.47,-0.04
2015-08-21,8.39,7.87,8.49,7.8,262534.0,213768816.0,601678,-8.06,-0.69
2015-08-24,7.5,7.08,7.7,7.08,208096.0,149366912.0,601678,-10.04,-0.79
2015-08-25,6.47,6.37,6.75,6.37,340317.0,218829488.0,601678,-10.03,-0.71
2015-08-26,6.5,6.35,6.77,6.19,216611.0,140654464.0,601678,-0.31,-0.02
2015-08-27,6.4,6.7,6.72,6.32,175717.0,115017504.0,601678,5.51,0.35
2015-08-28,6.82,7.11,7.12,6.72,234199.0,161457248.0,601678,6.12,0.41
2015-08-31,7.02,6.84,7.02,6.8,147434.0,101426936.0,601678,-3.8,-0.27
2015-09-01,6.82,6.54,6.85,6.3,161202.0,105396488.0,601678,-4.39,-0.3
2015-09-02,6.36,6.86,6.99,6.28,282937.0,189527056.0,601678,4.89,0.32
2015-09-07,6.86,6.7,7.19,6.6,281834.0,195233104.0,601678,-2.33,-0.16
2015-09-08,6.67,7.03,7.05,6.57,155876.0,106312720.0,601678,4.93,0.33
2015-09-09,7.02,7.23,7.33,7.02,295240.0,211668752.0,601678,2.84,0.2
2015-09-10,7.08,7.03,7.17,7.01,126948.0,90017216.0,601678,-2.77,-0.2
2015-09-11,7.05,7.01,7.13,6.87,102801.0,71967344.0,601678,-0.28,-0.02
2015-09-14,7.05,6.32,7.09,6.31,193471.0,127874840.0,601678,-9.84,-0.69
2015-09-15,6.3,6.09,6.47,6.06,139555.0,87540928.0,601678,-3.64,-0.23
2015-09-16,6.16,6.6,6.7,6.06,176200.0,112026104.0,601678,8.37,0.51
2015-09-17,6.52,6.39,6.74,6.35,186799.0,122187880.0,601678,-3.18,-0.21
2015-09-18,6.46,6.41,6.5,6.33,90547.0,58027652.0,601678,0.31,0.02
2015-09-21,6.35,6.56,6.57,6.28,107250.0,69421968.0,601678,2.34,0.15
2015-09-22,6.55,6.65,6.77,6.52,148794.0,98911256.0,601678,1.37,0.09
2015-09-23,6.56,6.46,6.64,6.44,104408.0,68075128.0,601678,-2.86,-0.19
2015-09-24,6.49,6.6,6.64,6.49,72010.0,47341004.0,601678,2.17,0.14
2015-09-25,6.57,6.38,6.65,6.33,88264.0,57046232.0,601678,-3.33,-0.22
2015-09-28,6.4,6.53,6.56,6.32,66166.0,42727448.0,601678,2.35,0.15
2015-09-29,6.45,6.36,6.48,6.3,57735.0,36809416.0,601678,-2.6,-0.17
2015-09-30,6.41,6.41,6.46,6.37,45341.0,29087474.0,601678,0.79,0.05
2015-10-08,6.63,6.68,6.7,6.6,121395.0,80770896.0,601678,4.21,0.27
2015-10-09,6.7,6.82,6.87,6.65,164277.0,111548240.0,601678,2.1,0.14
2015-10-12,6.92,7.28,7.38,6.92,317875.0,230034096.0,601678,6.74,0.46
2015-10-13,7.24,7.32,7.37,7.18,198783.0,144682272.0,601678,0.55,0.04
2015-10-14,7.26,7.37,7.52,7.21,235431.0,174552768.0,601678,0.68,0.05
2015-10-15,7.45,7.89,7.93,7.35,279822.0,214852848.0,601678,7.06,0.52
2015-10-16,7.88,7.77,7.88,7.55,428784.0,329891776.0,601678,-1.52,-0.12
2015-10-19,7.67,7.7,7.82,7.59,244114.0,188006144.0,601678,-0.9,-0.07
2015-10-20,7.7,7.8,7.85,7.63,212604.0,164774816.0,601678,1.3,0.1
2015-10-21,7.75,7.18,7.81,7.15,286968.0,215937776.0,601678,-7.95,-0.62
2015-10-22,7.2,7.41,7.41,7.19,154287.0,112760984.0,601678,3.2,0.23
2015-10-23,7.44,7.64,7.67,7.44,176985.0,133739376.0,601678,3.1,0.23
2015-10-26,7.75,7.69,7.78,7.62,172100.0,132409680.0,601678,0.65,0.05
2015-10-27,7.65,7.58,7.65,7.3,160604.0,120394696.0,601678,-1.43,-0.11
2015-10-28,7.5,7.43,7.64,7.41,137910.0,103708808.0,601678,-1.98,-0.15
2015-10-29,7.5,7.52,7.58,7.36,119544.0,89528584.0,601678,1.21,0.09
2015-10-30,7.52,7.53,7.65,7.38,101824.0,76635712.0,601678,0.13,0.01
2015-11-02,7.46,7.57,7.67,7.39,123903.0,93729024.0,601678,0.53,0.04
2015-11-03,7.57,7.8,7.84,7.55,229850.0,177722592.0,601678,3.04,0.23
2015-11-04,7.81,8.09,8.1,7.74,308353.0,244322656.0,601678,3.72,0.29
2015-11-05,8.05,7.9,8.14,7.84,458036.0,363934016.0,601678,-2.35,-0.19
2015-11-06,7.9,8.02,8.16,7.88,223565.0,179243232.0,601678,1.52,0.12
2015-11-09,7.92,7.9,8.05,7.87,345039.0,274128992.0,601678,-1.5,-0.12
2015-11-10,7.94,7.98,8.05,7.91,278840.0,222619488.0,601678,1.01,0.08
2015-11-11,8.0,8.0,8.01,7.89,196614.0,156437136.0,601678,0.25,0.02
2015-11-12,7.98,8.1,8.14,7.91,298712.0,239249824.0,601678,1.25,0.1
2015-11-13,8.02,7.88,8.08,7.86,224401.0,178586544.0,601678,-2.72,-0.22
2015-11-16,7.7,7.95,7.96,7.66,131296.0,102558176.0,601678,0.89,0.07
2015-11-17,7.99,7.93,8.05,7.92,214252.0,171306832.0,601678,-0.25,-0.02
2015-11-18,7.94,7.9,8.07,7.85,157841.0,125995240.0,601678,-0.38,-0.03
2015-11-19,7.93,8.0,8.01,7.86,140552.0,111591072.0,601678,1.27,0.1
2015-11-20,7.98,8.05,8.13,7.97,199614.0,160845696.0,601678,0.63,0.05
2015-11-23,8.06,7.97,8.14,7.94,201474.0,162320672.0,601678,-0.99,-0.08
2015-11-24,7.93,7.97,7.97,7.82,142382.0,112475680.0,601678,0.0,0.0
2015-11-25,7.96,8.02,8.04,7.9,146703.0,117063040.0,601678,0.63,0.05
2015-11-26,8.02,8.11,8.23,8.02,316537.0,257232336.0,601678,1.12,0.09
2015-11-27,8.07,7.48,8.16,7.41,283658.0,221750192.0,601678,-7.77,-0.63
2015-11-30,7.51,7.58,7.64,7.27,160333.0,120022328.0,601678,1.34,0.1
2015-12-01,7.58,7.72,7.81,7.48,152561.0,117348656.0,601678,1.85,0.14
2015-12-02,7.73,7.8,7.82,7.6,127839.0,98690176.0,601678,1.04,0.08
2015-12-03,7.79,7.9,7.91,7.76,121236.0,94981632.0,601678,1.28,0.1
2015-12-04,7.9,7.77,7.9,7.73,116716.0,91193520.0,601678,-1.65,-0.13
2015-12-07,7.78,8.04,8.05,7.77,204277.0,161584128.0,601678,3.47,0.27
2015-12-08,7.96,7.69,8.0,7.67,221606.0,172978000.0,601678,-4.35,-0.35
2015-12-09,7.66,7.63,7.78,7.55,103340.0,79172208.0,601678,-0.78,-0.06
2015-12-10,7.59,7.65,7.7,7.58,74194.0,56832156.0,601678,0.26,0.02
2015-12-11,7.65,7.71,7.77,7.56,105135.0,80812480.0,601678,0.78,0.06
2015-12-14,7.66,7.83,7.84,7.63,121674.0,94262640.0,601678,1.56,0.12
2015-12-15,7.82,7.98,8.02,7.82,203314.0,161354656.0,601678,1.92,0.15
2015-12-16,8.03,7.94,8.05,7.9,136781.0,108760216.0,601678,-0.5,-0.04
2015-12-17,7.94,8.09,8.1,7.94,282235.0,226575072.0,601678,1.89,0.15
2015-12-18,8.06,7.99,8.09,7.96,146139.0,117055032.0,601678,-1.24,-0.1
2015-12-21,7.94,8.05,8.12,7.91,225513.0,180800384.0,601678,0.75,0.06
2015-12-22,8.08,8.36,8.37,8.01,333637.0,273947648.0,601678,3.85,0.31
2015-12-23,8.36,8.24,8.45,8.23,264793.0,220944368.0,601678,-1.44,-0.12
2015-12-24,8.24,8.17,8.38,8.05,203837.0,166729936.0,601678,-0.85,-0.07
2015-12-25,8.2,8.24,8.25,8.15,130804.0,107334784.0,601678,0.86,0.07
2015-12-28,8.22,7.94,8.32,7.91,201606.0,164477056.0,601678,-3.64,-0.3
2015-12-29,7.93,7.98,8.04,7.87,137145.0,108976560.0,601678,0.5,0.04
2015-12-30,7.98,8.02,8.06,7.91,122633.0,98258992.0,601678,0.5,0.04
2016-01-05,7.22,7.22,7.4,7.22,533453.0,386245984.0,601678,-9.98,-0.8
2016-01-06,7.05,7.22,7.25,6.98,342734.0,243147216.0,601678,0.0,0.0
2016-01-07,7.08,6.5,7.08,6.5,78426.0,53317728.0,601678,-9.97,-0.72
2016-01-08,6.71,6.61,6.75,6.31,249986.0,163934832.0,601678,1.69,0.11
2016-01-11,6.53,6.1,6.53,6.02,181971.0,115268256.0,601678,-7.72,-0.51
2016-01-12,6.1,6.19,6.24,6.05,113601.0,69918296.0,601678,1.48,0.09
2016-01-13,6.21,6.02,6.28,6.0,122665.0,75610344.0,601678,-2.75,-0.17
2016-01-14,5.9,6.17,6.18,5.85,127247.0,76743552.0,601678,2.49,0.15
2016-01-15,6.17,5.94,6.21,5.87,125330.0,75964728.0,601678,-3.73,-0.23
2016-01-18,5.84,5.99,6.07,5.8,83786.0,50032564.0,601678,0.84,0.05
2016-01-19,6.0,6.19,6.24,5.92,125564.0,76616688.0,601678,3.34,0.2
2016-01-20,6.15,6.1,6.2,6.01,116751.0,71369152.0,601678,-1.45,-0.09
2016-01-21,6.0,5.99,6.18,5.98,107312.0,65234420.0,601678,-1.8,-0.11
2016-01-22,6.04,6.08,6.1,5.95,77435.0,46753608.0,601678,1.5,0.09
2016-01-25,6.15,6.08,6.15,6.05,81293.0,49662496.0,601678,0.0,0.0
2016-01-26,6.04,5.54,6.05,5.5,128347.0,74837208.0,601678,-8.88,-0.54
2016-01-27,5.6,5.52,5.64,5.28,101677.0,55847420.0,601678,-0.36,-0.02
2016-01-28,5.46,5.4,5.55,5.38,58419.0,31942244.0,601678,-2.17,-0.12
2016-01-29,5.42,5.6,5.63,5.39,79757.0,44122848.0,601678,3.7,0.2
2016-02-01,5.71,5.77,5.83,5.67,191628.0,110501784.0,601678,3.04,0.17
2016-02-02,5.7,5.86,5.92,5.7,113093.0,66115704.0,601678,1.56,0.09
2016-02-03,5.78,5.83,5.85,5.68,75818.0,43606860.0,601678,-0.51,-0.03
2016-02-04,5.82,5.96,6.0,5.82,111599.0,66292776.0,601678,2.23,0.13
2016-02-05,5.96,5.89,6.0,5.85,59421.0,35160956.0,601678,-1.17,-0.07
2016-02-15,5.79,5.83,5.86,5.69,59027.0,34134012.0,601678,-1.02,-0.06
2016-02-16,5.84,6.13,6.15,5.84,133485.0,80329592.0,601678,5.15,0.3
2016-02-17,6.45,6.71,6.74,6.4,441988.0,295327392.0,601678,9.46,0.58
2016-02-18,6.53,6.48,6.64,6.42,316580.0,206481104.0,601678,-3.43,-0.23
2016-02-19,6.43,6.44,6.48,6.37,123656.0,79470616.0,601678,-0.62,-0.04
2016-02-22,6.49,6.55,6.57,6.43,180314.0,117298264.0,601678,1.71,0.11
2016-02-23,6.56,6.46,6.56,6.38,123465.0,79681264.0,601678,-1.37,-0.09
2016-02-24,6.5,6.61,6.68,6.45,185575.0,121925056.0,601678,2.32,0.15
2016-02-25,6.57,6.0,6.59,5.99,200885.0,125731760.0,601678,-9.23,-0.61
2016-02-26,6.2,6.36,6.42,6.13,183562.0,115448560.0,601678,6.0,0.36
2016-02-29,6.31,6.1,6.33,5.97,134714.0,81733352.0,601678,-4.09,-0.26
2016-03-01,6.12,6.39,6.43,6.08,138465.0,86379672.0,601678,4.75,0.29
2016-03-02,6.4,6.63,6.67,6.33,219200.0,143354256.0,601678,3.76,0.24
2016-03-03,6.63,6.55,6.74,6.53,198183.0,131152520.0,601678,-1.21,-0.08
2016-03-04,6.58,6.47,6.68,6.41,166863.0,109281760.0,601678,-1.22,-0.08
2016-03-07,6.55,6.8,6.87,6.55,212658.0,142624864.0,601678,5.1,0.33
2016-03-08,6.87,6.69,6.87,6.5,182163.0,121073760.0,601678,-1.62,-0.11
2016-03-09,6.56,6.46,6.62,6.44,129311.0,84284032.0,601678,-3.44,-0.23
2016-03-10,6.5,6.41,6.57,6.4,98713.0,64138244.0,601678,-0.77,-0.05
2016-03-11,6.36,6.42,6.44,6.26,76048.0,48405624.0,601678,0.16,0.01
2016-03-14,6.5,6.59,6.68,6.46,115224.0,76119096.0,601678,2.65,0.17
2016-03-15,6.6,6.79,6.83,6.52,210838.0,141511328.0,601678,3.03,0.2
2016-03-16,6.82,6.65,6.88,6.62,170993.0,114884152.0,601678,-2.06,-0.14
2016-03-17,6.66,6.85,6.86,6.62,204962.0,138435344.0,601678,3.01,0.2
2016-03-18,7.0,7.05,7.1,6.93,309508.0,217403616.0,601678,2.92,0.2
2016-03-21,7.06,7.09,7.1,6.99,245847.0,173555504.0,601678,0.57,0.04
2016-03-22,7.05,7.0,7.05,6.96,140491.0,98383160.0,601678,-1.27,-0.09
2016-03-23,6.92,6.98,7.03,6.91,107853.0,75074576.0,601678,-0.29,-0.02
2016-03-24,6.94,6.89,6.99,6.88,160803.0,111190424.0,601678,-1.29,-0.09
2016-03-25,6.9,6.93,6.95,6.84,81140.0,55959856.0,601678,0.58,0.04
2016-03-28,6.9,6.81,6.96,6.78,180689.0,124513552.0,601678,-1.73,-0.12
2016-03-29,6.8,6.63,6.84,6.61,101878.0,68455264.0,601678,-2.64,-0.18
2016-03-30,6.7,6.98,6.98,6.7,155664.0,106629592.0,601678,5.28,0.35
2016-03-31,6.98,6.9,7.0,6.86,149682.0,103517720.0,601678,-1.15,-0.08
2016-04-01,6.9,6.9,6.93,6.77,101954.0,69863560.0,601678,0.0,0.0
2016-04-05,6.88,7.02,7.02,6.87,143185.0,99756624.0,601678,1.74,0.12
2016-04-06,6.98,6.97,7.01,6.91,95486.0,66506544.0,601678,-0.71,-0.05
2016-04-07,6.97,6.93,7.0,6.92,100377.0,69840416.0,601678,-0.57,-0.04
2016-04-08,6.83,6.83,6.9,6.78,79006.0,53975728.0,601678,-1.44,-0.1
2016-04-11,6.86,6.96,7.0,6.85,98445.0,68417760.0,601678,1.9,0.13
2016-04-12,6.95,6.89,6.98,6.84,78014.0,53804648.0,601678,-1.01,-0.07
2016-04-13,6.91,7.14,7.28,6.91,311641.0,221850672.0,601678,3.63,0.25
2016-04-14,7.19,7.34,7.35,7.14,343500.0,249184240.0,601678,2.8,0.2
2016-04-15,7.25,7.27,7.33,7.2,159935.0,115979808.0,601678,-0.95,-0.07
2016-04-18,7.24,7.27,7.35,7.2,156356.0,113764056.0,601678,0.0,0.0
2016-04-19,7.11,7.12,7.26,7.06,185818.0,132588056.0,601678,-2.06,-0.15
2016-04-20,7.14,6.7,7.17,6.5,217442.0,148400512.0,601678,-5.9,-0.42
2016-04-21,6.69,6.71,6.88,6.66,89937.0,60831760.0,601678,0.15,0.01
2016-04-22,6.65,6.75,6.83,6.64,84497.0,56809796.0,601678,0.6,0.04
2016-04-25,5.5,5.47,5.53,5.38,57275.0,31124136.0,601678,-18.96,-1.28
2016-04-26,5.48,5.54,5.56,5.42,71127.0,39008416.0,601678,1.28,0.07
2016-04-27,5.54,5.47,5.57,5.46,67873.0,37409612.0,601678,-1.26,-0.07
2016-04-28,5.48,5.45,5.51,5.39,86049.0,47063828.0,601678,-0.37,-0.02
2016-04-29,5.45,5.43,5.49,5.41,46279.0,25236586.0,601678,-0.37,-0.02
2016-05-03,5.45,5.53,5.6,5.4,106833.0,59032232.0,601678,1.84,0.1
2016-05-04,5.5,5.48,5.56,5.47,81276.0,44768816.0,601678,-0.9,-0.05
2016-05-05,5.48,5.43,5.5,5.39,121758.0,66052880.0,601678,-0.91,-0.05
2016-05-06,5.43,5.23,5.46,5.23,111021.0,59331080.0,601678,-3.68,-0.2
2016-05-09,5.21,4.94,5.22,4.91,113874.0,57250424.0,601678,-5.54,-0.29
2016-05-10,4.94,4.95,4.99,4.92,57752.0,28591920.0,601678,0.2,0.01
2016-05-11,4.98,4.92,4.99,4.91,46302.0,22902640.0,601678,-0.61,-0.03
2016-05-12,4.9,4.84,4.9,4.75,69295.0,33331688.0,601678,-1.63,-0.08
2016-05-13,4.82,4.8,4.87,4.77,45713.0,22034052.0,601678,-0.83,-0.04
2016-05-16,4.8,4.86,4.86,4.76,45369.0,21856740.0,601678,1.25,0.06
2016-05-17,4.87,4.83,4.88,4.8,51106.0,24746800.0,601678,-0.62,-0.03
2016-05-18,4.83,4.78,4.83,4.7,79591.0,37974712.0,601678,-1.04,-0.05
2016-05-19,4.78,4.75,4.85,4.72,55001.0,26410836.0,601678,-0.63,-0.03
2016-05-20,4.72,4.81,4.82,4.72,37304.0,17816468.0,601678,1.26,0.06
2016-05-23,4.83,4.84,4.85,4.81,52982.0,25597644.0,601678,0.62,0.03
2016-05-24,4.81,4.74,4.83,4.69,75102.0,35638376.0,601678,-2.07,-0.1
2016-05-25,4.77,4.73,4.79,4.71,42182.0,20032276.0,601678,-0.21,-0.01
2016-05-26,4.72,4.74,4.76,4.63,63671.0,29856688.0,601678,0.21,0.01
2016-05-27,4.73,4.71,4.75,4.67,52054.0,24529012.0,601678,-0.63,-0.03
2016-05-30,4.69,4.72,4.74,4.64,45524.0,21411418.0,601678,0.21,0.01
2016-05-31,4.69,4.89,4.92,4.69,119203.0,57727536.0,601678,3.6,0.17
2016-06-01,4.93,4.88,4.94,4.87,92146.0,45179516.0,601678,-0.2,-0.01
2016-06-02,4.88,4.89,4.92,4.86,67525.0,33038804.0,601678,0.2,0.01
2016-06-03,4.91,4.94,4.97,4.88,86589.0,42721024.0,601678,1.02,0.05
2016-06-06,4.95,4.9,4.96,4.89,52296.0,25764004.0,601678,-0.81,-0.04
2016-06-07,4.9,4.87,4.95,4.83,97972.0,47855464.0,601678,-0.61,-0.03
2016-06-08,4.86,4.82,4.86,4.78,79059.0,38085900.0,601678,-1.03,-0.05
2016-06-13,4.8,4.68,4.82,4.68,79307.0,37700232.0,601678,-2.9,-0.14
2016-06-14,4.66,4.67,4.7,4.65,54540.0,25466488.0,601678,-0.21,-0.01
2016-06-15,4.66,5.14,5.14,4.63,209096.0,104534728.0,601678,10.06,0.47
2016-06-16,5.55,5.36,5.55,5.21,561327.0,301138112.0,601678,4.28,0.22
2016-06-17,5.4,5.16,5.53,5.13,439359.0,233667568.0,601678,-3.73,-0.2
2016-06-20,5.11,5.16,5.2,5.06,262611.0,134282656.0,601678,0.0,0.0
2016-06-21,5.18,5.12,5.22,5.11,206421.0,106661840.0,601678,-0.78,-0.04
2016-06-22,5.09,5.13,5.16,5.07,122030.0,62407260.0,601678,0.2,0.01
2016-06-23,5.12,5.07,5.12,5.06,99982.0,50833148.0,601678,-1.17,-0.06
2016-06-24,5.07,5.02,5.12,4.92,115976.0,58487248.0,601678,-0.99,-0.05
2016-06-27,4.99,5.1,5.13,4.97,95455.0,48551288.0,601678,1.59,0.08
2016-06-28,5.07,5.11,5.11,5.05,100356.0,50991712.0,601678,0.2,0.01
2016-06-29,5.11,5.1,5.14,5.07,93055.0,47464048.0,601678,-0.2,-0.01
2016-06-30,5.11,5.09,5.13,5.06,100771.0,51197560.0,601678,-0.2,-0.01
2016-07-01,5.08,5.09,5.11,5.05,71389.0,36272752.0,601678,0.0,0.0
2016-07-04,5.06,5.17,5.2,5.06,159981.0,82414704.0,601678,1.57,0.08
2016-07-05,5.17,5.18,5.19,5.15,127026.0,65673420.0,601678,0.19,0.01
2016-07-06,5.19,5.17,5.19,5.13,91921.0,47412208.0,601678,-0.19,-0.01
2016-07-07,5.17,5.13,5.17,5.09,136380.0,69887832.0,601678,-0.77,-0.04
2016-07-08,5.12,5.13,5.17,5.1,88727.0,45575508.0,601678,0.0,0.0
2016-07-11,5.14,5.14,5.19,5.12,97889.0,50481916.0,601678,0.19,0.01
2016-07-12,5.12,5.28,5.3,5.11,241543.0,125701200.0,601678,2.72,0.14
2016-07-13,5.42,5.4,5.57,5.36,411737.0,224513280.0,601678,2.27,0.12
2016-07-14,5.28,5.26,5.32,5.22,258471.0,136005168.0,601678,-2.59,-0.14
2016-07-15,5.26,5.22,5.28,5.22,103615.0,54272056.0,601678,-0.76,-0.04
2016-07-18,5.22,5.16,5.22,5.14,92737.0,47954052.0,601678,-1.15,-0.06
2016-07-19,5.16,5.19,5.2,5.16,61991.0,32110664.0,601678,0.58,0.03
2016-07-20,5.19,5.18,5.23,5.17,77938.0,40504152.0,601678,-0.19,-0.01
2016-07-21,5.19,5.19,5.22,5.18,81537.0,42384152.0,601678,0.19,0.01
2016-07-22,5.19,5.13,5.19,5.12,81070.0,41751168.0,601678,-1.16,-0.06
2016-07-25,5.13,5.12,5.15,5.09,70361.0,36020236.0,601678,-0.19,-0.01
2016-07-26,5.13,5.22,5.23,5.11,114660.0,59386992.0,601678,1.95,0.1
2016-07-27,5.23,5.04,5.24,5.0,171426.0,88054360.0,601678,-3.45,-0.18
2016-07-28,5.07,5.26,5.28,4.99,198632.0,102022728.0,601678,4.37,0.22
2016-07-29,5.26,5.11,5.26,5.1,175246.0,90742328.0,601678,-2.85,-0.15
2016-08-01,5.07,5.05,5.1,4.99,105273.0,52963164.0,601678,-1.17,-0.06
2016-08-02,5.05,5.06,5.09,5.03,59861.0,30276400.0,601678,0.2,0.01
2016-08-03,5.04,5.07,5.08,5.04,58503.0,29605920.0,601678,0.2,0.01
2016-08-04,5.04,5.07,5.09,5.03,50465.0,25551632.0,601678,0.0,0.0
2016-08-05,5.07,5.06,5.09,5.05,46445.0,23534340.0,601678,-0.2,-0.01
2016-08-08,5.05,5.1,5.1,5.03,62689.0,31798374.0,601678,0.79,0.04
2016-08-09,5.09,5.14,5.15,5.08,60290.0,30863506.0,601678,0.78,0.04
2016-08-10,5.12,5.11,5.15,5.11,50061.0,25665220.0,601678,-0.58,-0.03
2016-08-11,5.11,5.08,5.13,5.06,57530.0,29313688.0,601678,-0.59,-0.03
2016-08-12,5.08,5.11,5.13,5.05,54016.0,27488904.0,601678,0.59,0.03
2016-08-15,5.11,5.19,5.2,5.1,119810.0,61887492.0,601678,1.57,0.08
2016-08-16,5.19,5.18,5.22,5.15,101902.0,52850472.0,601678,-0.19,-0.01
2016-08-17,5.17,5.21,5.25,5.16,95505.0,49718728.0,601678,0.58,0.03
2016-08-18,5.21,5.19,5.24,5.18,69342.0,36102816.0,601678,-0.38,-0.02
2016-08-19,5.19,5.2,5.21,5.15,64303.0,33312040.0,601678,0.19,0.01
2016-08-22,5.21,5.18,5.22,5.18,60792.0,31589478.0,601678,-0.38,-0.02
2016-08-23,5.18,5.21,5.22,5.16,80508.0,41867128.0,601678,0.58,0.03
2016-08-24,5.18,5.17,5.2,5.15,60609.0,31355600.0,601678,-0.77,-0.04
2016-08-25,5.16,5.12,5.16,5.07,77864.0,39723576.0,601678,-0.97,-0.05
2016-08-26,5.11,5.13,5.14,5.1,62272.0,31890576.0,601678,0.2,0.01
2016-08-29,5.12,5.09,5.12,5.07,56972.0,29040048.0,601678,-0.78,-0.04
2016-08-30,5.1,5.18,5.18,5.09,100604.0,51814512.0,601678,1.77,0.09
2016-08-31,5.18,5.23,5.24,5.16,114218.0,59473488.0,601678,0.97,0.05
2016-09-01,5.23,5.12,5.23,5.12,73130.0,37810864.0,601678,-2.1,-0.11
2016-09-02,5.1,5.23,5.24,5.09,123806.0,64335032.0,601678,2.15,0.11
2016-09-05,5.25,5.3,5.31,5.21,154985.0,81422016.0,601678,1.34,0.07
2016-09-06,5.26,5.34,5.37,5.24,175175.0,93249664.0,601678,0.75,0.04
2016-09-07,5.34,5.28,5.48,5.27,202517.0,108580912.0,601678,-1.12,-0.06
2016-09-08,5.29,5.37,5.42,5.28,151945.0,81403048.0,601678,1.7,0.09
2016-09-09,5.38,5.32,5.4,5.27,117566.0,62763508.0,601678,-0.93,-0.05
2016-09-12,5.25,5.38,5.4,5.18,204504.0,108124600.0,601678,1.13,0.06
2016-09-13,5.54,5.5,5.64,5.42,370347.0,203520896.0,601678,2.23,0.12
2016-09-14,5.49,5.7,5.78,5.43,579546.0,327864416.0,601678,3.64,0.2
2016-09-19,5.62,5.82,5.92,5.58,420642.0,242495280.0,601678,2.11,0.12
2016-09-20,5.79,5.82,5.97,5.77,326202.0,191643296.0,601678,0.0,0.0
2016-09-21,5.88,5.81,5.91,5.74,201370.0,117256528.0,601678,-0.17,-0.01
2016-09-22,5.83,6.0,6.03,5.83,383656.0,228317456.0,601678,3.27,0.19
2016-09-23,5.99,5.78,6.15,5.75,422050.0,252062368.0,601678,-3.67,-0.22
2016-09-26,5.85,6.06,6.35,5.82,525016.0,319090240.0,601678,4.84,0.28
2016-09-27,6.01,6.01,6.18,5.86,303392.0,182893216.0,601678,-0.83,-0.05
2016-09-28,6.07,5.97,6.08,5.92,146950.0,87749944.0,601678,-0.67,-0.04
2016-09-29,6.01,5.96,6.13,5.93,172533.0,103658416.0,601678,-0.17,-0.01
2016-09-30,5.9,5.93,5.96,5.85,138977.0,82235584.0,601678,-0.5,-0.03
2016-10-10,6.01,6.24,6.33,5.97,395787.0,244223904.0,601678,5.23,0.31
2016-10-11,6.23,6.3,6.34,6.2,269553.0,169120112.0,601678,0.96,0.06
2016-10-12,6.26,6.45,6.58,6.23,271386.0,174838816.0,601678,2.38,0.15
2016-10-13,6.48,6.51,6.67,6.43,199315.0,130564344.0,601678,0.93,0.06
2016-10-14,6.54,6.59,6.64,6.41,131062.0,85361328.0,601678,1.23,0.08
2016-10-17,6.61,6.27,6.88,6.23,520381.0,340264864.0,601678,-4.86,-0.32
2016-10-18,6.38,6.31,6.39,6.18,341532.0,214507920.0,601678,0.64,0.04
2016-10-19,6.26,6.4,6.51,6.26,330417.0,211160944.0,601678,1.43,0.09
2016-10-20,6.35,6.38,6.43,6.21,200787.0,127134864.0,601678,-0.31,-0.02
2016-10-21,6.32,6.36,6.45,6.27,166306.0,105787176.0,601678,-0.31,-0.02
2016-10-24,6.29,6.4,6.45,6.16,234826.0,147981984.0,601678,0.63,0.04
2016-10-25,6.36,6.44,6.45,6.31,235365.0,150441728.0,601678,0.63,0.04
2016-10-26,6.42,6.64,6.76,6.35,422457.0,281488160.0,601678,3.11,0.2
2016-10-27,6.66,6.54,6.74,6.5,202220.0,133138056.0,601678,-1.51,-0.1
2016-10-28,6.55,6.4,6.59,6.35,205541.0,131936200.0,601678,-2.14,-0.14
2016-10-31,6.36,6.29,6.39,6.23,127912.0,80590432.0,601678,-1.72,-0.11
2016-11-01,6.36,6.32,6.36,6.25,111709.0,70332712.0,601678,0.48,0.03
2016-11-02,6.36,6.13,6.37,6.11,215742.0,134007832.0,601678,-3.01,-0.19
2016-11-03,6.1,6.2,6.26,6.1,98620.0,61115520.0,601678,1.14,0.07
2016-11-04,6.18,6.05,6.2,5.99,195729.0,118780928.0,601678,-2.42,-0.15
2016-11-07,6.05,6.36,6.41,6.03,295280.0,185252880.0,601678,5.12,0.31
2016-11-08,6.4,6.76,6.85,6.39,570640.0,379729184.0,601678,6.29,0.4
2016-11-09,6.8,6.91,6.97,6.56,457197.0,308702560.0,601678,2.22,0.15
2016-11-10,6.89,6.89,6.98,6.73,368383.0,252061488.0,601678,-0.29,-0.02
2016-11-11,6.89,6.8,6.92,6.76,233820.0,159721376.0,601678,-1.31,-0.09
2016-11-14,6.8,6.74,6.87,6.65,222567.0,150297184.0,601678,-0.88,-0.06
2016-11-15,6.74,6.77,6.81,6.65,125991.0,84816424.0,601678,0.45,0.03
2016-11-16,6.78,6.8,6.86,6.6,172442.0,116337072.0,601678,0.44,0.03
2016-11-17,6.8,6.83,6.86,6.74,189219.0,128882640.0,601678,0.44,0.03
2016-11-18,6.81,6.79,6.87,6.62,187431.0,126180528.0,601678,-0.59,-0.04
2016-11-21,6.78,6.71,6.8,6.67,124133.0,83605720.0,601678,-1.18,-0.08
2016-11-22,6.71,6.67,6.75,6.62,253453.0,169254336.0,601678,-0.6,-0.04
2016-11-23,6.69,6.62,6.74,6.61,124464.0,82870672.0,601678,-0.75,-0.05
2016-11-24,6.65,6.41,6.66,6.38,252952.0,164394000.0,601678,-3.17,-0.21
2016-11-25,6.45,6.55,6.59,6.29,234674.0,151108240.0,601678,2.18,0.14
2016-11-28,6.55,6.75,6.83,6.51,279687.0,187802288.0,601678,3.05,0.2
2016-11-29,6.7,6.57,6.78,6.49,206340.0,136939200.0,601678,-2.67,-0.18
2016-11-30,6.68,6.56,6.68,6.52,89360.0,58809392.0,601678,-0.15,-0.01
2016-12-01,6.58,6.81,6.82,6.55,246591.0,165095168.0,601678,3.81,0.25
2016-12-02,6.75,6.62,6.83,6.57,208735.0,139655088.0,601678,-2.79,-0.19
2016-12-05,6.51,6.55,6.69,6.41,122575.0,79833344.0,601678,-1.06,-0.07
2016-12-06,6.63,6.59,6.65,6.54,76848.0,50728992.0,601678,0.61,0.04
2016-12-07,6.65,6.63,6.65,6.54,59189.0,39022384.0,601678,0.61,0.04
2016-12-08,6.6,6.55,6.65,6.48,101201.0,66088408.0,601678,-1.21,-0.08
2016-12-09,6.68,6.5,6.68,6.45,123834.0,80885432.0,601678,-0.76,-0.05
2016-12-12,6.48,6.13,6.52,6.02,211380.0,131036440.0,601678,-5.69,-0.37
2016-12-13,6.07,6.18,6.2,6.01,81289.0,49796964.0,601678,0.82,0.05
2016-12-14,6.29,6.14,6.29,6.12,88129.0,54858136.0,601678,-0.65,-0.04
2016-12-15,6.11,6.27,6.32,6.11,82403.0,51329476.0,601678,2.12,0.13
2016-12-16,6.27,6.33,6.33,6.25,56072.0,35354544.0,601678,0.96,0.06
2016-12-19,6.35,6.62,6.65,6.31,202910.0,132669736.0,601678,4.58,0.29
2016-12-20,6.68,6.74,6.93,6.68,336198.0,229143888.0,601678,1.81,0.12
2016-12-21,6.73,6.82,6.84,6.68,142701.0,96316248.0,601678,1.19,0.08
2016-12-22,6.82,6.78,6.85,6.7,107566.0,72868008.0,601678,-0.59,-0.04
2016-12-23,6.78,6.9,6.92,6.75,192663.0,132131544.0,601678,1.77,0.12
2016-12-26,6.9,6.91,7.05,6.79,245601.0,170829984.0,601678,0.14,0.01
2016-12-27,6.91,7.15,7.3,6.89,351781.0,251041104.0,601678,3.47,0.24
2016-12-28,7.14,7.12,7.26,7.06,185033.0,132306080.0,601678,-0.42,-0.03
2016-12-29,7.13,7.13,7.25,7.03,121152.0,86617960.0,601678,0.14,0.01
2016-12-30,7.15,7.29,7.32,7.06,260014.0,187153568.0,601678,2.24,0.16
2017-01-03,7.33,7.5,7.65,7.29,327093.0,245891392.0,601678,2.88,0.21
2017-01-04,7.57,7.5,7.57,7.3,258824.0,192216560.0,601678,0.0,0.0
2017-01-05,7.48,7.63,7.69,7.38,236034.0,178505088.0,601678,1.73,0.13
2017-01-06,7.6,7.17,7.98,7.15,534309.0,401331488.0,601678,-6.03,-0.46
2017-01-09,7.13,7.89,7.89,7.07,569713.0,437734880.0,601678,10.04,0.72
2017-01-10,8.01,7.82,8.18,7.67,637094.0,504376256.0,601678,-0.89,-0.07
2017-01-11,7.77,7.48,7.8,7.38,356314.0,268739008.0,601678,-4.35,-0.34
2017-01-12,7.57,7.53,7.85,7.39,281382.0,213705104.0,601678,0.67,0.05
2017-01-13,7.56,7.63,7.65,7.4,176169.0,133254360.0,601678,1.33,0.1
2017-01-16,7.44,6.87,7.45,6.87,431062.0,304597984.0,601678,-9.96,-0.76
2017-01-17,6.69,6.78,6.91,6.66,181723.0,122600584.0,601678,-1.31,-0.09
2017-01-18,6.75,6.7,6.9,6.67,102188.0,69105536.0,601678,-1.18,-0.08
2017-01-19,6.72,6.51,6.72,6.43,123245.0,80832184.0,601678,-2.84,-0.19
2017-01-20,6.47,6.59,6.63,6.45,106097.0,69586664.0,601678,1.23,0.08
2017-01-23,6.66,6.76,6.92,6.66,162543.0,110944616.0,601678,2.58,0.17
2017-01-24,6.79,6.75,6.85,6.69,108029.0,73059432.0,601678,-0.15,-0.01
2017-01-25,6.75,6.81,6.83,6.73,92242.0,62672768.0,601678,0.89,0.06
2017-01-26,6.85,6.82,6.87,6.79,70101.0,47898080.0,601678,0.15,0.01
2017-02-03,6.84,6.84,7.01,6.82,125310.0,86203944.0,601678,0.29,0.02
2017-02-06,6.83,6.97,7.0,6.82,131579.0,91094368.0,601678,1.9,0.13
2017-02-07,6.94,7.0,7.07,6.9,119969.0,83690520.0,601678,0.43,0.03
2017-02-08,7.04,7.02,7.05,6.89,140952.0,98355064.0,601678,0.29,0.02
2017-02-09,7.0,7.23,7.25,6.98,250246.0,178463328.0,601678,2.99,0.21
2017-02-10,7.2,7.25,7.3,7.16,153501.0,110936144.0,601678,0.28,0.02
2017-02-13,7.23,7.27,7.36,7.21,138463.0,100969080.0,601678,0.28,0.02
2017-02-14,7.27,7.24,7.32,7.19,109736.0,79655408.0,601678,-0.41,-0.03
2017-02-15,7.25,7.08,7.25,7.02,220221.0,156188704.0,601678,-2.21,-0.16
2017-02-16,7.08,7.11,7.13,7.02,95747.0,67868688.0,601678,0.42,0.03
2017-02-17,7.11,7.07,7.13,7.04,72816.0,51513984.0,601678,-0.56,-0.04
2017-02-20,7.09,7.14,7.23,7.03,181408.0,129548352.0,601678,0.99,0.07
2017-02-21,7.16,7.21,7.23,7.1,129092.0,92736088.0,601678,0.98,0.07
2017-02-22,7.19,7.25,7.28,7.17,126818.0,91829256.0,601678,0.55,0.04
2017-02-23,7.23,7.15,7.25,7.1,132965.0,95157088.0,601678,-1.38,-0.1
2017-02-24,7.14,7.11,7.17,7.07,86150.0,61387960.0,601678,-0.56,-0.04
2017-02-27,7.11,7.23,7.3,7.1,194742.0,140790400.0,601678,1.69,0.12
2017-02-28,7.24,7.23,7.3,7.17,121036.0,87513952.0,601678,0.0,0.0
2017-03-01,7.23,7.24,7.28,7.2,91100.0,65989872.0,601678,0.14,0.01
2017-03-02,7.24,7.1,7.26,7.08,155308.0,110691904.0,601678,-1.93,-0.14
2017-03-03,7.13,7.13,7.16,7.05,119491.0,84825296.0,601678,0.42,0.03
2017-03-06,7.15,7.13,7.16,7.06,95258.0,67758400.0,601678,0.0,0.0
2017-03-07,7.12,7.1,7.16,7.08,119241.0,84841696.0,601678,-0.42,-0.03
2017-03-08,7.1,7.01,7.13,6.93,179858.0,126555528.0,601678,-1.27,-0.09
2017-03-09,7.02,6.92,7.02,6.9,99933.0,69359952.0,601678,-1.28,-0.09
2017-03-10,6.93,6.92,6.99,6.88,81437.0,56495552.0,601678,0.0,0.0
2017-03-13,6.92,7.16,7.17,6.87,186435.0,131714928.0,601678,3.47,0.24
2017-03-14,7.18,7.09,7.18,7.07,149942.0,106566840.0,601678,-0.98,-0.07
2017-03-15,7.05,7.06,7.12,7.04,73350.0,51857464.0,601678,-0.42,-0.03
2017-03-16,7.1,7.1,7.14,7.05,161258.0,114386776.0,601678,0.57,0.04
2017-03-17,7.09,7.06,7.15,7.05,115647.0,82175208.0,601678,-0.56,-0.04
2017-03-20,7.05,7.03,7.07,6.98,102889.0,72242464.0,601678,-0.42,-0.03
2017-03-21,7.03,6.99,7.03,6.96,100388.0,70139792.0,601678,-0.57,-0.04
2017-03-22,7.0,6.93,7.0,6.91,89078.0,61810364.0,601678,-0.86,-0.06
2017-03-23,6.93,6.93,7.01,6.87,107903.0,74946512.0,601678,0.0,0.0
2017-03-24,6.93,6.9,6.95,6.86,109748.0,75731968.0,601678,-0.43,-0.03
2017-03-27,6.91,6.94,6.99,6.9,89158.0,61921216.0,601678,0.58,0.04
2017-03-28,6.93,6.98,6.99,6.93,92544.0,64484960.0,601678,0.58,0.04
2017-03-29,7.01,7.34,7.52,6.99,460287.0,334609856.0,601678,5.16,0.36
2017-03-30,7.27,7.21,7.31,7.1,274065.0,196943312.0,601678,-1.77,-0.13
2017-03-31,7.21,7.21,7.27,7.11,158796.0,114072032.0,601678,0.0,0.0
2017-04-05,7.28,7.23,7.35,7.16,286541.0,206904640.0,601678,0.28,0.02
2017-04-06,7.23,7.21,7.23,7.14,165758.0,119098136.0,601678,-0.28,-0.02
2017-04-07,7.2,7.15,7.2,7.09,167546.0,119395000.0,601678,-0.83,-0.06
2017-04-10,7.13,7.22,7.25,7.12,202394.0,145482176.0,601678,0.98,0.07
2017-04-11,7.19,7.23,7.28,7.12,195095.0,140409360.0,601678,0.14,0.01
2017-04-12,7.21,7.27,7.28,7.15,207294.0,149759440.0,601678,0.55,0.04
2017-04-13,7.27,7.2,7.31,7.18,207560.0,150322880.0,601678,-0.96,-0.07
2017-04-14,7.2,6.89,7.2,6.88,286109.0,201048480.0,601678,-4.31,-0.31
2017-04-17,6.87,6.89,6.98,6.8,143513.0,98956136.0,601678,0.0,0.0
2017-04-18,6.89,6.87,7.02,6.86,85054.0,58947804.0,601678,-0.29,-0.02
2017-04-19,6.79,6.54,6.85,6.53,141534.0,93640936.0,601678,-4.8,-0.33
2017-04-20,6.55,6.49,6.58,6.38,130851.0,84665288.0,601678,-0.76,-0.05
2017-04-21,6.51,6.47,6.55,6.41,103903.0,67226240.0,601678,-0.31,-0.02
2017-04-24,6.47,6.42,6.48,6.29,102252.0,65339720.0,601678,-0.77,-0.05
2017-04-25,6.42,6.62,6.65,6.38,105460.0,68682072.0,601678,3.12,0.2
2017-04-26,6.59,6.63,6.75,6.52,129570.0,86073888.0,601678,0.15,0.01
2017-04-27,6.63,6.57,6.63,6.45,117001.0,76449320.0,601678,-0.9,-0.06
2017-04-28,6.56,6.56,6.62,6.5,77595.0,50800260.0,601678,-0.15,-0.01
2017-05-02,6.62,6.84,6.91,6.6,269880.0,183337376.0,601678,4.27,0.28
2017-05-03,6.77,6.81,6.88,6.75,157952.0,107536688.0,601678,-0.44,-0.03
2017-05-04,6.89,6.72,6.94,6.7,159251.0,108950064.0,601678,-1.32,-0.09
2017-05-05,6.72,6.67,6.75,6.62,102864.0,68625296.0,601678,-0.74,-0.05
2017-05-08,6.65,6.5,6.66,6.48,108732.0,71404176.0,601678,-2.55,-0.17
2017-05-09,6.46,6.54,6.55,6.46,56801.0,36955448.0,601678,0.62,0.04
2017-05-10,6.54,6.3,6.57,6.28,83135.0,53395816.0,601678,-3.67,-0.24
2017-05-11,6.29,6.25,6.3,6.06,108694.0,67076696.0,601678,-0.79,-0.05
2017-05-12,6.25,6.23,6.26,6.15,54835.0,34058680.0,601678,-0.32,-0.02
2017-05-15,6.23,6.22,6.28,6.19,37140.0,23106874.0,601678,-0.16,-0.01
2017-05-16,6.21,6.32,6.32,6.15,80711.0,50354712.0,601678,1.61,0.1
2017-05-17,6.3,6.37,6.44,6.29,86822.0,55297032.0,601678,0.79,0.05
2017-05-18,6.32,6.31,6.42,6.22,42981.0,27276484.0,601678,-0.94,-0.06
2017-05-19,6.32,6.32,6.39,6.26,29613.0,18673772.0,601678,0.16,0.01
2017-05-22,6.28,6.28,6.4,6.26,63855.0,40393480.0,601678,-0.63,-0.04
2017-05-23,6.3,6.15,6.31,6.1,67634.0,41935292.0,601678,-2.07,-0.13
2017-05-24,6.1,6.22,6.22,6.1,49674.0,30661880.0,601678,1.14,0.07
2017-05-25,6.23,6.31,6.32,6.16,128159.0,79926360.0,601678,1.45,0.09
2017-05-26,6.32,6.31,6.33,6.28,35886.0,22616916.0,601678,0.0,0.0
2017-05-31,6.34,6.35,6.44,6.31,66836.0,42445896.0,601678,0.63,0.04
2017-06-01,6.34,6.33,6.36,6.26,55871.0,35275892.0,601678,-0.31,-0.02
2017-06-02,6.29,6.36,6.38,6.25,58726.0,37115100.0,601678,0.47,0.03
2017-06-05,6.36,6.38,6.42,6.35,55836.0,35639420.0,601678,0.31,0.02
2017-06-06,6.36,6.39,6.41,6.34,50093.0,31888832.0,601678,0.16,0.01
2017-06-07,6.39,6.5,6.52,6.38,89265.0,57678228.0,601678,1.72,0.11
2017-06-08,6.5,6.54,6.54,6.47,53241.0,34669240.0,601678,0.62,0.04
2017-06-09,6.53,6.6,6.62,6.48,80915.0,52926624.0,601678,0.92,0.06
2017-06-12,6.6,6.51,6.6,6.41,84296.0,54821876.0,601678,-1.36,-0.09
2017-06-13,6.48,6.57,6.58,6.46,73709.0,48182052.0,601678,0.92,0.06
2017-06-14,6.57,6.51,6.57,6.46,66939.0,43683820.0,601678,-0.91,-0.06
2017-06-15,6.51,6.54,6.56,6.5,75269.0,49128132.0,601678,0.46,0.03
2017-06-16,6.54,6.6,6.63,6.51,74180.0,48539860.0,601678,0.92,0.06
2017-06-19,6.62,6.64,6.67,6.59,71925.0,47661060.0,601678,0.61,0.04
2017-06-20,6.67,6.71,6.74,6.63,67561.0,45215880.0,601678,1.05,0.07
2017-06-21,6.72,6.72,6.73,6.65,59387.0,39714236.0,601678,0.15,0.01
2017-06-22,6.71,6.52,6.71,6.51,102978.0,68148464.0,601678,-2.98,-0.2
2017-06-23,6.52,6.61,6.61,6.5,65509.0,42920988.0,601678,1.38,0.09
2017-06-26,6.61,6.77,6.77,6.61,142835.0,95947584.0,601678,2.42,0.16
2017-06-27,6.78,6.79,6.85,6.74,92204.0,62670104.0,601678,0.3,0.02
2017-06-28,6.77,6.82,6.88,6.74,94658.0,64675192.0,601678,0.44,0.03
2017-06-29,6.82,6.89,6.95,6.82,104141.0,71770208.0,601678,1.03,0.07
2017-06-30,6.91,6.95,6.99,6.85,128106.0,88662800.0,601678,0.87,0.06
2017-07-03,7.06,7.07,7.17,6.98,196392.0,138897200.0,601678,1.73,0.12
2017-07-04,7.06,7.19,7.26,7.01,205880.0,146514288.0,601678,1.7,0.12
2017-07-05,7.16,7.37,7.42,7.13,286749.0,208794576.0,601678,2.5,0.18
2017-07-06,7.33,7.29,7.4,7.2,346040.0,252538560.0,601678,-1.09,-0.08
2017-07-07,7.25,7.3,7.36,7.22,196176.0,142987264.0,601678,0.14,0.01
2017-07-10,7.3,7.51,7.61,7.28,338870.0,253921152.0,601678,2.88,0.21
2017-07-11,7.47,7.28,7.54,7.24,209024.0,155122704.0,601678,-3.06,-0.23
2017-07-12,7.32,7.48,7.53,7.2,248307.0,182557408.0,601678,2.75,0.2
2017-07-13,7.49,7.64,7.75,7.47,317188.0,242893456.0,601678,2.14,0.16
2017-07-14,7.65,7.65,7.74,7.55,168186.0,128794200.0,601678,0.13,0.01
2017-07-17,7.66,7.31,7.67,7.18,248941.0,185259344.0,601678,-4.44,-0.34
2017-07-18,7.28,7.58,7.58,7.28,173231.0,129006536.0,601678,3.69,0.27
2017-07-19,7.56,7.89,7.98,7.56,311950.0,243735552.0,601678,4.09,0.31
2017-07-20,7.87,7.91,8.0,7.77,271230.0,213564048.0,601678,0.25,0.02
2017-07-21,7.91,7.92,7.96,7.73,293752.0,230697440.0,601678,0.13,0.01
2017-07-24,7.96,8.2,8.55,7.95,510895.0,421475904.0,601678,3.54,0.28
2017-07-25,8.17,8.44,8.49,8.06,433803.0,359587200.0,601678,2.93,0.24
2017-07-26,8.41,8.61,8.75,8.39,544297.0,466645024.0,601678,2.01,0.17
2017-07-27,8.62,8.38,8.98,8.31,629393.0,541698240.0,601678,-2.67,-0.23
2017-08-01,9.0,8.71,9.22,8.46,783476.0,693086784.0,601678,3.94,0.33
2017-08-02,8.77,9.58,9.58,8.77,1238539.0,1161833216.0,601678,9.99,0.87
2017-08-03,9.4,9.27,9.45,9.1,755159.0,698550400.0,601678,-3.24,-0.31
2017-08-04,9.3,8.82,9.3,8.8,716522.0,647055424.0,601678,-4.85,-0.45
2017-08-07,8.82,8.82,8.93,8.41,463471.0,400566016.0,601678,0.0,0.0
2017-08-08,8.76,8.6,8.92,8.52,371370.0,324894816.0,601678,-2.49,-0.22
2017-08-09,8.64,8.76,8.8,8.49,291080.0,251898608.0,601678,1.86,0.16
2017-08-10,8.53,8.56,8.62,8.41,357181.0,303614208.0,601678,-2.28,-0.2
2017-08-11,8.5,8.19,8.65,8.13,306271.0,258270048.0,601678,-4.32,-0.37
2017-08-14,8.18,8.62,8.68,8.14,337353.0,286059904.0,601678,5.25,0.43
2017-08-15,8.9,9.15,9.15,8.84,633870.0,571665728.0,601678,6.15,0.53
2017-08-16,9.13,8.87,9.13,8.78,453243.0,405201248.0,601678,-3.06,-0.28
2017-08-17,8.91,9.06,9.18,8.85,373705.0,337038208.0,601678,2.14,0.19
2017-08-18,8.96,9.58,9.95,8.87,842778.0,800761728.0,601678,5.74,0.52
2017-08-21,9.6,9.72,9.89,9.36,628964.0,605196224.0,601678,1.46,0.14
2017-08-22,9.7,9.44,9.84,9.4,439189.0,421004928.0,601678,-2.88,-0.28
2017-08-23,9.39,9.02,9.39,8.92,487511.0,446936960.0,601678,-4.45,-0.42
2017-08-24,8.99,9.15,9.32,8.99,300267.0,274818016.0,601678,1.44,0.13
2017-08-25,9.1,9.08,9.16,8.82,349297.0,315035424.0,601678,-0.77,-0.07
2017-08-28,9.05,9.12,9.32,8.98,302393.0,276497440.0,601678,0.44,0.04
2017-08-29,9.1,8.99,9.19,8.87,302430.0,271565056.0,601678,-1.43,-0.13
2017-08-30,8.99,9.28,9.38,8.91,459122.0,422367424.0,601678,3.23,0.29
2017-08-31,9.31,9.18,9.31,8.9,448478.0,406837568.0,601678,-1.08,-0.1
2017-09-01,9.19,9.34,9.43,9.09,515278.0,478448416.0,601678,1.74,0.16
2017-09-04,9.29,9.27,9.55,9.19,321381.0,299986240.0,601678,-0.75,-0.07
2017-09-05,9.21,9.11,9.25,9.03,265168.0,241531936.0,601678,-1.73,-0.16
2017-09-06,9.03,9.09,9.22,8.98,296495.0,269935776.0,601678,-0.22,-0.02
2017-09-07,9.02,8.78,9.06,8.77,381623.0,338648576.0,601678,-3.41,-0.31
2017-09-08,8.75,8.77,8.89,8.7,186007.0,163520016.0,601678,-0.11,-0.01
2017-09-11,8.75,8.66,8.81,8.58,299719.0,259841568.0,601678,-1.25,-0.11
2017-09-12,8.7,8.86,9.02,8.7,449717.0,400509376.0,601678,2.31,0.2
2017-09-13,8.8,8.93,8.98,8.77,218505.0,194516256.0,601678,0.79,0.07
2017-09-14,8.88,8.69,9.01,8.6,348690.0,305660640.0,601678,-2.69,-0.24
2017-09-15,8.69,8.5,8.73,8.46,256817.0,220723584.0,601678,-2.19,-0.19
2017-09-18,8.48,8.54,8.68,8.48,242263.0,207663536.0,601678,0.47,0.04
2017-09-19,8.54,8.56,8.62,8.38,219189.0,186531840.0,601678,0.23,0.02
2017-09-20,8.54,8.62,8.64,8.43,194700.0,166591104.0,601678,0.7,0.06
2017-09-21,8.65,8.77,8.99,8.64,395125.0,349969056.0,601678,1.74,0.15
2017-09-22,8.71,8.53,8.74,8.44,241013.0,206115200.0,601678,-2.74,-0.24
2017-09-25,8.54,8.21,8.57,8.17,215187.0,179561600.0,601678,-3.75,-0.32
2017-09-26,8.25,8.4,8.47,8.2,188285.0,157840256.0,601678,2.31,0.19
2017-09-27,8.4,8.55,8.6,8.38,121165.0,103363320.0,601678,1.79,0.15
2017-09-28,8.55,8.73,8.84,8.54,192597.0,167525280.0,601678,2.11,0.18
2017-09-29,8.75,8.76,8.81,8.68,147646.0,129174064.0,601678,0.34,0.03
2017-10-09,8.97,8.85,9.0,8.82,189586.0,168288576.0,601678,1.03,0.09
2017-10-10,8.87,8.88,8.92,8.78,139425.0,123610800.0,601678,0.34,0.03
2017-10-11,8.91,8.81,8.91,8.71,141798.0,124757576.0,601678,-0.79,-0.07
2017-10-12,8.84,8.6,8.84,8.5,158303.0,136906512.0,601678,-2.38,-0.21
2017-10-13,8.69,8.74,8.82,8.68,176538.0,154590752.0,601678,1.63,0.14
2017-10-16,8.8,8.92,9.03,8.8,345042.0,308364512.0,601678,2.06,0.18
2017-10-17,8.92,8.88,8.98,8.83,145528.0,129460096.0,601678,-0.45,-0.04
2017-10-18,8.84,8.68,8.94,8.68,169699.0,149589328.0,601678,-2.25,-0.2
2017-10-19,8.68,8.3,8.68,8.22,292573.0,244363584.0,601678,-4.38,-0.38
2017-10-20,8.28,8.59,8.63,8.26,148144.0,125560888.0,601678,3.49,0.29
2017-10-23,8.58,8.69,8.76,8.46,167224.0,144020448.0,601678,1.16,0.1
2017-10-24,8.71,8.7,8.82,8.58,140508.0,122172896.0,601678,0.12,0.01
2017-10-25,8.82,8.91,9.03,8.78,282669.0,252354368.0,601678,2.41,0.21
2017-10-26,8.88,9.13,9.18,8.86,359902.0,325629376.0,601678,2.47,0.22
2017-10-27,9.11,8.91,9.12,8.89,215425.0,193485216.0,601678,-2.41,-0.22
2017-10-30,8.98,8.76,9.11,8.66,219171.0,193442352.0,601678,-1.68,-0.15
2017-10-31,8.84,8.73,8.85,8.52,195605.0,169487808.0,601678,-0.34,-0.03
2017-11-01,8.7,8.63,8.72,8.57,154457.0,133274736.0,601678,-1.15,-0.1
2017-11-02,8.61,8.46,8.61,8.42,156283.0,132552888.0,601678,-1.97,-0.17
2017-11-03,8.46,8.4,8.53,8.28,154002.0,129198528.0,601678,-0.71,-0.06
2017-11-06,8.44,8.46,8.47,8.3,127814.0,107198376.0,601678,0.71,0.06
2017-11-07,8.44,8.41,8.5,8.37,181034.0,152474208.0,601678,-0.59,-0.05
2017-11-08,8.41,8.33,8.46,8.31,157759.0,132371888.0,601678,-0.95,-0.08
2017-11-09,8.32,8.51,8.53,8.32,171551.0,145249648.0,601678,2.16,0.18
2017-11-10,8.49,8.36,8.54,8.31,183582.0,153549216.0,601678,-1.76,-0.15
2017-11-13,8.37,8.29,8.38,8.14,206386.0,170178128.0,601678,-0.84,-0.07
2017-11-14,8.21,8.03,8.22,8.02,240051.0,194346240.0,601678,-3.14,-0.26
2017-11-15,8.05,8.11,8.16,8.03,118378.0,95820512.0,601678,1.0,0.08
2017-11-16,8.15,8.03,8.15,8.03,112540.0,90978624.0,601678,-0.99,-0.08
2017-11-17,8.0,7.65,8.05,7.63,201452.0,157841872.0,601678,-4.73,-0.38
2017-11-20,7.63,7.77,7.83,7.57,115674.0,89133008.0,601678,1.57,0.12
2017-11-21,7.79,7.77,7.85,7.67,89731.0,69502936.0,601678,0.0,0.0
2017-11-22,7.8,7.55,7.8,7.49,172679.0,131604232.0,601678,-2.83,-0.22
2017-11-23,7.54,7.51,7.75,7.5,149472.0,114337280.0,601678,-0.53,-0.04
2017-11-24,7.46,7.55,7.7,7.46,108161.0,82017792.0,601678,0.53,0.04
2017-11-27,7.53,7.65,7.75,7.53,86783.0,66388236.0,601678,1.32,0.1
2017-11-28,7.64,7.83,7.85,7.6,132139.0,102289360.0,601678,2.35,0.18
2017-11-29,7.85,7.97,7.98,7.8,148134.0,117229496.0,601678,1.79,0.14
2017-11-30,7.95,7.84,7.98,7.8,88313.0,69426736.0,601678,-1.63,-0.13
2017-12-01,7.81,7.85,7.95,7.8,90601.0,71401696.0,601678,0.13,0.01
2017-12-04,7.86,7.76,7.86,7.75,90383.0,70515376.0,601678,-1.15,-0.09
2017-12-05,7.79,7.56,7.83,7.51,105329.0,80432120.0,601678,-2.58,-0.2
2017-12-06,7.57,7.55,7.66,7.35,130580.0,97702992.0,601678,-0.13,-0.01
2017-12-07,7.45,7.49,7.57,7.45,69720.0,52348708.0,601678,-0.79,-0.06
2017-12-08,7.47,7.58,7.6,7.47,73341.0,55303756.0,601678,1.2,0.09
2017-12-11,7.56,7.63,7.63,7.54,64546.0,49073056.0,601678,0.66,0.05
2017-12-12,7.67,7.56,7.67,7.55,56640.0,43090992.0,601678,-0.92,-0.07
2017-12-13,7.56,7.55,7.58,7.44,75561.0,56727872.0,601678,-0.13,-0.01
2017-12-14,7.54,7.51,7.56,7.46,51536.0,38666616.0,601678,-0.53,-0.04
2017-12-15,7.51,7.4,7.51,7.38,56029.0,41702272.0,601678,-1.46,-0.11
2017-12-18,7.4,7.51,7.55,7.38,64657.0,48501884.0,601678,1.49,0.11
2017-12-19,7.5,7.7,7.71,7.5,112702.0,86136328.0,601678,2.53,0.19
2017-12-20,7.68,7.62,7.79,7.58,83075.0,63649168.0,601678,-1.04,-0.08
2017-12-21,7.58,7.74,7.74,7.52,90338.0,69162912.0,601678,1.57,0.12
2017-12-22,7.75,7.91,7.94,7.67,146881.0,114976656.0,601678,2.2,0.17
2017-12-25,7.85,7.87,7.96,7.75,102223.0,80154832.0,601678,-0.51,-0.04
2017-12-26,7.89,7.86,7.89,7.77,64574.0,50579964.0,601678,-0.13,-0.01
2017-12-27,7.82,7.95,8.08,7.82,147041.0,117103160.0,601678,1.15,0.09
2017-12-28,7.94,7.95,8.04,7.87,121222.0,96409800.0,601678,0.0,0.0
2017-12-29,7.92,8.12,8.17,7.87,160874.0,129089160.0,601678,2.14,0.17
2018-01-02,8.12,8.46,8.57,8.06,319496.0,266746304.0,601678,4.19,0.34
2018-01-03,8.41,8.52,8.68,8.41,279066.0,238726832.0,601678,0.71,0.06
2018-01-04,8.53,8.71,8.72,8.48,299735.0,258305824.0,601678,2.23,0.19
2018-01-05,8.67,8.62,8.9,8.6,314503.0,276058016.0,601678,-1.03,-0.09
2018-01-08,8.61,8.97,9.06,8.61,369263.0,327926464.0,601678,4.06,0.35
2018-01-09,8.85,8.91,9.04,8.79,312046.0,279439712.0,601678,-0.67,-0.06
2018-01-10,8.84,8.77,8.94,8.64,222582.0,195200480.0,601678,-1.57,-0.14
2018-01-11,8.71,8.71,8.85,8.62,146628.0,127745360.0,601678,-0.68,-0.06
2018-01-12,8.73,8.76,8.83,8.58,174304.0,152292880.0,601678,0.57,0.05
2018-01-15,8.62,8.32,8.75,8.24,253305.0,213692976.0,601678,-5.02,-0.44
2018-01-16,8.35,8.85,8.92,8.33,374187.0,324748224.0,601678,6.37,0.53
2018-01-17,8.89,8.59,8.94,8.53,232899.0,201484016.0,601678,-2.94,-0.26
2018-01-18,8.64,8.9,8.93,8.6,292700.0,257449824.0,601678,3.61,0.31
2018-01-19,8.9,8.76,9.07,8.7,302121.0,268207984.0,601678,-1.57,-0.14
2018-01-22,8.84,8.9,8.91,8.57,255430.0,223466912.0,601678,1.6,0.14
2018-01-23,8.89,8.75,8.89,8.68,204741.0,179438752.0,601678,-1.69,-0.15
2018-01-24,8.73,9.0,9.02,8.65,294824.0,260149248.0,601678,2.86,0.25
2018-01-25,8.96,9.04,9.14,8.93,330982.0,298771360.0,601678,0.44,0.04
2018-01-26,9.04,9.11,9.22,8.82,308370.0,278557184.0,601678,0.77,0.07
2018-01-29,9.15,9.09,9.23,9.0,297417.0,271285216.0,601678,-0.22,-0.02
2018-01-30,9.12,9.03,9.14,8.92,208815.0,188737616.0,601678,-0.66,-0.06
2018-01-31,8.95,8.75,9.01,8.74,194586.0,172593392.0,601678,-3.1,-0.28
2018-02-01,8.72,8.62,8.85,8.41,223386.0,193005328.0,601678,-1.49,-0.13
2018-02-02,8.45,8.7,8.73,8.44,169992.0,146143712.0,601678,0.93,0.08
2018-02-05,8.56,9.16,9.19,8.52,367463.0,329166368.0,601678,5.29,0.46
2018-02-06,9.02,8.97,9.31,8.91,459393.0,418177920.0,601678,-2.07,-0.19
2018-02-07,9.11,9.16,9.47,9.02,451430.0,416859424.0,601678,2.12,0.19
2018-02-08,9.09,8.8,9.09,8.61,330131.0,292173216.0,601678,-3.93,-0.36
2018-02-09,8.5,8.11,8.66,7.93,427154.0,355996384.0,601678,-7.84,-0.69
2018-02-12,8.2,8.19,8.32,8.09,167344.0,137414416.0,601678,0.99,0.08
2018-02-13,8.25,8.32,8.45,8.24,160629.0,133851608.0,601678,1.59,0.13
2018-02-14,8.34,8.41,8.48,8.29,110519.0,92996512.0,601678,1.08,0.09
2018-02-22,8.49,8.95,8.97,8.46,221886.0,194082704.0,601678,6.42,0.54
2018-02-23,8.97,9.06,9.14,8.9,260310.0,234753072.0,601678,1.23,0.11
2018-02-26,9.16,9.47,9.49,9.09,480141.0,446757312.0,601678,4.53,0.41
2018-02-27,9.4,9.38,9.54,9.26,381233.0,357697632.0,601678,-0.95,-0.09
2018-02-28,9.26,9.29,9.54,9.16,312768.0,292729504.0,601678,-0.96,-0.09
2018-03-01,9.29,10.06,10.15,9.23,733758.0,723110912.0,601678,8.29,0.77
2018-03-02,9.92,9.98,10.04,9.79,416721.0,413341056.0,601678,-0.8,-0.08
2018-03-05,9.99,9.62,10.08,9.45,631059.0,613820480.0,601678,-3.61,-0.36
2018-03-06,9.68,10.22,10.24,9.48,628088.0,617005632.0,601678,6.24,0.6
2018-03-07,10.1,9.84,10.2,9.79,479873.0,478895808.0,601678,-3.72,-0.38
2018-03-08,9.85,9.96,10.18,9.81,381939.0,382022336.0,601678,1.22,0.12
2018-03-09,10.15,9.97,10.17,9.76,402951.0,399455456.0,601678,0.1,0.01
2018-03-12,10.06,10.44,10.6,9.9,654602.0,673754560.0,601678,4.71,0.47
2018-03-13,10.36,10.33,10.56,10.22,394072.0,407074112.0,601678,-1.05,-0.11
2018-03-14,10.24,10.32,10.5,10.2,278585.0,287710016.0,601678,-0.1,-0.01
2018-03-15,10.25,9.93,10.31,9.78,418456.0,419339520.0,601678,-3.78,-0.39
2018-03-16,9.84,9.87,9.99,9.61,261174.0,256969120.0,601678,-0.6,-0.06
2018-03-19,9.84,9.74,9.98,9.64,217822.0,213216864.0,601678,-1.32,-0.13
2018-03-20,9.62,9.58,9.71,9.43,247584.0,236449520.0,601678,-1.64,-0.16
2018-03-21,9.58,9.54,9.85,9.52,271415.0,263547216.0,601678,-0.42,-0.04
2018-03-22,9.57,9.75,9.85,9.55,235113.0,228857376.0,601678,2.2,0.21
2018-03-23,9.35,8.82,9.45,8.78,421264.0,381852640.0,601678,-9.54,-0.93
2018-03-26,8.58,8.94,8.95,8.45,224646.0,196591104.0,601678,1.36,0.12
2018-03-27,9.03,9.05,9.22,8.95,244869.0,222295440.0,601678,1.23,0.11
2018-03-28,8.87,8.68,8.98,8.66,235392.0,206949008.0,601678,-4.09,-0.37
2018-03-29,8.74,9.08,9.11,8.67,219791.0,196418064.0,601678,4.61,0.4
2018-03-30,9.06,9.06,9.1,8.99,142404.0,128704816.0,601678,-0.22,-0.02
2018-04-02,9.0,9.04,9.2,8.95,182108.0,165007216.0,601678,-0.22,-0.02
2018-04-03,8.89,8.8,8.92,8.72,204803.0,180374800.0,601678,-2.65,-0.24
2018-04-04,8.87,8.69,8.92,8.67,122162.0,107399824.0,601678,-1.25,-0.11
2018-04-09,8.64,8.73,8.88,8.64,128807.0,113066288.0,601678,0.46,0.04
2018-04-10,8.87,9.05,9.07,8.83,198725.0,177940608.0,601678,3.67,0.32
2018-04-11,9.08,9.21,9.24,9.03,169098.0,154502976.0,601678,1.77,0.16
2018-04-12,9.21,9.13,9.24,9.06,136052.0,124000576.0,601678,-0.87,-0.08
2018-04-13,9.17,9.2,9.22,9.05,137319.0,125309960.0,601678,0.77,0.07
2018-04-16,9.15,9.02,9.15,8.93,172954.0,156342672.0,601678,-1.96,-0.18
2018-04-17,6.85,6.62,6.88,6.6,134697.0,91059536.0,601678,-26.61,-2.4
2018-04-18,6.64,6.49,6.69,6.25,242312.0,156603664.0,601678,-1.96,-0.13
2018-04-19,6.55,6.7,6.74,6.54,219818.0,146330048.0,601678,3.24,0.21
2018-04-20,6.65,6.31,6.69,6.27,249362.0,160321392.0,601678,-5.82,-0.39
2018-04-23,6.28,6.45,6.48,6.28,163285.0,103916224.0,601678,2.22,0.14
2018-04-24,6.45,6.56,6.6,6.4,204211.0,133569896.0,601678,1.71,0.11
2018-04-25,6.53,6.49,6.53,6.43,142055.0,91997616.0,601678,-1.07,-0.07
2018-04-26,6.47,6.54,6.63,6.33,196450.0,126852336.0,601678,0.77,0.05
2018-04-27,6.5,6.42,6.55,6.29,211720.0,135661216.0,601678,-1.83,-0.12
2018-05-02,6.39,6.31,6.45,6.29,209882.0,132960376.0,601678,-1.71,-0.11
2018-05-03,6.31,6.38,6.41,6.28,165312.0,104756976.0,601678,1.11,0.07
2018-05-04,6.4,6.46,6.54,6.34,198958.0,128235568.0,601678,1.25,0.08
2018-05-07,6.44,6.76,6.85,6.43,414093.0,277918112.0,601678,4.64,0.3
2018-05-08,6.82,6.81,6.85,6.71,195462.0,132361232.0,601678,0.74,0.05
2018-05-09,6.8,7.01,7.15,6.76,434235.0,302485568.0,601678,2.94,0.2
2018-05-10,7.05,6.89,7.08,6.8,356433.0,247081120.0,601678,-1.71,-0.12
2018-05-11,6.89,6.83,6.93,6.79,189471.0,129572096.0,601678,-0.87,-0.06
2018-05-14,6.81,6.85,6.98,6.77,186983.0,128780008.0,601678,0.29,0.02
2018-05-15,6.86,7.31,7.42,6.8,524201.0,371159904.0,601678,6.72,0.46
2018-05-16,7.2,7.3,7.34,7.11,413214.0,297776832.0,601678,-0.14,-0.01
2018-05-17,7.29,7.19,7.54,7.16,661410.0,486189120.0,601678,-1.51,-0.11
2018-05-18,7.28,7.23,7.34,7.09,392435.0,283599104.0,601678,0.56,0.04
2018-05-21,7.3,7.52,7.64,7.27,601719.0,450112480.0,601678,4.01,0.29
2018-05-22,7.46,7.48,7.59,7.42,340509.0,255110128.0,601678,-0.53,-0.04
2018-05-23,7.46,7.34,7.52,7.31,281861.0,208772416.0,601678,-1.87,-0.14
2018-05-24,7.38,7.29,7.46,7.25,206149.0,151161296.0,601678,-0.68,-0.05
2018-05-25,7.2,7.08,7.31,6.98,350882.0,249003680.0,601678,-2.88,-0.21
2018-05-28,7.05,7.1,7.22,7.02,188060.0,133746816.0,601678,0.28,0.02
2018-05-29,7.11,6.97,7.14,6.91,213779.0,149961280.0,601678,-1.83,-0.13
2018-05-30,6.82,6.74,6.9,6.6,273748.0,184692672.0,601678,-3.3,-0.23
2018-05-31,6.81,6.83,6.84,6.68,164154.0,111402544.0,601678,1.34,0.09
2018-06-01,6.78,6.65,6.78,6.6,192749.0,128798152.0,601678,-2.64,-0.18
2018-06-04,6.69,6.63,6.75,6.57,138941.0,92576696.0,601678,-0.3,-0.02
2018-06-05,6.65,6.84,6.85,6.65,211941.0,143844208.0,601678,3.17,0.21
2018-06-06,6.82,6.87,6.88,6.72,181746.0,123470976.0,601678,0.44,0.03
2018-06-07,6.86,6.9,7.05,6.81,263280.0,182928192.0,601678,0.44,0.03
2018-06-08,6.91,6.86,6.92,6.75,150334.0,102623720.0,601678,-0.58,-0.04
2018-06-11,6.79,6.86,6.92,6.75,123858.0,84603376.0,601678,0.0,0.0
2018-06-12,6.86,6.87,6.88,6.75,127708.0,87212168.0,601678,0.15,0.01
2018-06-13,6.86,6.77,6.9,6.75,120832.0,82499560.0,601678,-1.46,-0.1
2018-06-14,6.71,6.55,6.79,6.47,234302.0,155071872.0,601678,-3.25,-0.22
2018-06-15,6.57,6.45,6.59,6.39,185278.0,120102024.0,601678,-1.53,-0.1
2018-06-19,6.32,6.06,6.44,5.95,285579.0,175974944.0,601678,-6.05,-0.39
2018-06-20,6.07,6.15,6.22,5.92,177957.0,108264512.0,601678,1.49,0.09
2018-06-21,6.12,6.09,6.29,6.09,136470.0,84397680.0,601678,-0.98,-0.06
2018-06-22,6.05,6.18,6.21,5.91,87377.0,53533372.0,601678,1.48,0.09
2018-06-25,6.26,6.16,6.3,6.14,103088.0,64093508.0,601678,-0.32,-0.02
2018-06-26,6.08,6.22,6.28,6.06,90957.0,56245872.0,601678,0.97,0.06
2018-06-27,6.23,6.14,6.27,6.13,91049.0,56421328.0,601678,-1.29,-0.08
2018-06-28,6.12,6.0,6.22,5.95,150433.0,91115504.0,601678,-2.28,-0.14
2018-06-29,6.0,6.18,6.23,6.0,115928.0,71183408.0,601678,3.0,0.18
2018-07-02,6.17,6.15,6.29,6.1,112580.0,69465248.0,601678,-0.49,-0.03
2018-07-03,6.2,6.19,6.2,6.02,116557.0,71387336.0,601678,0.65,0.04
2018-07-04,6.16,6.03,6.17,6.02,98051.0,59719400.0,601678,-2.58,-0.16
2018-07-05,6.03,5.98,6.07,5.94,115457.0,69199128.0,601678,-0.83,-0.05
2018-07-06,5.98,6.03,6.12,5.92,110978.0,66844380.0,601678,0.84,0.05
2018-07-09,6.04,6.14,6.15,6.03,158374.0,96690912.0,601678,1.82,0.11
2018-07-10,6.02,6.08,6.1,6.0,164065.0,99510000.0,601678,-0.98,-0.06
2018-07-11,6.0,5.72,6.0,5.64,286270.0,167381504.0,601678,-5.92,-0.36
2018-07-12,5.75,5.89,5.95,5.72,165559.0,97006448.0,601678,2.97,0.17
2018-07-13,5.89,5.99,6.01,5.88,138418.0,82269472.0,601678,1.7,0.1
2018-07-16,6.01,5.97,6.08,5.96,106071.0,63599096.0,601678,-0.33,-0.02
2018-07-17,5.91,5.89,5.97,5.82,96735.0,56843076.0,601678,-1.34,-0.08
2018-07-18,5.93,5.87,5.95,5.85,91070.0,53780176.0,601678,-0.34,-0.02
2018-07-19,5.85,5.73,5.87,5.69,161125.0,92589128.0,601678,-2.39,-0.14
2018-07-20,5.78,5.8,5.84,5.69,98452.0,56800696.0,601678,1.22,0.07
2018-07-23,5.8,5.84,5.85,5.71,124890.0,72275864.0,601678,0.69,0.04
2018-07-24,5.84,6.03,6.07,5.81,194718.0,116634864.0,601678,3.25,0.19
2018-07-25,6.03,6.06,6.11,5.99,112480.0,67964080.0,601678,0.5,0.03
2018-07-26,6.04,5.97,6.05,5.95,118516.0,71052416.0,601678,-1.49,-0.09
2018-07-27,5.97,6.03,6.06,5.95,92951.0,55882760.0,601678,1.01,0.06
2018-07-30,6.03,5.93,6.08,5.9,101836.0,60546012.0,601678,-1.66,-0.1
2018-07-31,5.93,5.91,5.96,5.87,68516.0,40523800.0,601678,-0.34,-0.02
2018-08-01,5.94,5.83,6.01,5.8,131835.0,77902928.0,601678,-1.35,-0.08
2018-08-02,5.77,5.84,5.85,5.71,216019.0,124774488.0,601678,0.17,0.01
2018-08-03,5.84,5.81,5.96,5.73,110788.0,65007704.0,601678,-0.51,-0.03
2018-08-06,5.78,5.71,5.85,5.66,119667.0,68454976.0,601678,-1.72,-0.1
2018-08-07,5.71,5.96,6.09,5.67,162850.0,95403976.0,601678,4.38,0.25
2018-08-08,5.86,6.02,6.16,5.85,257446.0,154948480.0,601678,1.01,0.06
2018-08-09,5.97,6.03,6.08,5.93,189302.0,113856848.0,601678,0.17,0.01
2018-08-10,5.99,6.02,6.05,5.95,98022.0,58746700.0,601678,-0.17,-0.01
2018-08-13,5.92,5.93,5.95,5.8,132525.0,77729656.0,601678,-1.5,-0.09
2018-08-14,5.9,5.88,5.96,5.84,83150.0,49019216.0,601678,-0.84,-0.05
2018-08-15,5.88,5.75,5.89,5.74,89100.0,51601676.0,601678,-2.21,-0.13
2018-08-16,5.74,5.74,5.78,5.65,67119.0,38451660.0,601678,-0.17,-0.01
2018-08-17,5.76,5.68,5.8,5.68,78268.0,44678048.0,601678,-1.05,-0.06
2018-08-20,5.66,5.74,5.74,5.6,79938.0,45450328.0,601678,1.06,0.06
2018-08-21,5.73,5.76,5.78,5.69,79074.0,45428836.0,601678,0.35,0.02
2018-08-22,5.72,5.65,5.75,5.64,64971.0,36857996.0,601678,-1.91,-0.11
2018-08-23,5.65,5.64,5.69,5.61,66660.0,37674108.0,601678,-0.18,-0.01
2018-08-24,5.64,5.61,5.67,5.6,52401.0,29466068.0,601678,-0.53,-0.03
2018-08-27,5.61,5.7,5.7,5.56,108400.0,61072240.0,601678,1.6,0.09
2018-08-28,5.69,5.65,5.71,5.63,74571.0,42263996.0,601678,-0.88,-0.05
2018-08-29,5.65,5.66,5.7,5.63,62497.0,35349320.0,601678,0.18,0.01
2018-08-30,5.64,5.58,5.66,5.57,83346.0,46686132.0,601678,-1.41,-0.08
2018-08-31,5.57,5.56,5.61,5.56,59856.0,33432744.0,601678,-0.36,-0.02
2018-09-03,5.55,5.5,5.59,5.48,82186.0,45232016.0,601678,-1.08,-0.06
2018-09-04,5.5,5.51,5.55,5.47,86310.0,47551824.0,601678,0.18,0.01
2018-09-05,5.5,5.42,5.51,5.41,109159.0,59496032.0,601678,-1.63,-0.09
2018-09-06,5.4,5.34,5.43,5.32,104439.0,56100896.0,601678,-1.48,-0.08
2018-09-07,5.38,5.43,5.47,5.38,114498.0,62071144.0,601678,1.69,0.09
2018-09-10,5.43,5.39,5.43,5.32,56801.0,30520188.0,601678,-0.74,-0.04
2018-09-11,5.38,5.33,5.39,5.3,55251.0,29495370.0,601678,-1.11,-0.06
2018-09-12,5.33,5.27,5.34,5.26,42266.0,22332744.0,601678,-1.13,-0.06
2018-09-13,5.28,5.26,5.35,5.22,49148.0,25904108.0,601678,-0.19,-0.01
2018-09-14,5.26,5.24,5.28,5.23,42267.0,22180880.0,601678,-0.38,-0.02
2018-09-17,5.22,5.04,5.24,5.04,65301.0,33398172.0,601678,-3.82,-0.2
2018-09-18,5.04,5.12,5.14,5.01,58214.0,29596468.0,601678,1.59,0.08
2018-09-19,5.1,5.18,5.22,5.08,65324.0,33814932.0,601678,1.17,0.06
2018-09-20,5.18,5.18,5.25,5.17,53792.0,27994284.0,601678,0.0,0.0
2018-09-21,5.18,5.27,5.29,5.18,76450.0,40120632.0,601678,1.74,0.09
2018-09-25,5.26,5.26,5.31,5.22,47709.0,25115574.0,601678,-0.19,-0.01
2018-09-26,5.28,5.23,5.29,5.19,71178.0,37286096.0,601678,-0.57,-0.03
2018-09-27,5.25,5.15,5.27,5.15,53006.0,27615060.0,601678,-1.53,-0.08
2018-09-28,5.18,5.21,5.24,5.15,47287.0,24598528.0,601678,1.17,0.06
2018-10-08,5.18,5.03,5.21,5.0,115143.0,58593216.0,601678,-3.45,-0.18
2018-10-09,5.07,5.01,5.08,4.99,79740.0,40148912.0,601678,-0.4,-0.02
2018-10-10,5.0,4.84,5.03,4.8,122291.0,59884120.0,601678,-3.39,-0.17
2018-10-11,4.6,4.36,4.74,4.36,164001.0,73983520.0,601678,-9.92,-0.48
2018-10-12,4.21,4.28,4.42,4.15,113543.0,48759448.0,601678,-1.83,-0.08
2018-10-15,4.27,4.24,4.36,4.23,62924.0,27017044.0,601678,-0.93,-0.04
2018-10-16,4.26,4.0,4.26,3.95,122047.0,49822916.0,601678,-5.66,-0.24
2018-10-17,4.09,4.09,4.11,4.01,88839.0,36098768.0,601678,2.25,0.09
2018-10-18,4.05,4.01,4.1,4.0,81702.0,33037272.0,601678,-1.96,-0.08
2018-10-19,3.94,4.14,4.18,3.87,133745.0,53795320.0,601678,3.24,0.13
2018-10-22,4.14,4.39,4.44,4.14,160775.0,69511896.0,601678,6.04,0.25
2018-10-23,4.41,4.31,4.44,4.28,103186.0,44831832.0,601678,-1.82,-0.08
2018-10-24,4.26,4.29,4.36,4.25,73943.0,31832748.0,601678,-0.46,-0.02
2018-10-25,4.13,4.29,4.32,4.13,93428.0,39247212.0,601678,0.0,0.0
2018-10-26,4.32,4.31,4.41,4.3,76624.0,33250608.0,601678,0.47,0.02
2018-10-29,4.31,4.31,4.36,4.27,70977.0,30637076.0,601678,0.0,0.0
2018-10-30,4.31,4.33,4.38,4.24,69119.0,29822924.0,601678,0.46,0.02
2018-10-31,4.34,4.37,4.42,4.34,67955.0,29792848.0,601678,0.92,0.04
2018-11-01,4.38,4.45,4.53,4.38,123255.0,55092740.0,601678,1.83,0.08
2018-11-02,4.51,4.59,4.6,4.51,127919.0,58446980.0,601678,3.15,0.14
2018-11-05,4.6,4.61,4.65,4.51,94038.0,43067280.0,601678,0.44,0.02
2018-11-06,4.59,4.57,4.59,4.52,60548.0,27562654.0,601678,-0.87,-0.04
2018-11-07,4.62,4.64,4.7,4.58,120515.0,55989272.0,601678,1.53,0.07
2018-11-08,4.65,4.53,4.71,4.51,89160.0,40939824.0,601678,-2.37,-0.11
2018-11-09,4.54,4.56,4.62,4.5,61155.0,27946620.0,601678,0.66,0.03
2018-11-12,4.53,4.65,4.65,4.51,84128.0,38878568.0,601678,1.97,0.09
2018-11-13,4.59,4.73,4.76,4.57,158789.0,74693888.0,601678,1.72,0.08
2018-11-14,4.7,4.7,4.79,4.68,107783.0,50912404.0,601678,-0.63,-0.03
2018-11-15,4.67,4.74,4.75,4.67,87528.0,41272192.0,601678,0.85,0.04
2018-11-16,4.76,4.8,4.8,4.69,134140.0,63615032.0,601678,1.27,0.06
2018-11-19,4.83,4.8,4.85,4.75,124626.0,59652876.0,601678,0.0,0.0
2018-11-20,4.78,4.6,4.78,4.58,123468.0,57794424.0,601678,-4.17,-0.2
2018-11-21,4.54,4.88,4.93,4.51,255514.0,122170760.0,601678,6.09,0.28
2018-11-22,4.9,4.81,4.91,4.76,172608.0,83279264.0,601678,-1.43,-0.07
2018-11-23,4.78,4.48,4.8,4.45,165803.0,76271432.0,601678,-6.86,-0.33
2018-11-26,4.48,4.51,4.55,4.44,69321.0,31197784.0,601678,0.67,0.03
2018-11-27,4.54,4.56,4.6,4.51,60646.0,27605756.0,601678,1.11,0.05
2018-11-28,4.56,4.62,4.62,4.52,57024.0,26166100.0,601678,1.32,0.06
2018-11-29,4.63,4.5,4.67,4.5,63217.0,29082960.0,601678,-2.6,-0.12
2018-11-30,4.51,4.54,4.56,4.45,53292.0,24062644.0,601678,0.89,0.04
2018-12-03,4.65,4.67,4.73,4.63,88566.0,41462644.0,601678,2.86,0.13
2018-12-04,4.68,4.7,4.71,4.64,66341.0,31062840.0,601678,0.64,0.03
2018-12-05,4.65,4.64,4.67,4.6,64446.0,29854712.0,601678,-1.28,-0.06
2018-12-06,4.62,4.52,4.62,4.49,76980.0,34926232.0,601678,-2.59,-0.12
2018-12-07,4.51,4.51,4.54,4.49,33909.0,15327896.0,601678,-0.22,-0.01
2018-12-10,4.49,4.47,4.5,4.44,35912.0,16045625.0,601678,-0.89,-0.04
2018-12-11,4.48,4.45,4.5,4.41,38201.0,17001640.0,601678,-0.45,-0.02
2018-12-12,4.47,4.43,4.49,4.42,40818.0,18155652.0,601678,-0.45,-0.02
2018-12-13,4.48,4.49,4.53,4.42,59423.0,26667956.0,601678,1.35,0.06
2018-12-14,4.47,4.36,4.5,4.36,58585.0,25915338.0,601678,-2.9,-0.13
2018-12-17,4.37,4.43,4.44,4.32,46116.0,20270204.0,601678,1.61,0.07
2018-12-18,4.39,4.39,4.45,4.36,40444.0,17779264.0,601678,-0.9,-0.04
2018-12-19,4.39,4.32,4.39,4.32,45859.0,19917720.0,601678,-1.59,-0.07
2018-12-20,4.31,4.28,4.33,4.23,47407.0,20233912.0,601678,-0.93,-0.04
2018-12-21,4.24,4.28,4.31,4.24,35243.0,15069082.0,601678,0.0,0.0
2018-12-24,4.26,4.33,4.35,4.26,39379.0,16968282.0,601678,1.17,0.05
2018-12-25,4.28,4.21,4.31,4.11,81264.0,34012336.0,601678,-2.77,-0.12
2018-12-26,4.21,4.23,4.27,4.21,45451.0,19293380.0,601678,0.48,0.02
2018-12-27,4.32,4.16,4.33,4.16,45381.0,19294500.0,601678,-1.65,-0.07
2018-12-28,4.18,4.22,4.25,4.18,47316.0,19984180.0,601678,1.44,0.06
2019-01-02,4.3,4.36,4.63,4.23,103777.0,45539960.0,601678,3.32,0.14
2019-01-03,4.4,4.27,4.41,4.26,70151.0,30279964.0,601678,-2.06,-0.09
2019-01-04,4.21,4.35,4.35,4.19,68835.0,29525644.0,601678,1.87,0.08
2019-01-07,4.37,4.42,4.42,4.32,70532.0,30929404.0,601678,1.61,0.07
2019-01-08,4.42,4.39,4.42,4.36,37415.0,16395410.0,601678,-0.68,-0.03
2019-01-09,4.38,4.42,4.48,4.38,74283.0,33056180.0,601678,0.68,0.03
2019-01-10,4.41,4.37,4.43,4.35,50741.0,22252636.0,601678,-1.13,-0.05
2019-01-11,4.37,4.45,4.46,4.36,56465.0,24963716.0,601678,1.83,0.08
2019-01-14,4.47,4.56,4.6,4.44,134999.0,61349252.0,601678,2.47,0.11
2019-01-15,4.55,4.56,4.57,4.5,81642.0,37036820.0,601678,0.0,0.0
2019-01-16,4.57,4.56,4.61,4.51,77239.0,35146508.0,601678,0.0,0.0
2019-01-17,4.56,4.63,4.75,4.51,163486.0,75788024.0,601678,1.54,0.07
2019-01-18,4.64,4.62,4.64,4.53,116339.0,53366752.0,601678,-0.22,-0.01
2019-01-21,4.62,4.62,4.68,4.59,78251.0,36278516.0,601678,0.0,0.0
2019-01-22,4.62,4.56,4.64,4.53,79753.0,36519176.0,601678,-1.3,-0.06
2019-01-23,4.56,4.73,4.81,4.54,234013.0,110459312.0,601678,3.73,0.17
2019-01-24,4.69,4.71,4.79,4.68,130967.0,61835896.0,601678,-0.42,-0.02
2019-01-25,4.74,4.73,4.79,4.68,116927.0,55408276.0,601678,0.42,0.02
2019-01-28,4.63,4.51,4.7,4.47,202781.0,92809440.0,601678,-4.65,-0.22
2019-01-29,4.51,4.41,4.53,4.32,102280.0,45230376.0,601678,-2.22,-0.1
2019-01-30,4.43,4.3,4.44,4.29,78843.0,34333240.0,601678,-2.49,-0.11
2019-01-31,4.32,4.2,4.35,4.15,136774.0,57900944.0,601678,-2.33,-0.1
2019-02-01,4.22,4.34,4.35,4.22,81169.0,34810028.0,601678,3.33,0.14
2019-02-11,4.35,4.47,4.48,4.35,130060.0,57630508.0,601678,3.0,0.13
2019-02-12,4.45,4.54,4.56,4.45,86072.0,38900696.0,601678,1.57,0.07
2019-02-13,4.54,4.61,4.64,4.51,128162.0,58800112.0,601678,1.54,0.07
2019-02-14,4.61,4.63,4.72,4.57,126989.0,58856820.0,601678,0.43,0.02
2019-02-15,4.64,4.58,4.68,4.58,104604.0,48311820.0,601678,-1.08,-0.05
2019-02-18,4.61,4.77,4.8,4.61,194770.0,91677704.0,601678,4.15,0.19
2019-02-19,4.76,4.73,4.83,4.66,167104.0,79169640.0,601678,-0.84,-0.04
2019-02-20,4.73,4.74,4.79,4.69,131751.0,62471312.0,601678,0.21,0.01
2019-02-21,4.74,4.68,4.78,4.66,150929.0,71323128.0,601678,-1.27,-0.06
2019-02-22,4.66,4.78,4.79,4.66,142634.0,67507200.0,601678,2.14,0.1
2019-02-25,4.8,4.99,5.04,4.78,311817.0,153585408.0,601678,4.39,0.21
2019-02-26,5.0,5.03,5.19,4.97,314017.0,159751328.0,601678,0.8,0.04
2019-02-27,5.02,5.07,5.21,5.01,248763.0,127163336.0,601678,0.8,0.04
2019-02-28,5.04,5.08,5.14,5.04,132593.0,67360936.0,601678,0.2,0.01
2019-03-01,5.08,5.11,5.13,5.03,137835.0,70035352.0,601678,0.59,0.03
2019-03-04,5.13,5.22,5.3,5.13,260177.0,136161312.0,601678,2.15,0.11
2019-03-05,5.18,5.28,5.29,5.15,165148.0,86465944.0,601678,1.15,0.06
2019-03-06,5.32,5.49,5.56,5.29,336887.0,182466768.0,601678,3.98,0.21
2019-03-07,5.46,5.46,5.54,5.39,257572.0,140919984.0,601678,-0.55,-0.03
2019-03-08,5.4,5.11,5.42,5.1,393799.0,207509792.0,601678,-6.41,-0.35
2019-03-11,5.12,5.34,5.34,5.12,209854.0,110068864.0,601678,4.5,0.23
2019-03-12,5.35,5.37,5.49,5.28,265222.0,142450384.0,601678,0.56,0.03
2019-03-13,5.34,5.29,5.42,5.26,208864.0,111469992.0,601678,-1.49,-0.08
2019-03-14,5.24,5.18,5.4,5.13,202322.0,105914672.0,601678,-2.08,-0.11
2019-03-15,5.23,5.6,5.7,5.23,542436.0,298851392.0,601678,8.11,0.42
2019-03-18,6.16,5.92,6.16,5.78,804667.0,482442848.0,601678,5.71,0.32
2019-03-19,5.81,6.4,6.45,5.77,894149.0,553041472.0,601678,8.11,0.48
2019-03-20,6.23,6.09,6.27,5.95,731134.0,447505856.0,601678,-4.84,-0.31
2019-03-21,6.05,6.06,6.18,6.0,430344.0,262106480.0,601678,-0.49,-0.03
2019-03-22,6.01,5.99,6.05,5.82,359443.0,213177072.0,601678,-1.16,-0.07
2019-03-25,5.85,6.15,6.28,5.83,536034.0,329554112.0,601678,2.67,0.16
2019-03-26,6.24,6.0,6.38,5.96,485186.0,300799424.0,601678,-2.44,-0.15
2019-03-27,6.41,6.6,6.6,6.41,1298445.0,854643904.0,601678,10.0,0.6
2019-03-28,6.51,6.23,6.67,6.22,1093624.0,702206144.0,601678,-5.61,-0.37
2019-03-29,6.19,6.85,6.85,6.06,823636.0,539679872.0,601678,9.95,0.62
2019-04-01,7.31,7.29,7.54,7.1,1740479.0,1288420224.0,601678,6.42,0.44
2019-04-02,7.17,7.54,7.97,7.17,1534935.0,1159500800.0,601678,3.43,0.25
2019-04-03,7.37,7.58,7.8,7.27,933283.0,701590528.0,601678,0.53,0.04
2019-04-04,7.79,8.0,8.34,7.55,1422884.0,1132328320.0,601678,5.54,0.42
2019-04-08,8.39,8.61,8.65,8.06,1328559.0,1119261312.0,601678,7.62,0.61
2019-04-09,8.35,8.09,8.35,7.85,997944.0,810707072.0,601678,-6.04,-0.52
2019-04-10,7.96,7.98,8.35,7.72,965828.0,777771072.0,601678,-1.36,-0.11
2019-04-11,7.82,7.68,8.13,7.68,795902.0,629988352.0,601678,-3.76,-0.3
2019-04-12,7.61,7.85,8.16,7.58,884812.0,698734848.0,601678,2.21,0.17
2019-04-15,8.09,7.66,8.16,7.65,689135.0,546696640.0,601678,-2.42,-0.19
2019-04-16,7.66,7.92,7.97,7.58,619410.0,481200320.0,601678,3.39,0.26
2019-04-17,7.89,8.71,8.71,7.82,1562294.0,1315435008.0,601678,9.97,0.79
2019-04-18,8.58,8.38,8.73,8.3,1153334.0,978648448.0,601678,-3.79,-0.33
2019-04-19,8.18,8.26,8.63,7.83,891492.0,731537536.0,601678,-1.43,-0.12
2019-04-22,8.1,8.29,8.58,7.9,904293.0,740753856.0,601678,0.36,0.03
2019-04-23,8.25,7.76,8.26,7.65,785714.0,620791616.0,601678,-6.39,-0.53
2019-04-24,7.78,8.09,8.15,7.76,659664.0,528904448.0,601678,4.25,0.33
2019-04-25,8.03,7.3,8.05,7.28,845640.0,641016128.0,601678,-9.77,-0.79
2019-04-26,7.24,7.13,7.4,7.06,403685.0,292273120.0,601678,-2.33,-0.17
2019-04-29,7.22,6.88,7.24,6.73,439684.0,305794656.0,601678,-3.51,-0.25
2019-04-30,6.84,6.92,7.05,6.69,317841.0,218524128.0,601678,0.58,0.04
2019-05-06,6.58,6.23,6.58,6.23,368108.0,233160560.0,601678,-9.97,-0.69
2019-05-07,6.23,6.11,6.43,5.97,474109.0,293352352.0,601678,-1.93,-0.12
2019-05-08,5.92,6.1,6.17,5.9,345746.0,209826208.0,601678,-0.16,-0.01
2019-05-09,6.01,5.99,6.13,5.92,333660.0,201044848.0,601678,-1.8,-0.11
2019-05-10,6.59,6.59,6.59,6.4,465165.0,306035552.0,601678,10.02,0.6
2019-05-13,6.78,6.79,7.14,6.6,949583.0,650322368.0,601678,3.03,0.2
2019-05-14,6.63,6.65,6.81,6.58,556966.0,371356448.0,601678,-2.06,-0.14
2019-05-15,6.75,6.95,7.03,6.65,719595.0,496641984.0,601678,4.51,0.3
2019-05-16,6.9,6.9,7.13,6.8,552975.0,383329440.0,601678,-0.72,-0.05
2019-05-17,6.9,6.59,6.92,6.51,487829.0,327937920.0,601678,-4.49,-0.31
2019-05-20,6.67,6.4,6.7,6.16,314480.0,199321312.0,601678,-2.88,-0.19
2019-05-21,6.49,6.56,6.68,6.37,345769.0,226067632.0,601678,2.5,0.16
2019-05-22,6.49,6.45,6.63,6.38,261179.0,170251648.0,601678,-1.68,-0.11
2019-05-23,6.42,6.3,6.49,6.28,235384.0,150471696.0,601678,-2.33,-0.15
2019-05-24,6.28,6.33,6.48,6.28,228229.0,145474384.0,601678,0.48,0.03
2019-05-27,6.43,6.59,6.65,6.31,309671.0,201099664.0,601678,4.11,0.26
2019-05-28,6.57,6.63,6.78,6.54,324654.0,215992592.0,601678,0.61,0.04
2019-05-29,6.58,6.62,6.64,6.52,210521.0,138607536.0,601678,-0.15,-0.01
2019-05-30,6.58,6.64,6.73,6.51,248132.0,164414864.0,601678,0.3,0.02
2019-05-31,6.64,6.53,6.67,6.5,223957.0,147028192.0,601678,-1.66,-0.11
2019-06-03,6.69,6.5,6.76,6.46,241836.0,159972176.0,601678,-0.46,-0.03
2019-06-04,6.48,6.35,6.51,6.19,237171.0,150124992.0,601678,-2.31,-0.15
2019-06-05,6.4,6.27,6.45,6.24,107641.0,67899040.0,601678,-1.26,-0.08
2019-06-06,6.25,6.21,6.29,6.15,118302.0,73457056.0,601678,-0.96,-0.06
2019-06-10,6.2,6.16,6.26,6.09,119175.0,73284752.0,601678,-0.81,-0.05
2019-06-11,6.18,6.46,6.5,6.16,288789.0,183945696.0,601678,4.87,0.3
2019-06-12,6.42,6.36,6.52,6.35,175118.0,112458096.0,601678,-1.55,-0.1
2019-06-13,6.32,6.68,6.75,6.26,454851.0,298742112.0,601678,5.03,0.32
2019-06-14,6.7,6.33,6.71,6.32,302874.0,196893568.0,601678,-5.24,-0.35
2019-06-17,6.36,6.37,6.38,6.24,131903.0,83071432.0,601678,0.63,0.04
2019-06-18,6.38,6.36,6.38,6.25,94191.0,59476156.0,601678,-0.16,-0.01
2019-06-19,6.51,6.46,6.62,6.45,219610.0,143415584.0,601678,1.57,0.1
2019-06-20,6.47,6.58,6.69,6.41,236394.0,155704848.0,601678,1.86,0.12
2019-06-21,6.64,6.63,6.67,6.56,219918.0,145462208.0,601678,0.76,0.05
2019-06-24,6.68,6.59,6.7,6.54,130481.0,86113904.0,601678,-0.6,-0.04
2019-06-25,6.6,6.57,6.65,6.49,152801.0,100343040.0,601678,-0.3,-0.02
2019-06-26,6.54,6.56,6.63,6.49,106489.0,69897432.0,601678,-0.15,-0.01
2019-06-27,6.63,6.65,6.7,6.5,221217.0,146348192.0,601678,1.37,0.09
2019-06-28,6.78,6.76,6.95,6.72,478110.0,326536512.0,601678,1.65,0.11
2019-07-01,6.91,6.98,7.04,6.76,479502.0,330472384.0,601678,3.25,0.22
2019-07-02,6.91,6.83,6.95,6.78,258859.0,177572368.0,601678,-2.15,-0.15
2019-07-03,6.87,6.76,6.88,6.67,171725.0,115705616.0,601678,-1.02,-0.07
2019-07-04,6.73,6.66,6.77,6.62,108812.0,72722968.0,601678,-1.48,-0.1
2019-07-05,6.67,6.7,6.7,6.62,81029.0,53985952.0,601678,0.6,0.04
2019-07-08,6.65,6.27,6.68,6.2,225304.0,143997664.0,601678,-6.42,-0.43
2019-07-09,6.29,6.35,6.36,6.16,121386.0,76205008.0,601678,1.28,0.08
2019-07-10,6.31,6.25,6.37,6.21,78432.0,49166408.0,601678,-1.57,-0.1
2019-07-11,6.28,6.39,6.48,6.24,188163.0,119468744.0,601678,2.24,0.14
2019-07-12,6.44,6.63,6.72,6.41,334751.0,220496688.0,601678,3.76,0.24
2019-07-15,6.85,6.74,6.95,6.7,459112.0,311940192.0,601678,1.66,0.11
2019-07-16,6.88,7.41,7.41,6.88,884309.0,636815168.0,601678,9.94,0.67
2019-07-17,7.63,7.54,7.78,7.35,1424171.0,1083430656.0,601678,1.75,0.13
2019-07-18,7.52,7.42,7.7,7.21,850756.0,635769472.0,601678,-1.59,-0.12
2019-07-19,7.46,7.25,7.58,7.24,732872.0,543208640.0,601678,-2.29,-0.17
2019-07-22,7.32,6.73,7.36,6.68,756489.0,519700288.0,601678,-7.17,-0.52
2019-07-23,6.79,6.71,6.8,6.57,437557.0,292447520.0,601678,-0.3,-0.02
2019-07-24,6.74,6.8,6.85,6.7,411917.0,279313184.0,601678,1.34,0.09
2019-07-25,6.5,6.49,6.54,6.33,540695.0,348893440.0,601678,-4.56,-0.31
2019-07-26,6.46,6.39,6.47,6.37,242862.0,155536272.0,601678,-1.54,-0.1
2019-07-29,6.4,6.37,6.45,6.26,228776.0,145009168.0,601678,-0.31,-0.02
2019-07-30,6.36,6.74,6.81,6.34,598989.0,396574080.0,601678,5.81,0.37
2019-07-31,6.66,6.56,6.66,6.51,338721.0,222929520.0,601678,-2.67,-0.18
2019-08-01,6.54,6.59,6.68,6.52,265022.0,175294816.0,601678,0.46,0.03
2019-08-02,6.39,6.65,6.75,6.29,414455.0,273098240.0,601678,0.91,0.06
2019-08-05,6.69,6.49,6.74,6.42,379493.0,249207008.0,601678,-2.41,-0.16
2019-08-06,6.31,6.08,6.4,5.87,464168.0,284788416.0,601678,-6.32,-0.41
2019-08-07,6.15,6.0,6.18,5.98,265978.0,161844704.0,601678,-1.32,-0.08
2019-08-08,5.93,5.93,6.04,5.92,228065.0,136092176.0,601678,-1.17,-0.07
2019-08-09,5.96,5.71,5.98,5.68,267098.0,154969648.0,601678,-3.71,-0.22
2019-08-12,5.73,5.82,5.83,5.59,190009.0,108523224.0,601678,1.93,0.11
2019-08-13,5.71,5.91,6.07,5.69,308160.0,182704480.0,601678,1.55,0.09
2019-08-14,6.02,5.81,6.05,5.79,207184.0,122296248.0,601678,-1.69,-0.1
2019-08-15,5.7,5.79,5.81,5.57,211308.0,120181440.0,601678,-0.34,-0.02
2019-08-16,5.76,5.74,5.83,5.71,162024.0,93262936.0,601678,-0.86,-0.05
2019-08-19,5.74,5.87,5.89,5.73,159327.0,92930088.0,601678,2.26,0.13
2019-08-20,5.86,5.78,5.92,5.76,216478.0,126331712.0,601678,-1.53,-0.09
2019-08-21,5.8,5.84,5.91,5.79,169901.0,99518992.0,601678,1.04,0.06
2019-08-22,5.87,5.84,5.88,5.77,116765.0,67877576.0,601678,0.0,0.0
2019-08-23,5.82,5.76,5.83,5.72,116107.0,67015320.0,601678,-1.37,-0.08
2019-08-26,5.62,5.63,5.68,5.59,133184.0,75020464.0,601678,-2.26,-0.13
2019-08-27,5.69,5.76,5.82,5.67,168958.0,97134160.0,601678,2.31,0.13
2019-08-28,5.77,5.76,5.79,5.72,104923.0,60376748.0,601678,0.0,0.0
2019-08-29,5.76,5.72,5.81,5.71,110678.0,63750488.0,601678,-0.69,-0.04
2019-08-30,5.76,5.51,5.76,5.45,243352.0,136152848.0,601678,-3.67,-0.21
2019-09-02,5.53,5.67,5.71,5.45,176345.0,99104080.0,601678,2.9,0.16
2019-09-03,5.66,5.67,5.73,5.6,151450.0,85737336.0,601678,0.0,0.0
2019-09-04,5.67,5.72,5.76,5.63,146013.0,83178992.0,601678,0.88,0.05
2019-09-05,5.8,5.85,5.94,5.76,310511.0,181976080.0,601678,2.27,0.13
2019-09-06,5.89,5.88,5.96,5.79,212137.0,124509968.0,601678,0.51,0.03
2019-09-09,5.93,5.99,6.02,5.86,262775.0,155770704.0,601678,1.87,0.11
2019-09-10,5.99,5.92,6.0,5.88,203404.0,120675648.0,601678,-1.17,-0.07
2019-09-11,5.93,6.06,6.18,5.92,408403.0,248150752.0,601678,2.36,0.14
2019-09-12,6.0,5.99,6.05,5.95,175651.0,105106864.0,601678,-1.16,-0.07
2019-09-16,6.01,6.0,6.1,5.98,201973.0,121841040.0,601678,0.17,0.01
2019-09-17,6.0,5.81,6.0,5.77,155046.0,90904352.0,601678,-3.17,-0.19
2019-09-18,5.83,5.74,5.85,5.72,110978.0,64044428.0,601678,-1.2,-0.07
2019-09-19,5.74,5.82,5.85,5.69,131270.0,75790640.0,601678,1.39,0.08
2019-09-20,5.82,5.84,5.85,5.77,87270.0,50767112.0,601678,0.34,0.02
2019-09-23,5.81,5.7,5.81,5.62,137310.0,78020680.0,601678,-2.4,-0.14
2019-09-24,5.73,5.63,5.75,5.58,122769.0,69476192.0,601678,-1.23,-0.07
2019-09-25,5.59,5.52,5.62,5.51,98774.0,54689308.0,601678,-1.95,-0.11
2019-09-26,5.52,5.35,5.56,5.34,131794.0,71423584.0,601678,-3.08,-0.17
2019-09-27,5.34,5.36,5.43,5.32,80232.0,43087144.0,601678,0.19,0.01
2019-09-30,5.37,5.29,5.39,5.29,56839.0,30230392.0,601678,-1.31,-0.07
2019-10-08,5.29,5.33,5.44,5.29,68981.0,37031468.0,601678,0.76,0.04
2019-10-09,5.33,5.38,5.39,5.31,39233.0,21011152.0,601678,0.94,0.05
2019-10-10,5.4,5.39,5.42,5.36,53857.0,28999294.0,601678,0.19,0.01
2019-10-11,5.42,5.37,5.42,5.28,83026.0,44402168.0,601678,-0.37,-0.02
2019-10-14,5.42,5.43,5.47,5.41,94072.0,51200032.0,601678,1.12,0.06
2019-10-15,5.41,5.39,5.42,5.36,57835.0,31145832.0,601678,-0.74,-0.04
2019-10-16,5.39,5.33,5.41,5.32,53310.0,28553852.0,601678,-1.11,-0.06
2019-10-17,5.35,5.3,5.37,5.27,41954.0,22315040.0,601678,-0.56,-0.03
2019-10-18,5.34,5.25,5.35,5.17,79013.0,41466020.0,601678,-0.94,-0.05
2019-10-21,5.3,5.43,5.43,5.26,150860.0,81001648.0,601678,3.43,0.18
2019-10-22,5.41,5.41,5.43,5.36,79430.0,42809768.0,601678,-0.37,-0.02
2019-10-23,5.4,5.35,5.43,5.33,75260.0,40435776.0,601678,-1.11,-0.06
2019-10-24,5.35,5.27,5.36,5.25,83028.0,43954384.0,601678,-1.5,-0.08
2019-10-25,5.26,5.33,5.36,5.26,107204.0,57100768.0,601678,1.14,0.06
2019-10-28,5.34,5.36,5.44,5.3,140969.0,75642160.0,601678,0.56,0.03
2019-10-29,5.37,5.27,5.38,5.27,99544.0,52852940.0,601678,-1.68,-0.09
2019-10-30,5.27,5.2,5.29,5.09,142797.0,73716224.0,601678,-1.33,-0.07
2019-10-31,5.2,5.1,5.21,5.1,60422.0,30983788.0,601678,-1.92,-0.1
2019-11-01,5.11,5.09,5.12,5.02,70884.0,35916732.0,601678,-0.2,-0.01
2019-11-04,5.08,5.02,5.13,5.02,86316.0,43680104.0,601678,-1.38,-0.07
2019-11-05,5.01,4.99,5.04,4.92,94231.0,46983464.0,601678,-0.6,-0.03
2019-11-06,5.0,4.96,5.02,4.92,79344.0,39398360.0,601678,-0.6,-0.03
2019-11-07,4.95,5.0,5.04,4.93,56104.0,28036460.0,601678,0.81,0.04
2019-11-08,5.03,4.94,5.05,4.91,55348.0,27594936.0,601678,-1.2,-0.06
2019-11-11,4.91,4.73,4.91,4.67,135318.0,64567112.0,601678,-4.25,-0.21
2019-11-12,4.71,4.81,4.82,4.59,112043.0,52777976.0,601678,1.69,0.08
2019-11-13,4.78,4.79,4.84,4.72,60676.0,29085924.0,601678,-0.42,-0.02
2019-11-14,4.76,4.75,4.81,4.74,45251.0,21594946.0,601678,-0.84,-0.04
2019-11-15,4.75,4.68,4.77,4.68,44581.0,21028572.0,601678,-1.47,-0.07
2019-11-18,4.7,4.67,4.7,4.63,48268.0,22496588.0,601678,-0.21,-0.01
2019-11-19,4.66,4.71,4.72,4.64,49664.0,23299836.0,601678,0.86,0.04
2019-11-20,4.7,4.66,4.72,4.66,44119.0,20702344.0,601678,-1.06,-0.05
2019-11-21,4.64,4.6,4.69,4.59,70698.0,32726076.0,601678,-1.29,-0.06
2019-11-22,4.62,4.7,4.76,4.6,117003.0,54803544.0,601678,2.17,0.1
2019-11-25,4.65,4.73,4.73,4.62,75153.0,35241064.0,601678,0.64,0.03
2019-11-26,4.73,4.68,4.76,4.65,53253.0,24994360.0,601678,-1.06,-0.05
2019-11-27,4.66,4.69,4.7,4.64,42740.0,19968246.0,601678,0.21,0.01
2019-11-28,4.69,4.66,4.71,4.64,36491.0,17061728.0,601678,-0.64,-0.03
2019-11-29,4.64,4.75,4.75,4.64,81970.0,38639236.0,601678,1.93,0.09
2019-12-02,4.75,4.7,4.76,4.68,57774.0,27216088.0,601678,-1.05,-0.05
2019-12-03,4.68,4.79,4.8,4.66,88758.0,42113800.0,601678,1.91,0.09
2019-12-04,4.77,4.81,4.84,4.76,81711.0,39274124.0,601678,0.42,0.02
2019-12-05,4.8,4.83,4.85,4.8,60359.0,29127252.0,601678,0.42,0.02
2019-12-06,4.83,4.83,4.84,4.79,67176.0,32357032.0,601678,0.0,0.0
2019-12-09,4.83,4.85,4.89,4.82,55483.0,26978116.0,601678,0.41,0.02
2019-12-10,4.87,4.87,4.88,4.84,44310.0,21568108.0,601678,0.41,0.02
2019-12-11,4.87,4.86,4.91,4.83,71704.0,34866536.0,601678,-0.21,-0.01
2019-12-12,4.84,4.81,4.88,4.8,54736.0,26517904.0,601678,-1.03,-0.05
2019-12-13,4.84,4.86,4.87,4.83,56300.0,27321196.0,601678,1.04,0.05
2019-12-16,4.89,4.88,4.89,4.84,79733.0,38850888.0,601678,0.41,0.02
2019-12-17,4.88,5.0,5.03,4.86,132314.0,65812892.0,601678,2.46,0.12
2019-12-18,5.04,5.12,5.25,5.03,234649.0,120554088.0,601678,2.4,0.12
2019-12-19,5.12,5.12,5.13,5.02,139983.0,71052656.0,601678,0.0,0.0
2019-12-20,5.11,5.1,5.2,5.06,111117.0,56771132.0,601678,-0.39,-0.02
2019-12-23,5.12,4.97,5.12,4.95,111616.0,55992168.0,601678,-2.55,-0.13
2019-12-24,4.96,5.05,5.07,4.92,92843.0,46559628.0,601678,1.61,0.08
2019-12-25,5.07,5.07,5.11,5.02,96497.0,48926724.0,601678,0.4,0.02
2019-12-26,5.06,5.26,5.28,5.03,247867.0,128521144.0,601678,3.75,0.19
2019-12-27,5.22,5.13,5.23,5.11,181101.0,93753112.0,601678,-2.47,-0.13
2019-12-30,5.09,5.13,5.17,5.03,111879.0,57131944.0,601678,0.0,0.0
2019-12-31,5.11,5.11,5.16,5.09,76038.0,38876632.0,601678,-0.39,-0.02
2020-01-02,5.12,5.21,5.29,5.12,196386.0,102383880.0,601678,1.96,0.1
2020-01-03,5.22,5.21,5.24,5.16,114630.0,59681584.0,601678,0.0,0.0
2020-01-06,5.19,5.36,5.42,5.16,320506.0,171591936.0,601678,2.88,0.15
2020-01-07,5.36,5.38,5.41,5.33,143839.0,77267576.0,601678,0.37,0.02
2020-01-08,5.35,5.4,5.5,5.34,221452.0,120184528.0,601678,0.37,0.02
2020-01-09,5.44,5.41,5.46,5.37,112516.0,60861068.0,601678,0.19,0.01
2020-01-10,5.43,5.34,5.46,5.3,107785.0,57599664.0,601678,-1.29,-0.07
2020-01-13,5.32,5.39,5.39,5.26,107660.0,57487648.0,601678,0.94,0.05
2020-01-14,5.39,5.37,5.41,5.35,79550.0,42824520.0,601678,-0.37,-0.02
2020-01-15,5.34,5.29,5.34,5.23,124327.0,65648904.0,601678,-1.49,-0.08
2020-01-16,5.31,5.42,5.48,5.26,233244.0,126219208.0,601678,2.46,0.13
2020-01-17,5.43,5.35,5.45,5.34,105496.0,56858076.0,601678,-1.29,-0.07
2020-01-20,5.38,5.3,5.38,5.28,112189.0,59486876.0,601678,-0.93,-0.05
2020-01-21,5.32,5.19,5.33,5.18,135713.0,71158864.0,601678,-2.08,-0.11
2020-01-22,5.17,5.18,5.21,5.04,117259.0,59956152.0,601678,-0.19,-0.01
2020-01-23,5.11,4.9,5.17,4.81,239848.0,119483344.0,601678,-5.41,-0.28
2020-02-03,4.41,4.41,4.41,4.41,45536.0,20081376.0,601678,-10.0,-0.49
2020-02-04,4.17,4.58,4.72,4.17,272104.0,120892336.0,601678,3.85,0.17
2020-02-05,4.73,5.04,5.04,4.63,391864.0,190802784.0,601678,10.04,0.46
2020-02-06,5.3,5.54,5.54,5.19,516298.0,281567744.0,601678,9.92,0.5
2020-02-07,6.02,5.92,6.09,5.65,1303194.0,772529472.0,601678,6.86,0.38
2020-02-10,5.73,5.33,5.75,5.33,865719.0,468724416.0,601678,-9.97,-0.59
2020-02-11,5.33,5.08,5.33,5.04,492608.0,253828208.0,601678,-4.69,-0.25
2020-02-12,5.13,5.19,5.19,5.03,324439.0,165643808.0,601678,2.17,0.11
2020-02-13,5.25,5.07,5.28,5.04,282318.0,144526016.0,601678,-2.31,-0.12
2020-02-14,5.06,5.05,5.12,5.02,189546.0,95852008.0,601678,-0.39,-0.02
2020-02-17,5.02,5.18,5.19,5.01,291108.0,148448944.0,601678,2.57,0.13
2020-02-18,5.16,5.42,5.45,5.12,529968.0,280757952.0,601678,4.63,0.24
2020-02-19,5.4,5.39,5.54,5.32,395056.0,213701744.0,601678,-0.55,-0.03
2020-02-20,5.4,5.56,5.64,5.37,502992.0,279121472.0,601678,3.15,0.17
2020-02-21,5.59,5.53,5.6,5.44,439197.0,242067648.0,601678,-0.54,-0.03
2020-02-24,5.7,5.6,5.7,5.47,493600.0,276339968.0,601678,1.27,0.07
2020-02-25,5.4,5.5,5.54,5.35,374396.0,204539488.0,601678,-1.79,-0.1
2020-02-26,5.45,5.36,5.58,5.36,318493.0,173925328.0,601678,-2.55,-0.14
2020-02-27,5.41,5.35,5.44,5.3,185618.0,99709736.0,601678,-0.19,-0.01
2020-02-28,5.17,5.0,5.26,4.99,332398.0,170154704.0,601678,-6.54,-0.35
2020-03-02,5.08,5.28,5.33,5.08,249584.0,131198360.0,601678,5.6,0.28
2020-03-03,5.33,5.17,5.35,5.13,292136.0,153084800.0,601678,-2.08,-0.11
2020-03-04,5.13,5.15,5.19,5.08,154136.0,79140960.0,601678,-0.39,-0.02
2020-03-05,5.2,5.28,5.28,5.17,201589.0,105674248.0,601678,2.52,0.13
2020-03-06,5.22,5.24,5.28,5.17,164869.0,86208856.0,601678,-0.76,-0.04
2020-03-09,5.16,5.05,5.2,5.04,225202.0,115043680.0,601678,-3.63,-0.19
2020-03-10,5.0,5.12,5.14,4.92,237002.0,119577640.0,601678,1.39,0.07
2020-03-11,5.13,5.06,5.16,5.06,159277.0,81186848.0,601678,-1.17,-0.06
2020-03-12,4.98,4.99,5.06,4.96,191713.0,95830616.0,601678,-1.38,-0.07
2020-03-13,4.78,4.92,4.99,4.65,209487.0,100753184.0,601678,-1.4,-0.07
2020-03-16,4.97,4.78,4.99,4.76,132930.0,64794464.0,601678,-2.85,-0.14
2020-03-17,4.79,4.73,4.84,4.65,122170.0,57716848.0,601678,-1.05,-0.05
2020-03-18,4.74,4.69,4.85,4.68,99498.0,47403840.0,601678,-0.85,-0.04
2020-03-19,4.65,4.72,4.74,4.63,99382.0,46571592.0,601678,0.64,0.03
2020-03-20,4.77,4.76,4.77,4.68,75346.0,35670232.0,601678,0.85,0.04
2020-03-23,4.63,4.6,4.67,4.56,98508.0,45462520.0,601678,-3.36,-0.16
2020-03-24,4.65,4.64,4.69,4.55,83745.0,38737024.0,601678,0.87,0.04
2020-03-25,4.72,4.69,4.74,4.65,78381.0,36782760.0,601678,1.08,0.05
2020-03-26,4.68,4.64,4.68,4.62,59148.0,27498256.0,601678,-1.07,-0.05
2020-03-27,4.67,4.58,4.68,4.58,86303.0,39919624.0,601678,-1.29,-0.06
2020-03-30,4.55,4.48,4.55,4.42,78675.0,35210320.0,601678,-2.18,-0.1
2020-03-31,4.51,4.46,4.53,4.45,49940.0,22401466.0,601678,-0.45,-0.02
2020-04-01,4.46,4.48,4.52,4.43,53637.0,24033110.0,601678,0.45,0.02
2020-04-02,4.45,4.62,4.62,4.45,125247.0,57293860.0,601678,3.13,0.14
2020-04-03,4.62,4.57,4.63,4.55,62563.0,28692656.0,601678,-1.08,-0.05
2020-04-07,4.61,4.7,4.71,4.61,90509.0,42183864.0,601678,2.84,0.13
2020-04-08,4.85,4.87,4.87,4.78,253884.0,122587168.0,601678,3.62,0.17
2020-04-09,4.88,4.88,4.92,4.84,299321.0,146043712.0,601678,0.21,0.01
2020-04-10,4.63,4.54,4.69,4.51,333500.0,154101920.0,601678,-6.97,-0.34
2020-04-13,4.5,4.56,4.63,4.44,126870.0,57679300.0,601678,0.44,0.02
2020-04-14,4.57,4.57,4.58,4.51,127843.0,58116748.0,601678,0.22,0.01
2020-04-15,4.55,4.65,4.74,4.51,209929.0,97404032.0,601678,1.75,0.08
2020-04-16,4.57,4.6,4.63,4.53,118438.0,54144464.0,601678,-1.08,-0.05
2020-04-17,4.64,4.62,4.7,4.61,133292.0,62028700.0,601678,0.43,0.02
2020-04-20,4.65,4.59,4.65,4.57,82975.0,38206812.0,601678,-0.65,-0.03
2020-04-21,4.56,4.45,4.58,4.4,165942.0,74233760.0,601678,-3.05,-0.14
2020-04-22,4.45,4.48,4.49,4.41,64938.0,28979000.0,601678,0.67,0.03
2020-04-23,4.44,4.55,4.61,4.43,139241.0,63108708.0,601678,1.56,0.07
2020-04-24,4.53,4.48,4.67,4.45,127403.0,57960488.0,601678,-1.54,-0.07
2020-04-27,4.48,4.41,4.49,4.41,83789.0,37189956.0,601678,-1.56,-0.07
2020-04-28,4.42,4.4,4.45,4.23,123621.0,53804588.0,601678,-0.23,-0.01
2020-04-29,4.39,4.57,4.61,4.38,131103.0,59244576.0,601678,3.86,0.17
2020-04-30,4.58,4.63,4.66,4.56,143640.0,66257532.0,601678,1.31,0.06
2020-05-06,4.59,4.62,4.64,4.55,67657.0,31119884.0,601678,-0.22,-0.01
2020-05-07,4.61,4.59,4.68,4.58,77654.0,35971136.0,601678,-0.65,-0.03
2020-05-08,4.62,4.59,4.63,4.57,60484.0,27782870.0,601678,0.0,0.0
2020-05-11,4.59,4.6,4.61,4.55,64034.0,29340592.0,601678,0.22,0.01
2020-05-12,4.61,4.57,4.61,4.54,43144.0,19702474.0,601678,-0.65,-0.03
2020-05-13,4.57,4.59,4.6,4.55,45437.0,20779900.0,601678,0.44,0.02
2020-05-14,4.56,4.52,4.57,4.51,50370.0,22838184.0,601678,-1.53,-0.07
2020-05-15,4.58,4.52,4.58,4.5,36332.0,16426992.0,601678,0.0,0.0
2020-05-18,4.47,4.5,4.53,4.47,39809.0,17941592.0,601678,-0.44,-0.02
2020-05-19,4.52,4.53,4.56,4.5,47326.0,21447784.0,601678,0.67,0.03
2020-05-20,4.52,4.45,4.53,4.43,49815.0,22275414.0,601678,-1.77,-0.08
2020-05-21,4.47,4.4,4.47,4.38,45646.0,20160018.0,601678,-1.12,-0.05
2020-05-22,4.38,4.4,4.41,4.32,59091.0,25782180.0,601678,0.0,0.0
2020-05-25,4.4,4.33,4.41,4.32,40621.0,17678912.0,601678,-1.59,-0.07
2020-05-26,4.35,4.39,4.41,4.35,34221.0,15012730.0,601678,1.39,0.06
2020-05-27,4.41,4.41,4.43,4.36,43909.0,19298240.0,601678,0.46,0.02
2020-05-28,4.41,4.44,4.51,4.4,57289.0,25534148.0,601678,0.68,0.03
2020-05-29,4.43,4.42,4.47,4.41,35716.0,15833283.0,601678,-0.45,-0.02
2020-06-01,4.45,4.5,4.53,4.44,75185.0,33796544.0,601678,1.81,0.08
2020-06-02,4.5,4.52,4.55,4.49,70577.0,31880768.0,601678,0.44,0.02
2020-06-03,4.45,4.45,4.48,4.42,75522.0,33638728.0,601678,-1.55,-0.07
2020-06-04,4.46,4.41,4.48,4.39,49394.0,21808428.0,601678,-0.9,-0.04
2020-06-05,4.42,4.39,4.42,4.36,42519.0,18665404.0,601678,-0.45,-0.02
2020-06-08,4.42,4.39,4.44,4.38,44241.0,19465748.0,601678,0.0,0.0
2020-06-09,4.39,4.43,4.45,4.37,64835.0,28601104.0,601678,0.91,0.04
2020-06-10,4.43,4.37,4.43,4.36,50143.0,21960504.0,601678,-1.35,-0.06
2020-06-11,4.37,4.34,4.4,4.32,47896.0,20858092.0,601678,-0.69,-0.03
2020-06-12,4.29,4.3,4.33,4.25,46490.0,19985872.0,601678,-0.92,-0.04
2020-06-15,4.31,4.29,4.34,4.28,45203.0,19443986.0,601678,-0.23,-0.01
2020-06-16,4.31,4.33,4.35,4.3,42180.0,18222948.0,601678,0.93,0.04
2020-06-17,4.31,4.31,4.32,4.28,54822.0,23551562.0,601678,-0.46,-0.02
2020-06-18,4.31,4.33,4.36,4.28,56332.0,24336354.0,601678,0.46,0.02
2020-06-19,4.33,4.34,4.36,4.3,78350.0,33926816.0,601678,0.23,0.01
2020-06-22,4.34,4.35,4.39,4.32,61332.0,26706488.0,601678,0.23,0.01
2020-06-23,4.35,4.3,4.35,4.29,53010.0,22857934.0,601678,-1.15,-0.05
2020-06-24,4.31,4.28,4.31,4.25,77726.0,33273340.0,601678,-0.47,-0.02
2020-06-29,4.26,4.24,4.29,4.24,56441.0,23992640.0,601678,-0.93,-0.04
2020-06-30,4.25,4.24,4.28,4.23,44085.0,18730256.0,601678,0.0,0.0
2020-07-01,4.24,4.25,4.25,4.21,70577.0,29875194.0,601678,0.24,0.01
2020-07-02,4.25,4.38,4.39,4.23,125238.0,54375396.0,601678,3.06,0.13
2020-07-03,4.4,4.5,4.58,4.36,207671.0,93184312.0,601678,2.74,0.12
2020-07-06,4.53,4.67,4.69,4.51,236910.0,109639928.0,601678,3.78,0.17
2020-07-07,4.7,4.57,4.74,4.57,207084.0,96510080.0,601678,-2.14,-0.1
2020-07-08,4.59,4.65,4.67,4.52,143341.0,66060020.0,601678,1.75,0.08
2020-07-09,4.67,4.76,4.83,4.63,200598.0,94675216.0,601678,2.37,0.11
2020-07-10,4.75,4.72,4.82,4.7,145133.0,68917776.0,601678,-0.84,-0.04
2020-07-13,4.75,4.82,4.83,4.7,190423.0,90974632.0,601678,2.12,0.1
2020-07-14,4.83,4.74,4.85,4.68,173413.0,82414152.0,601678,-1.66,-0.08
2020-07-15,4.76,4.67,4.8,4.64,155748.0,73516968.0,601678,-1.48,-0.07
2020-07-16,4.65,4.56,4.77,4.55,181357.0,84636776.0,601678,-2.36,-0.11
2020-07-17,4.58,4.51,4.6,4.5,108137.0,49072052.0,601678,-1.1,-0.05
2020-07-20,4.54,4.91,4.96,4.53,305621.0,146306752.0,601678,8.87,0.4
2020-07-21,4.95,4.85,5.08,4.83,269472.0,133033240.0,601678,-1.22,-0.06
2020-07-22,4.85,4.81,4.92,4.8,149859.0,72558112.0,601678,-0.82,-0.04
2020-07-23,4.79,4.82,4.84,4.65,169624.0,80744312.0,601678,0.21,0.01
2020-07-24,4.8,4.6,4.83,4.58,147495.0,69055760.0,601678,-4.56,-0.22
2020-07-27,4.6,4.75,4.93,4.54,184796.0,87560144.0,601678,3.26,0.15
2020-07-28,4.97,4.88,5.01,4.75,265891.0,130334984.0,601678,2.74,0.13
2020-07-29,4.9,4.95,5.05,4.82,241834.0,119858304.0,601678,1.43,0.07
2020-07-30,4.87,5.02,5.15,4.83,381090.0,192042384.0,601678,1.41,0.07
2020-07-31,4.96,5.02,5.07,4.88,312378.0,155342672.0,601678,0.0,0.0
2020-08-03,5.07,5.34,5.5,5.07,511269.0,273659488.0,601678,6.37,0.32
2020-08-04,5.42,5.33,5.46,5.27,291162.0,155855120.0,601678,-0.19,-0.01
2020-08-05,5.35,5.48,5.48,5.23,284391.0,152574192.0,601678,2.81,0.15
2020-08-06,5.63,5.42,5.65,5.3,460665.0,252154768.0,601678,-1.09,-0.06
2020-08-07,5.42,5.53,5.73,5.42,470036.0,261274208.0,601678,2.03,0.11
2020-08-10,5.88,5.66,6.08,5.54,509427.0,290882528.0,601678,2.35,0.13
2020-08-11,5.75,5.56,5.88,5.52,588075.0,335396320.0,601678,-1.77,-0.1
2020-08-12,5.4,5.29,5.43,5.13,454904.0,239635456.0,601678,-4.86,-0.27
2020-08-13,5.28,5.3,5.41,5.22,246298.0,130619256.0,601678,0.19,0.01
2020-08-14,5.25,5.21,5.28,5.1,224486.0,116301896.0,601678,-1.7,-0.09
2020-08-17,5.23,5.29,5.3,5.15,206281.0,108232416.0,601678,1.54,0.08
2020-08-18,5.27,5.28,5.34,5.25,168624.0,89044808.0,601678,-0.19,-0.01
2020-08-19,5.28,5.14,5.3,5.13,159310.0,82794272.0,601678,-2.65,-0.14
2020-08-20,5.12,5.14,5.18,5.08,117522.0,60300724.0,601678,0.0,0.0
2020-08-21,5.15,5.15,5.18,5.12,90839.0,46844620.0,601678,0.19,0.01
2020-08-24,5.15,5.18,5.19,5.09,88041.0,45317648.0,601678,0.58,0.03
2020-08-25,5.18,5.14,5.21,5.12,79118.0,40803084.0,601678,-0.77,-0.04
2020-08-26,5.16,4.97,5.18,4.97,163656.0,82742968.0,601678,-3.31,-0.17
2020-08-27,4.98,4.98,5.01,4.93,80424.0,39963888.0,601678,0.2,0.01
2020-08-28,4.96,5.05,5.06,4.95,86503.0,43323616.0,601678,1.41,0.07
2020-08-31,5.06,5.08,5.17,5.06,102410.0,52436332.0,601678,0.59,0.03
2020-09-01,5.08,5.1,5.14,5.07,56528.0,28834584.0,601678,0.39,0.02
2020-09-02,5.12,5.1,5.13,5.03,84811.0,43114348.0,601678,0.0,0.0
2020-09-03,5.14,5.23,5.35,5.13,183024.0,95834936.0,601678,2.55,0.13
2020-09-04,5.24,5.19,5.28,5.12,173484.0,90282936.0,601678,-0.76,-0.04
2020-09-07,5.21,4.97,5.22,4.95,181634.0,92191984.0,601678,-4.24,-0.22
2020-09-08,5.0,5.07,5.09,4.95,93118.0,46858988.0,601678,2.01,0.1
2020-09-09,5.02,5.08,5.19,5.02,125173.0,64020296.0,601678,0.2,0.01
2020-09-10,5.13,5.12,5.28,5.09,232361.0,120388056.0,601678,0.79,0.04
2020-09-11,5.13,5.18,5.24,5.06,161539.0,83454536.0,601678,1.17,0.06
2020-09-14,5.24,5.34,5.36,5.14,318622.0,167771968.0,601678,3.09,0.16
2020-09-15,5.41,5.38,5.43,5.27,339100.0,181740848.0,601678,0.75,0.04
2020-09-16,5.4,5.44,5.65,5.35,453200.0,249175808.0,601678,1.12,0.06
2020-09-17,5.45,5.66,5.74,5.43,541650.0,303202816.0,601678,4.04,0.22
2020-09-18,5.68,5.7,5.78,5.59,393508.0,223372992.0,601678,0.71,0.04
2020-09-21,5.79,5.74,5.83,5.62,334006.0,190988448.0,601678,0.7,0.04
2020-09-22,5.68,5.49,5.7,5.48,299206.0,166464768.0,601678,-4.36,-0.25
2020-09-23,5.59,5.48,5.6,5.41,197730.0,108455096.0,601678,-0.18,-0.01
2020-09-24,5.43,5.37,5.48,5.29,249020.0,133591448.0,601678,-2.01,-0.11
2020-09-25,5.43,5.32,5.51,5.24,249698.0,134040496.0,601678,-0.93,-0.05
2020-09-28,5.35,5.12,5.35,5.11,190706.0,99286224.0,601678,-3.76,-0.2
2020-09-29,5.14,5.17,5.29,5.12,193975.0,100876568.0,601678,0.98,0.05
2020-09-30,5.17,4.92,5.17,4.92,247168.0,123491592.0,601678,-4.84,-0.25
2020-10-09,5.0,5.11,5.24,4.98,185045.0,94544336.0,601678,3.86,0.19
2020-10-12,5.15,5.19,5.2,5.1,169971.0,87748352.0,601678,1.57,0.08
2020-10-13,5.16,5.13,5.18,5.1,116382.0,59695400.0,601678,-1.16,-0.06
2020-10-14,5.12,5.64,5.64,5.09,511266.0,277133024.0,601678,9.94,0.51
2020-10-15,5.5,5.52,5.57,5.45,376208.0,207172352.0,601678,-2.13,-0.12
2020-10-16,5.56,5.3,5.58,5.25,349158.0,187954048.0,601678,-3.99,-0.22
2020-10-19,5.33,5.3,5.53,5.26,284930.0,152972416.0,601678,0.0,0.0
2020-10-20,5.25,5.42,5.43,5.21,185649.0,98920560.0,601678,2.26,0.12
2020-10-21,5.38,5.62,5.79,5.37,430996.0,240513376.0,601678,3.69,0.2
2020-10-22,5.66,5.56,5.66,5.51,204872.0,114378688.0,601678,-1.07,-0.06
2020-10-23,5.6,5.5,5.67,5.47,168451.0,93607536.0,601678,-1.08,-0.06
2020-10-26,5.52,5.45,5.59,5.29,252856.0,137068960.0,601678,-0.91,-0.05
2020-10-27,5.41,5.42,5.47,5.34,145295.0,78484072.0,601678,-0.55,-0.03
2020-10-28,5.39,5.39,5.44,5.28,141800.0,75973312.0,601678,-0.55,-0.03
2020-10-29,5.29,5.2,5.35,5.18,216428.0,113408144.0,601678,-3.53,-0.19
2020-10-30,5.22,5.29,5.56,5.21,376865.0,203196320.0,601678,1.73,0.09
2020-11-02,5.29,5.52,5.6,5.11,388246.0,211080768.0,601678,4.35,0.23
2020-11-03,5.63,5.55,5.63,5.5,247857.0,138036512.0,601678,0.54,0.03
2020-11-04,5.51,5.5,5.58,5.45,187572.0,103276808.0,601678,-0.9,-0.05
2020-11-05,5.56,5.61,5.67,5.51,253718.0,141762688.0,601678,2.0,0.11
2020-11-06,5.57,5.59,5.6,5.44,239375.0,132511328.0,601678,-0.36,-0.02
2020-11-09,5.59,5.59,5.72,5.56,267418.0,150575248.0,601678,0.0,0.0
2020-11-10,5.61,5.74,5.78,5.55,406202.0,230389296.0,601678,2.68,0.15
2020-11-11,5.7,5.58,5.7,5.51,258801.0,144652160.0,601678,-2.79,-0.16
2020-11-12,5.58,5.9,5.94,5.55,513161.0,296770880.0,601678,5.73,0.32
2020-11-13,5.86,5.82,5.95,5.76,396056.0,231277632.0,601678,-1.36,-0.08
2020-11-16,5.85,6.03,6.04,5.82,633137.0,377555072.0,601678,3.61,0.21
2020-11-17,5.99,5.82,6.09,5.74,652048.0,386108768.0,601678,-3.48,-0.21
2020-11-18,5.79,5.92,6.02,5.76,505732.0,299666784.0,601678,1.72,0.1
2020-11-19,5.96,5.86,6.08,5.82,414799.0,245422784.0,601678,-1.01,-0.06
2020-11-20,5.85,6.11,6.24,5.83,771886.0,466195200.0,601678,4.27,0.25
2020-11-23,6.18,6.25,6.35,6.14,1222867.0,765608320.0,601678,2.29,0.14
2020-11-24,6.12,6.06,6.12,5.95,786451.0,474659040.0,601678,-3.04,-0.19
2020-11-25,6.06,5.8,6.17,5.77,649295.0,388239424.0,601678,-4.29,-0.26
2020-11-26,5.8,5.6,5.84,5.57,514775.0,291641472.0,601678,-3.45,-0.2
2020-11-27,5.62,5.53,5.64,5.48,295791.0,163805680.0,601678,-1.25,-0.07
2020-11-30,5.51,5.43,5.59,5.42,362839.0,199593648.0,601678,-1.81,-0.1
2020-12-01,5.45,5.47,5.5,5.38,296265.0,161440928.0,601678,0.74,0.04
2020-12-02,5.48,5.43,5.49,5.33,341063.0,183594080.0,601678,-0.73,-0.04
2020-12-03,5.4,5.37,5.42,5.32,191839.0,102789584.0,601678,-1.1,-0.06
2020-12-04,5.35,5.4,5.41,5.33,174007.0,93600344.0,601678,0.56,0.03
2020-12-07,5.38,5.38,5.42,5.34,169458.0,91148024.0,601678,-0.37,-0.02
2020-12-08,5.36,5.27,5.39,5.26,187295.0,99557768.0,601678,-2.04,-0.11
2020-12-09,5.29,5.21,5.34,5.21,178165.0,93951800.0,601678,-1.14,-0.06
2020-12-10,5.2,5.13,5.25,5.11,169040.0,87429040.0,601678,-1.54,-0.08
2020-12-11,5.14,5.02,5.22,5.01,255294.0,129797104.0,601678,-2.14,-0.11
2020-12-14,5.04,5.02,5.11,4.96,184475.0,92664184.0,601678,0.0,0.0
2020-12-15,5.0,5.02,5.04,4.94,140446.0,69991440.0,601678,0.0,0.0
2020-12-16,5.0,5.03,5.08,4.92,175876.0,87840312.0,601678,0.2,0.01
2020-12-17,5.01,5.06,5.08,4.92,194672.0,97259728.0,601678,0.6,0.03
2020-12-18,5.07,5.14,5.22,5.04,187118.0,95913000.0,601678,1.58,0.08
2020-12-21,5.18,5.28,5.35,5.16,224905.0,118523008.0,601678,2.72,0.14
2020-12-22,5.29,5.22,5.31,5.19,161191.0,84673288.0,601678,-1.14,-0.06
2020-12-23,5.24,5.24,5.26,5.19,134918.0,70478648.0,601678,0.38,0.02
2020-12-24,5.26,5.14,5.26,5.11,146918.0,75855712.0,601678,-1.91,-0.1
2020-12-25,5.11,5.19,5.23,5.11,141177.0,73326608.0,601678,0.97,0.05
2020-12-28,5.2,5.24,5.36,5.2,190046.0,100382672.0,601678,0.96,0.05
2020-12-29,5.25,5.23,5.33,5.2,166890.0,88122544.0,601678,-0.19,-0.01
2020-12-30,5.21,5.25,5.26,5.14,111382.0,58117932.0,601678,0.38,0.02
2020-12-31,5.26,5.25,5.29,5.21,109948.0,57760932.0,601678,0.0,0.0
2021-01-04,5.26,5.32,5.37,5.25,189581.0,100632736.0,601678,1.33,0.07
2021-01-05,5.27,5.34,5.4,5.24,219521.0,116457384.0,601678,0.38,0.02
2021-01-06,5.32,5.3,5.37,5.27,184684.0,98053248.0,601678,-0.75,-0.04
2021-01-07,5.33,5.35,5.38,5.24,257686.0,137144848.0,601678,0.94,0.05
2021-01-08,5.41,5.6,5.66,5.4,469014.0,259962368.0,601678,4.67,0.25
2021-01-11,5.52,5.39,5.58,5.35,293963.0,160601600.0,601678,-3.75,-0.21
2021-01-12,5.35,5.39,5.42,5.26,183600.0,98046144.0,601678,0.0,0.0
2021-01-13,5.35,5.31,5.43,5.28,175906.0,94011832.0,601678,-1.48,-0.08
2021-01-14,5.29,5.24,5.39,5.2,196390.0,104236304.0,601678,-1.32,-0.07
2021-01-15,5.17,5.12,5.25,5.01,288201.0,147722992.0,601678,-2.29,-0.12
2021-01-18,5.1,5.42,5.52,5.09,327309.0,175555312.0,601678,5.86,0.3
2021-01-19,5.39,5.4,5.48,5.36,197833.0,107109376.0,601678,-0.37,-0.02
2021-01-20,5.39,5.33,5.4,5.26,168074.0,89157536.0,601678,-1.3,-0.07
2021-01-21,5.33,5.29,5.37,5.28,141397.0,75230960.0,601678,-0.75,-0.04
2021-01-22,5.3,5.15,5.3,5.13,180527.0,93514608.0,601678,-2.65,-0.14
2021-01-25,5.15,5.22,5.23,5.1,186578.0,96557928.0,601678,1.36,0.07
2021-01-26,5.21,5.11,5.22,5.04,177793.0,90602312.0,601678,-2.11,-0.11
2021-01-27,5.12,5.11,5.16,5.09,113579.0,58122972.0,601678,0.0,0.0
2021-01-28,5.11,5.12,5.16,5.05,107216.0,54772460.0,601678,0.2,0.01
2021-01-29,5.11,5.11,5.15,4.97,182132.0,92392840.0,601678,-0.2,-0.01
2021-02-01,5.1,5.14,5.15,5.02,157774.0,80543696.0,601678,0.59,0.03
2021-02-02,5.14,5.07,5.15,5.02,195752.0,99240200.0,601678,-1.36,-0.07
2021-02-03,5.07,4.99,5.07,4.98,112560.0,56500848.0,601678,-1.58,-0.08
2021-02-04,4.98,4.69,5.0,4.6,280293.0,133890136.0,601678,-6.01,-0.3
2021-02-05,4.7,4.61,4.76,4.58,128617.0,60116776.0,601678,-1.71,-0.08
2021-02-08,4.72,4.79,4.9,4.66,216911.0,103809032.0,601678,3.9,0.18
2021-02-09,4.81,5.27,5.27,4.81,446171.0,231395200.0,601678,10.02,0.48
2021-02-10,5.2,5.18,5.31,5.15,323379.0,168447632.0,601678,-1.71,-0.09
2021-02-18,5.31,5.61,5.7,5.23,615023.0,337903968.0,601678,8.3,0.43
2021-02-19,5.56,5.63,5.67,5.46,360519.0,201028928.0,601678,0.36,0.02
2021-02-22,5.74,5.91,6.15,5.7,871401.0,520595840.0,601678,4.97,0.28
2021-02-23,5.79,5.85,6.04,5.77,530543.0,311970240.0,601678,-1.02,-0.06
2021-02-24,5.87,5.85,5.96,5.76,411450.0,241216720.0,601678,0.0,0.0
2021-02-25,5.88,5.74,5.99,5.7,428522.0,249492928.0,601678,-1.88,-0.11
2021-02-26,5.58,5.7,5.83,5.52,289529.0,164897616.0,601678,-0.7,-0.04
2021-03-01,5.88,5.9,5.97,5.78,359814.0,211354016.0,601678,3.51,0.2
2021-03-02,5.84,5.65,5.85,5.59,433870.0,246567104.0,601678,-4.24,-0.25
2021-03-03,5.71,5.86,5.95,5.65,416580.0,242059936.0,601678,3.72,0.21
2021-03-04,5.8,5.74,5.85,5.68,348037.0,199762560.0,601678,-2.05,-0.12
2021-03-05,5.71,5.7,5.78,5.56,243301.0,137788240.0,601678,-0.7,-0.04
2021-03-08,5.79,5.7,5.89,5.69,387375.0,224767152.0,601678,0.0,0.0
2021-03-09,5.68,5.54,5.71,5.43,410087.0,228539424.0,601678,-2.81,-0.16
2021-03-10,5.6,5.49,5.65,5.45,226788.0,125378808.0,601678,-0.9,-0.05
2021-03-11,5.48,5.69,5.71,5.44,210081.0,117568384.0,601678,3.64,0.2
2021-03-12,5.68,5.77,5.8,5.64,263497.0,150604576.0,601678,1.41,0.08
2021-03-15,5.71,5.86,5.95,5.71,405100.0,237679376.0,601678,1.56,0.09
2021-03-16,5.85,5.87,5.89,5.75,260673.0,151702144.0,601678,0.17,0.01
2021-03-17,5.81,5.73,5.81,5.64,236903.0,135182800.0,601678,-2.39,-0.14
2021-03-18,5.7,6.01,6.04,5.68,676422.0,400893920.0,601678,4.89,0.28
2021-03-19,5.9,5.67,5.94,5.63,524354.0,303226176.0,601678,-5.66,-0.34
2021-03-22,5.67,5.95,6.12,5.63,618083.0,365600800.0,601678,4.94,0.28
2021-03-23,5.94,5.72,5.99,5.65,493396.0,282666080.0,601678,-3.87,-0.23
2021-03-24,5.63,5.46,5.82,5.44,445410.0,249540336.0,601678,-4.55,-0.26
2021-03-25,5.45,5.34,5.53,5.3,285032.0,154055968.0,601678,-2.2,-0.12
2021-03-26,5.34,5.38,5.42,5.32,172347.0,92639248.0,601678,0.75,0.04
2021-03-29,5.38,5.52,5.54,5.3,246870.0,134295024.0,601678,2.6,0.14
2021-03-30,5.48,5.5,5.55,5.43,177069.0,97173616.0,601678,-0.36,-0.02
2021-03-31,5.5,5.49,5.51,5.39,148969.0,80954208.0,601678,-0.18,-0.01
2021-04-01,5.51,5.46,5.57,5.38,166856.0,91045376.0,601678,-0.55,-0.03
2021-04-02,5.5,5.41,5.51,5.38,195716.0,106480064.0,601678,-0.92,-0.05
2021-04-06,5.44,5.6,5.66,5.42,339212.0,189664784.0,601678,3.51,0.19
2021-04-07,5.61,5.7,5.71,5.58,275810.0,155812816.0,601678,1.79,0.1
2021-04-08,6.27,6.16,6.27,6.12,2245902.0,1401341568.0,601678,8.07,0.46
2021-04-09,5.99,5.98,6.13,5.87,1578166.0,947914368.0,601678,-2.92,-0.18
2021-04-12,5.95,5.85,6.03,5.83,813940.0,482584320.0,601678,-2.17,-0.13
2021-04-13,5.85,5.85,5.91,5.77,473212.0,276368224.0,601678,0.0,0.0
2021-04-14,5.84,5.87,5.89,5.77,432470.0,252539472.0,601678,0.34,0.02
2021-04-15,5.86,5.9,5.91,5.79,483660.0,282919072.0,601678,0.51,0.03
2021-04-16,5.93,6.08,6.15,5.89,853528.0,515716224.0,601678,3.05,0.18
2021-04-19,6.13,6.34,6.41,6.11,949370.0,598372608.0,601678,4.28,0.26
2021-04-20,6.41,6.5,6.58,6.36,1123906.0,730569536.0,601678,2.52,0.16
2021-04-21,6.41,6.39,6.5,6.34,630334.0,403628928.0,601678,-1.69,-0.11
2021-04-22,6.4,6.4,6.52,6.38,469260.0,302024032.0,601678,0.16,0.01
2021-04-23,6.4,6.38,6.45,6.34,427924.0,273639232.0,601678,-0.31,-0.02
2021-04-26,6.32,6.36,6.5,6.22,556352.0,355734784.0,601678,-0.31,-0.02
2021-04-27,6.32,6.22,6.4,6.14,367730.0,228970064.0,601678,-2.2,-0.14
2021-04-28,6.25,6.42,6.45,6.18,468715.0,296491360.0,601678,3.22,0.2
2021-04-29,6.35,6.26,6.38,6.13,479890.0,299492128.0,601678,-2.49,-0.16
2021-04-30,6.25,6.22,6.31,6.21,283396.0,177214624.0,601678,-0.64,-0.04
2021-05-06,6.26,6.41,6.48,6.25,559000.0,355985472.0,601678,3.05,0.19
2021-05-07,6.39,6.53,6.61,6.32,891421.0,578356608.0,601678,1.87,0.12
2021-05-10,6.55,6.72,6.76,6.47,878134.0,583101056.0,601678,2.91,0.19
2021-05-11,6.61,6.59,6.66,6.41,584165.0,382297440.0,601678,-1.93,-0.13
2021-05-12,6.57,6.98,6.99,6.52,886068.0,604266816.0,601678,5.92,0.39
2021-05-13,6.85,7.38,7.44,6.84,1555301.0,1119869824.0,601678,5.73,0.4
2021-05-14,7.36,7.27,7.4,7.08,875630.0,631381248.0,601678,-1.49,-0.11
2021-05-17,7.2,7.18,7.31,7.07,596560.0,430054048.0,601678,-1.24,-0.09
2021-05-18,7.24,7.14,7.5,7.13,595581.0,432009120.0,601678,-0.56,-0.04
2021-05-19,7.15,7.05,7.24,6.98,541616.0,382699424.0,601678,-1.26,-0.09
2021-05-20,6.98,6.88,6.98,6.74,513251.0,351248512.0,601678,-2.41,-0.17
2021-05-21,6.89,6.84,6.98,6.83,321652.0,221789696.0,601678,-0.58,-0.04
2021-05-24,6.86,6.88,7.02,6.86,316064.0,218635344.0,601678,0.58,0.04
2021-05-25,6.91,6.92,6.95,6.77,379952.0,260931040.0,601678,0.58,0.04
2021-05-26,6.9,6.82,7.0,6.81,483781.0,333330592.0,601678,-1.45,-0.1
2021-05-27,6.72,6.91,7.0,6.68,491112.0,338053312.0,601678,1.32,0.09
2021-05-28,6.94,6.78,7.27,6.76,572278.0,398672384.0,601678,-1.88,-0.13
2021-05-31,6.79,6.77,6.9,6.71,381080.0,258818448.0,601678,-0.15,-0.01
2021-06-01,6.75,6.8,6.82,6.33,570442.0,378062560.0,601678,0.44,0.03
2021-06-02,6.77,6.61,6.83,6.56,358339.0,239600640.0,601678,-2.79,-0.19
2021-06-03,6.64,6.9,7.07,6.61,773385.0,535744352.0,601678,4.39,0.29
2021-06-04,6.91,6.83,6.95,6.72,422687.0,288578272.0,601678,-1.01,-0.07
2021-06-07,6.87,6.99,7.06,6.84,468950.0,326968896.0,601678,2.34,0.16
2021-06-08,6.98,6.71,6.98,6.68,513893.0,349023744.0,601678,-4.01,-0.28
2021-06-09,6.71,6.9,7.06,6.65,519798.0,358252704.0,601678,2.83,0.19
2021-06-10,6.87,6.99,7.03,6.73,470026.0,326284160.0,601678,1.3,0.09
2021-06-11,6.99,7.04,7.24,6.9,468811.0,331744544.0,601678,0.72,0.05
2021-06-15,7.06,7.14,7.19,6.97,429124.0,303918592.0,601678,1.42,0.1
2021-06-16,7.17,6.95,7.23,6.9,416274.0,292930208.0,601678,-2.66,-0.19
2021-06-17,6.95,6.82,7.02,6.75,328133.0,224608416.0,601678,-1.87,-0.13
2021-06-18,6.75,6.81,6.9,6.65,291106.0,197706160.0,601678,-0.15,-0.01
2021-06-21,6.71,6.5,6.77,6.49,407539.0,269727296.0,601678,-4.55,-0.31
2021-06-22,6.49,6.39,6.6,6.38,409651.0,264824384.0,601678,-1.69,-0.11
2021-06-23,6.4,6.7,6.79,6.38,517582.0,343182656.0,601678,4.85,0.31
2021-06-24,6.7,6.63,6.74,6.6,228547.0,152364752.0,601678,-1.04,-0.07
2021-06-25,6.71,6.86,6.94,6.61,362522.0,247671664.0,601678,3.47,0.23
2021-06-28,6.81,7.27,7.27,6.81,614881.0,439322400.0,601678,5.98,0.41
2021-06-29,7.26,7.51,7.62,7.2,783635.0,588608320.0,601678,3.3,0.24
2021-06-30,7.6,7.91,8.0,7.58,701360.0,551052224.0,601678,5.33,0.4
2021-07-01,7.9,7.61,7.98,7.58,544619.0,422580608.0,601678,-3.79,-0.3
2021-07-02,7.69,7.58,7.77,7.46,360186.0,272856800.0,601678,-0.39,-0.03
2021-07-05,7.57,7.59,7.7,7.45,340744.0,256880864.0,601678,0.13,0.01
2021-07-06,7.61,7.66,7.86,7.5,494703.0,378597376.0,601678,0.92,0.07
2021-07-07,7.6,7.75,7.85,7.52,348793.0,269431328.0,601678,1.17,0.09
2021-07-08,7.8,7.69,7.83,7.61,359633.0,277413792.0,601678,-0.77,-0.06
2021-07-09,7.74,7.84,7.95,7.61,478314.0,373728032.0,601678,1.95,0.15
2021-07-12,7.9,8.2,8.33,7.82,688045.0,556774336.0,601678,4.59,0.36
2021-07-13,8.17,8.27,8.31,8.02,481910.0,393124672.0,601678,0.85,0.07
2021-07-14,8.29,8.08,8.29,7.95,514354.0,416926752.0,601678,-2.3,-0.19
2021-07-15,8.03,8.2,8.34,7.97,418369.0,341795200.0,601678,1.49,0.12
2021-07-16,8.15,8.43,8.72,8.12,620190.0,525894976.0,601678,2.8,0.23
2021-07-19,8.55,8.4,8.73,8.38,468975.0,399076768.0,601678,-0.36,-0.03
2021-07-20,8.28,8.21,8.28,8.05,476867.0,389034880.0,601678,-2.26,-0.19
2021-07-21,8.34,8.34,8.4,8.21,402169.0,335125760.0,601678,1.58,0.13
2021-07-22,8.46,8.41,8.6,8.37,448070.0,379420800.0,601678,0.84,0.07
2021-07-23,8.8,8.82,9.22,8.7,1219908.0,1095499264.0,601678,4.88,0.41
2021-07-26,8.87,8.31,8.99,8.16,975594.0,833123712.0,601678,-5.78,-0.51
2021-07-27,8.39,7.89,8.66,7.82,824126.0,681431424.0,601678,-5.05,-0.42
2021-07-28,7.8,7.69,7.89,7.3,653885.0,499466432.0,601678,-2.53,-0.2
2021-07-29,7.85,8.03,8.1,7.81,512501.0,407877792.0,601678,4.42,0.34
2021-07-30,8.05,7.99,8.07,7.82,395212.0,313816288.0,601678,-0.5,-0.04
2021-08-02,8.06,8.11,8.17,7.89,515698.0,414038656.0,601678,1.5,0.12
2021-08-03,8.07,7.9,8.17,7.88,388948.0,309845216.0,601678,-2.59,-0.21
2021-08-04,7.88,8.04,8.12,7.86,332722.0,267197520.0,601678,1.77,0.14
2021-08-05,8.05,7.89,8.05,7.86,310460.0,245374256.0,601678,-1.87,-0.15
2021-08-06,7.96,8.4,8.5,7.91,599037.0,497942880.0,601678,6.46,0.51
2021-08-09,8.6,8.41,8.7,8.33,597325.0,505450624.0,601678,0.12,0.01
2021-08-10,8.42,8.59,8.87,8.36,704570.0,607900480.0,601678,2.14,0.18
2021-08-11,8.68,9.45,9.45,8.66,1079423.0,1008720896.0,601678,10.01,0.86
2021-08-12,9.82,10.12,10.4,9.47,2566687.0,2581810688.0,601678,7.09,0.67
2021-08-13,9.98,11.13,11.13,9.81,2459523.0,2605936384.0,601678,9.98,1.01
2021-08-16,11.27,10.65,11.65,10.53,2629082.0,2912124928.0,601678,-4.31,-0.48
2021-08-17,10.76,11.03,11.46,10.49,2303450.0,2534471168.0,601678,3.57,0.38
2021-08-18,10.9,10.99,11.77,10.75,2074335.0,2325739008.0,601678,-0.36,-0.04
2021-08-19,10.89,10.55,11.16,10.31,1702203.0,1808951040.0,601678,-4.0,-0.44
2021-08-20,10.65,10.51,10.85,10.39,1086230.0,1150869632.0,601678,-0.38,-0.04
2021-08-23,10.79,10.25,10.96,10.11,1567598.0,1638912640.0,601678,-2.47,-0.26
2021-08-24,10.36,10.72,11.0,10.17,1673963.0,1767193984.0,601678,4.59,0.47
2021-08-25,10.61,10.87,10.91,10.2,1315176.0,1391912576.0,601678,1.4,0.15
2021-08-26,10.99,10.61,11.02,10.24,1927769.0,2022606592.0,601678,-2.39,-0.26
2021-08-27,10.75,11.67,11.67,10.75,2299567.0,2613897216.0,601678,9.99,1.06
2021-08-30,11.99,12.23,12.73,11.8,2805437.0,3438063360.0,601678,4.8,0.56
2021-08-31,12.25,12.51,12.65,11.73,1870756.0,2299482880.0,601678,2.29,0.28
2021-09-01,12.52,11.26,12.79,11.26,1928802.0,2260696320.0,601678,-9.99,-1.25
2021-09-02,11.05,11.45,11.69,10.82,1350634.0,1527890944.0,601678,1.69,0.19
2021-09-03,11.3,10.58,11.57,10.35,1569548.0,1711481344.0,601678,-7.6,-0.87
2021-09-06,10.46,10.6,10.62,10.0,1443177.0,1480894208.0,601678,0.19,0.02
2021-09-07,10.5,11.27,11.36,10.27,1567113.0,1710705664.0,601678,6.32,0.67
2021-09-08,11.38,11.48,11.66,11.1,1426286.0,1622277376.0,601678,1.86,0.21
2021-09-09,11.37,11.6,11.91,11.3,1239817.0,1432970496.0,601678,1.05,0.12
2021-09-10,11.61,11.82,12.17,11.01,1952064.0,2274932992.0,601678,1.9,0.22
2021-09-13,12.4,12.34,13.0,12.18,3392984.0,4297749504.0,601678,4.4,0.52
2021-09-14,12.0,11.32,12.15,11.27,2400973.0,2773222400.0,601678,-8.27,-1.02
2021-09-15,11.23,12.27,12.45,11.22,3207040.0,3882792192.0,601678,8.39,0.95
2021-09-16,12.68,12.27,13.5,12.25,4009031.0,5207183872.0,601678,0.0,0.0
2021-09-17,12.56,13.2,13.5,12.35,3859959.0,5067559424.0,601678,7.58,0.93
2021-09-22,13.34,13.74,13.99,12.3,3097825.0,4099933184.0,601678,4.09,0.54
2021-09-23,13.75,13.23,14.2,12.93,2214755.0,2987291392.0,601678,-3.71,-0.51
2021-09-24,12.7,11.92,12.95,11.91,1964332.0,2419404544.0,601678,-9.9,-1.31
2021-09-27,11.81,10.88,12.13,10.73,1742457.0,1950436608.0,601678,-8.72,-1.04
2021-09-28,10.98,10.85,11.24,10.67,993839.0,1086126336.0,601678,-0.28,-0.03
2021-09-29,10.52,9.77,10.83,9.77,1429778.0,1446040448.0,601678,-9.95,-1.08
2021-09-30,9.77,10.18,10.29,9.71,996063.0,1002383744.0,601678,4.2,0.41
2021-10-08,10.43,10.08,10.56,9.81,871518.0,878727616.0,601678,-0.98,-0.1
2021-10-11,10.01,9.6,10.04,9.46,1067033.0,1029027712.0,601678,-4.76,-0.48
2021-10-12,9.55,9.08,9.71,8.85,1139443.0,1042333632.0,601678,-5.42,-0.52
2021-10-13,9.12,8.95,9.16,8.74,658116.0,587103296.0,601678,-1.43,-0.13
2021-10-14,8.9,9.03,9.13,8.75,783041.0,703276864.0,601678,0.89,0.08
2021-10-15,9.01,8.97,9.12,8.82,689068.0,619628608.0,601678,-0.66,-0.06
2021-10-18,8.97,9.17,9.29,8.85,1059487.0,962400000.0,601678,2.23,0.2
2021-10-19,9.16,9.29,9.38,9.02,896233.0,826635072.0,601678,1.31,0.12
2021-10-20,9.0,9.14,9.26,8.75,857683.0,776234752.0,601678,-1.61,-0.15
2021-10-21,9.14,9.44,9.63,9.1,1201327.0,1129137152.0,601678,3.28,0.3
2021-10-22,9.39,9.02,9.6,8.96,1264711.0,1167819776.0,601678,-4.45,-0.42
2021-10-25,8.81,9.17,9.28,8.8,873736.0,801063232.0,601678,1.66,0.15
2021-10-26,8.9,8.95,9.27,8.9,1081937.0,977100672.0,601678,-2.4,-0.22
2021-10-27,8.91,9.27,9.55,8.67,1515068.0,1380844416.0,601678,3.58,0.32
2021-10-28,9.2,8.39,9.25,8.37,1363129.0,1180422528.0,601678,-9.49,-0.88
2021-10-29,8.41,8.4,8.86,8.38,1011122.0,863221184.0,601678,0.12,0.01
2021-11-01,8.41,8.16,8.43,8.03,917834.0,752380224.0,601678,-2.86,-0.24
2021-11-02,8.16,7.72,8.22,7.52,1300966.0,1015742912.0,601678,-5.39,-0.44
2021-11-03,7.71,7.69,7.73,7.49,707414.0,538695424.0,601678,-0.39,-0.03
2021-11-04,7.69,7.63,7.73,7.58,699863.0,534661312.0,601678,-0.78,-0.06
2021-11-05,7.64,7.34,7.64,7.28,854095.0,634126208.0,601678,-3.8,-0.29
2021-11-08,7.49,7.61,7.64,7.37,865969.0,652804480.0,601678,3.68,0.27
2021-11-09,7.57,7.64,7.65,7.48,678040.0,513084000.0,601678,0.39,0.03
2021-11-10,7.58,7.53,7.59,7.31,736188.0,548634368.0,601678,-1.44,-0.11
2021-11-11,7.57,7.6,7.61,7.46,653277.0,492906624.0,601678,0.93,0.07
2021-11-12,7.59,7.51,7.68,7.5,679825.0,514864512.0,601678,-1.18,-0.09
2021-11-15,7.48,7.65,7.69,7.3,848394.0,637640320.0,601678,1.86,0.14
2021-11-16,7.62,7.34,7.67,7.32,696149.0,519275872.0,601678,-4.05,-0.31
2021-11-17,7.31,7.44,7.46,7.31,436143.0,322307584.0,601678,1.36,0.1
2021-11-18,7.58,7.67,7.9,7.55,1140272.0,881747712.0,601678,3.09,0.23
2021-11-19,7.67,8.39,8.44,7.67,2091739.0,1707671296.0,601678,9.39,0.72
2021-11-22,8.42,8.51,8.61,8.3,1687503.0,1423964672.0,601678,1.43,0.12
2021-11-23,8.44,8.55,8.8,8.32,1256194.0,1076299136.0,601678,0.47,0.04
2021-11-24,8.53,8.54,8.68,8.43,865195.0,737223104.0,601678,-0.12,-0.01
2021-11-25,8.5,8.4,8.61,8.38,637823.0,539646400.0,601678,-1.64,-0.14
2021-11-26,8.33,8.41,8.55,8.31,596077.0,503508384.0,601678,0.12,0.01
2021-11-29,8.22,8.35,8.46,8.16,615341.0,512482272.0,601678,-0.71,-0.06
2021-11-30,8.23,8.38,8.6,8.21,895480.0,754840320.0,601678,0.36,0.03
2021-12-01,8.34,8.72,8.76,8.3,1246070.0,1071003392.0,601678,4.06,0.34
2021-12-02,8.89,9.03,9.13,8.63,1566004.0,1394301184.0,601678,3.56,0.31
2021-12-03,9.04,8.89,9.04,8.75,915274.0,813070592.0,601678,-1.55,-0.14
2021-12-06,8.89,8.97,9.05,8.82,947871.0,847315776.0,601678,0.9,0.08
2021-12-07,9.04,8.65,9.07,8.53,931510.0,811932992.0,601678,-3.57,-0.32
2021-12-08,8.66,8.65,8.78,8.53,533671.0,461038528.0,601678,0.0,0.0
2021-12-09,8.6,8.46,8.61,8.42,705787.0,598851968.0,601678,-2.2,-0.19
2021-12-10,8.42,8.55,8.64,8.39,513551.0,437949344.0,601678,1.06,0.09
2021-12-13,8.6,8.7,8.76,8.57,558837.0,485242304.0,601678,1.75,0.15
2021-12-14,8.65,8.44,8.65,8.4,612163.0,519469280.0,601678,-2.99,-0.26
2021-12-15,8.4,8.27,8.45,8.26,525548.0,438100032.0,601678,-2.01,-0.17
2021-12-16,8.28,8.58,8.61,8.28,637283.0,539174464.0,601678,3.75,0.31
2021-12-17,8.62,8.94,9.44,8.6,1753640.0,1591375616.0,601678,4.2,0.36
2021-12-20,9.05,8.71,9.11,8.5,1262608.0,1107175808.0,601678,-2.57,-0.23
2021-12-21,8.65,8.7,8.72,8.58,487028.0,421119456.0,601678,-0.11,-0.01
2021-12-22,8.61,8.61,8.68,8.45,643417.0,550849856.0,601678,-1.03,-0.09
2021-12-23,8.56,8.64,8.7,8.46,653545.0,560693568.0,601678,0.35,0.03
2021-12-24,8.64,8.26,8.65,8.26,740095.0,623970176.0,601678,-4.4,-0.38
2021-12-27,8.23,8.25,8.4,8.02,541014.0,443495296.0,601678,-0.12,-0.01
2021-12-28,8.26,8.16,8.31,8.1,394363.0,322146464.0,601678,-1.09,-0.09
2021-12-29,8.12,8.26,8.35,8.12,397321.0,327741376.0,601678,1.23,0.1
2021-12-30,8.32,8.11,8.33,8.1,537659.0,439451392.0,601678,-1.82,-0.15
2021-12-31,8.08,7.97,8.1,7.9,687240.0,547714176.0,601678,-1.73,-0.14
2022-01-04,7.91,7.97,8.01,7.86,485873.0,385145440.0,601678,0.0,0.0
2022-01-05,7.93,7.73,7.94,7.68,554796.0,431725888.0,601678,-3.01,-0.24
2022-01-06,7.68,7.84,7.88,7.67,378115.0,295908320.0,601678,1.42,0.11
2022-01-07,7.79,7.81,7.93,7.78,404046.0,317203392.0,601678,-0.38,-0.03
2022-01-10,7.81,7.81,7.87,7.76,358365.0,279971744.0,601678,0.0,0.0
2022-01-11,7.77,7.96,7.98,7.77,509792.0,403047904.0,601678,1.92,0.15
2022-01-12,7.96,7.98,7.98,7.88,336651.0,267180192.0,601678,0.25,0.02
2022-01-13,7.95,7.86,8.07,7.82,379171.0,300945184.0,601678,-1.5,-0.12
2022-01-14,7.81,7.7,7.85,7.68,360269.0,278896896.0,601678,-2.04,-0.16
2022-01-17,7.7,7.64,7.7,7.55,297365.0,226481184.0,601678,-0.78,-0.06
2022-01-18,7.63,7.71,7.77,7.58,343044.0,262837376.0,601678,0.92,0.07
2022-01-19,7.65,7.52,7.68,7.48,384802.0,291036320.0,601678,-2.46,-0.19
2022-01-20,7.35,7.01,7.38,6.95,1024698.0,728716224.0,601678,-6.78,-0.51
2022-01-21,6.98,6.87,7.05,6.83,380110.0,263296592.0,601678,-2.0,-0.14
2022-01-24,6.81,6.98,7.01,6.76,265691.0,183664720.0,601678,1.6,0.11
2022-01-25,6.97,6.69,6.99,6.68,327526.0,223126688.0,601678,-4.15,-0.29
2022-01-26,6.75,6.79,6.85,6.69,219428.0,148784128.0,601678,1.49,0.1
2022-01-27,6.78,6.65,6.8,6.65,226388.0,151918912.0,601678,-2.06,-0.14
2022-01-28,6.7,6.66,6.73,6.46,254832.0,168635696.0,601678,0.15,0.01
2022-02-07,6.81,6.96,7.0,6.81,348368.0,241203808.0,601678,4.5,0.3
2022-02-08,6.96,7.08,7.08,6.89,341021.0,239060656.0,601678,1.72,0.12
2022-02-09,7.04,7.11,7.17,7.02,288047.0,204887312.0,601678,0.42,0.03
2022-02-10,7.12,7.14,7.24,7.07,306399.0,218682496.0,601678,0.42,0.03
2022-02-11,7.08,7.06,7.18,7.05,283203.0,201554368.0,601678,-1.12,-0.08
2022-02-14,7.0,7.0,7.1,6.96,207432.0,145756336.0,601678,-0.85,-0.06
2022-02-15,7.01,6.99,7.06,6.95,175812.0,123036496.0,601678,-0.14,-0.01
2022-02-16,7.05,7.15,7.19,7.03,269897.0,192709248.0,601678,2.29,0.16
2022-02-17,7.13,7.17,7.25,7.09,293302.0,210374608.0,601678,0.28,0.02
2022-02-18,7.17,7.23,7.23,7.12,223916.0,161062592.0,601678,0.84,0.06
2022-02-21,7.21,7.2,7.21,7.15,195902.0,140570496.0,601678,-0.41,-0.03
2022-02-22,7.16,7.12,7.19,7.06,233326.0,165820064.0,601678,-1.11,-0.08
2022-02-23,7.15,7.34,7.34,7.14,441380.0,320981888.0,601678,3.09,0.22
2022-02-24,7.3,7.15,7.45,7.04,554280.0,402924832.0,601678,-2.59,-0.19
2022-02-25,7.22,7.18,7.3,7.15,322687.0,233134288.0,601678,0.42,0.03
2022-02-28,7.16,7.2,7.22,7.04,247498.0,176514368.0,601678,0.28,0.02
2022-03-01,7.3,7.29,7.34,7.18,333128.0,241631920.0,601678,1.25,0.09
2022-03-02,7.22,7.36,7.38,7.21,324656.0,237996544.0,601678,0.96,0.07
2022-03-03,7.37,7.43,7.48,7.36,368717.0,273806880.0,601678,0.95,0.07
2022-03-04,7.39,7.22,7.4,7.14,338708.0,246140672.0,601678,-2.83,-0.21
2022-03-07,7.21,7.06,7.23,7.03,277273.0,197463552.0,601678,-2.22,-0.16
2022-03-08,7.04,6.78,7.08,6.68,357289.0,244995936.0,601678,-3.97,-0.28
2022-03-09,6.81,6.67,6.85,6.25,366618.0,241231168.0,601678,-1.62,-0.11
2022-03-10,6.81,6.86,6.92,6.74,267358.0,183124896.0,601678,2.85,0.19
2022-03-11,6.8,6.87,6.88,6.62,241441.0,163159984.0,601678,0.15,0.01
2022-03-14,6.82,6.64,6.92,6.63,252591.0,170870336.0,601678,-3.35,-0.23
2022-03-15,6.62,6.12,6.62,6.1,382239.0,243085120.0,601678,-7.83,-0.52
2022-03-16,6.23,6.34,6.35,6.04,318756.0,198462944.0,601678,3.59,0.22
2022-03-17,6.41,6.41,6.55,6.4,289488.0,187093936.0,601678,1.1,0.07
2022-03-18,6.4,6.52,6.53,6.37,210938.0,136666608.0,601678,1.72,0.11
2022-03-21,6.52,6.54,6.56,6.45,210001.0,136768288.0,601678,0.31,0.02
2022-03-22,6.54,6.58,6.63,6.51,198905.0,130631736.0,601678,0.61,0.04
2022-03-23,6.78,6.67,6.85,6.62,365764.0,246022336.0,601678,1.37,0.09
2022-03-24,6.61,6.65,6.78,6.58,243841.0,163025296.0,601678,-0.3,-0.02
2022-03-25,6.66,6.6,6.72,6.58,238930.0,158863936.0,601678,-0.75,-0.05
2022-03-28,6.64,6.63,6.67,6.45,223958.0,146955664.0,601678,0.45,0.03
2022-03-29,6.62,6.56,6.65,6.51,178935.0,117603000.0,601678,-1.06,-0.07
2022-03-30,6.61,6.65,6.66,6.56,210505.0,139361216.0,601678,1.37,0.09
2022-03-31,6.62,6.53,6.67,6.53,194868.0,128455480.0,601678,-1.8,-0.12
2022-04-01,6.47,6.52,6.55,6.41,158417.0,102968936.0,601678,-0.15,-0.01
2022-04-06,6.52,6.56,6.56,6.41,251709.0,163065520.0,601678,0.61,0.04
2022-04-07,6.52,6.38,6.55,6.37,214825.0,138786800.0,601678,-2.74,-0.18
2022-04-08,6.4,6.54,6.57,6.28,321693.0,207688096.0,601678,2.51,0.16
2022-04-11,6.54,6.34,6.56,6.31,336906.0,217309888.0,601678,-3.06,-0.2
2022-04-12,6.37,6.37,6.4,6.16,283610.0,178244272.0,601678,0.47,0.03
2022-04-13,6.31,6.44,6.55,6.24,365864.0,234562320.0,601678,1.1,0.07
2022-04-14,6.46,6.68,6.73,6.44,445517.0,293955008.0,601678,3.73,0.24
2022-04-15,6.63,6.79,7.0,6.61,757800.0,518290272.0,601678,1.65,0.11
2022-04-18,6.74,6.72,6.79,6.63,338299.0,226987120.0,601678,-1.03,-0.07
2022-04-19,6.68,6.84,6.91,6.66,436880.0,297134144.0,601678,1.79,0.12
2022-04-20,6.68,6.33,6.69,6.22,767747.0,493993824.0,601678,-7.46,-0.51
2022-04-21,6.28,5.94,6.32,5.92,486115.0,295776928.0,601678,-6.16,-0.39
2022-04-22,5.89,5.8,5.93,5.78,291487.0,169928640.0,601678,-2.36,-0.14
2022-04-25,5.7,5.28,5.72,5.25,372642.0,202926944.0,601678,-8.97,-0.52
2022-04-26,5.28,5.03,5.34,5.0,318254.0,164498688.0,601678,-4.73,-0.25
2022-04-27,4.91,5.24,5.26,4.89,383461.0,194324544.0,601678,4.17,0.21
2022-04-28,5.21,5.17,5.28,5.09,239735.0,124512296.0,601678,-1.34,-0.07
2022-04-29,5.25,5.35,5.38,5.2,278040.0,147545360.0,601678,3.48,0.18
2022-05-05,5.33,5.42,5.49,5.3,255141.0,138291232.0,601678,1.31,0.07
2022-05-06,5.26,5.31,5.37,5.22,191576.0,101508152.0,601678,-2.03,-0.11
2022-05-09,5.31,5.39,5.42,5.25,159518.0,85629536.0,601678,1.51,0.08
2022-05-10,5.32,5.44,5.46,5.28,210987.0,113599440.0,601678,0.93,0.05
2022-05-11,5.64,5.61,5.78,5.57,476696.0,270524000.0,601678,3.13,0.17
2022-05-12,5.55,5.56,5.65,5.48,244900.0,136263648.0,601678,-0.89,-0.05
2022-05-13,5.63,5.59,5.69,5.56,185312.0,104070016.0,601678,0.54,0.03
2022-05-16,5.64,5.66,5.71,5.6,199061.0,112416712.0,601678,1.25,0.07
2022-05-17,5.66,5.66,5.67,5.54,203697.0,114316936.0,601678,0.0,0.0
2022-05-18,5.64,5.66,5.71,5.64,188550.0,107054064.0,601678,0.0,0.0
2022-05-19,5.56,5.73,5.73,5.52,204865.0,115818408.0,601678,1.24,0.07
2022-05-20,5.72,5.84,5.86,5.72,247767.0,143844368.0,601678,1.92,0.11
2022-05-23,5.84,5.95,5.97,5.84,214881.0,127176856.0,601678,1.88,0.11
2022-05-24,5.93,5.7,6.01,5.68,315123.0,184200624.0,601678,-4.2,-0.25
2022-05-25,5.69,5.78,5.81,5.69,170073.0,97796568.0,601678,1.4,0.08
2022-05-26,5.8,5.81,5.85,5.68,188150.0,108843240.0,601678,0.52,0.03
2022-05-27,5.88,5.84,5.94,5.79,214159.0,125555328.0,601678,0.52,0.03
2022-05-30,5.87,5.96,5.97,5.81,231742.0,136950240.0,601678,2.05,0.12
2022-05-31,5.94,5.94,5.97,5.88,202377.0,119810432.0,601678,-0.34,-0.02
2022-06-01,5.93,5.89,5.95,5.82,219300.0,129138952.0,601678,-0.84,-0.05
2022-06-02,5.76,5.74,5.77,5.7,193489.0,110938136.0,601678,-2.55,-0.15
2022-06-06,5.74,5.9,5.91,5.72,268910.0,157100336.0,601678,2.79,0.16
2022-06-07,5.92,5.85,5.93,5.81,209341.0,122456992.0,601678,-0.85,-0.05
2022-06-08,5.85,5.85,5.91,5.68,246492.0,143133888.0,601678,0.0,0.0
2022-06-09,5.89,5.85,5.94,5.78,294314.0,172218672.0,601678,0.0,0.0
2022-06-10,5.81,5.94,5.97,5.77,325327.0,191796560.0,601678,1.54,0.09
2022-06-13,5.9,6.05,6.08,5.89,377584.0,227112320.0,601678,1.85,0.11
2022-06-14,6.0,6.14,6.14,5.95,394939.0,238978160.0,601678,1.49,0.09
2022-06-15,6.14,6.09,6.2,6.09,385253.0,236824400.0,601678,-0.81,-0.05
2022-06-16,6.09,6.01,6.12,5.97,276530.0,167234368.0,601678,-1.31,-0.08
2022-06-17,5.97,6.02,6.06,5.94,208319.0,125181656.0,601678,0.17,0.01
2022-06-20,6.02,5.99,6.06,5.97,244344.0,146774896.0,601678,-0.5,-0.03
2022-06-21,6.04,5.9,6.04,5.8,325044.0,192304160.0,601678,-1.5,-0.09
2022-06-22,5.93,5.8,5.96,5.8,225195.0,132260480.0,601678,-1.69,-0.1
2022-06-23,5.8,5.9,5.9,5.72,278871.0,162328064.0,601678,1.72,0.1
2022-06-24,5.93,6.14,6.29,5.89,609173.0,374936992.0,601678,4.07,0.24
2022-06-27,6.17,6.12,6.2,6.11,278993.0,171187648.0,601678,-0.33,-0.02
2022-06-28,6.13,6.14,6.17,6.09,254722.0,156053744.0,601678,0.33,0.02
2022-06-29,6.14,5.99,6.15,5.98,281891.0,170787456.0,601678,-2.44,-0.15
2022-06-30,6.0,5.99,6.04,5.97,192627.0,115676160.0,601678,0.0,0.0
2022-07-01,5.96,5.95,6.01,5.92,177645.0,105865136.0,601678,-0.67,-0.04
2022-07-04,5.95,5.98,6.0,5.94,197136.0,117650456.0,601678,0.5,0.03
2022-07-05,5.96,6.04,6.11,5.95,328477.0,198117056.0,601678,1.0,0.06
2022-07-06,6.02,5.8,6.02,5.73,384059.0,224761392.0,601678,-3.97,-0.24
2022-07-07,5.78,5.89,5.92,5.75,207349.0,121449936.0,601678,1.55,0.09
2022-07-08,5.94,5.85,5.94,5.82,185054.0,108495696.0,601678,-0.68,-0.04
2022-07-11,5.83,5.67,5.83,5.64,246265.0,140487120.0,601678,-3.08,-0.18
2022-07-12,5.67,5.6,5.69,5.59,155248.0,87435280.0,601678,-1.23,-0.07
2022-07-13,5.59,5.62,5.64,5.52,178736.0,99889864.0,601678,0.36,0.02
2022-07-14,5.62,5.64,5.71,5.57,155274.0,87524224.0,601678,0.36,0.02
2022-07-15,5.63,5.5,5.66,5.49,201774.0,112538272.0,601678,-2.48,-0.14
2022-07-18,5.48,5.74,5.75,5.48,249976.0,141626176.0,601678,4.36,0.24
2022-07-19,5.74,5.78,5.81,5.7,160018.0,92305896.0,601678,0.7,0.04
2022-07-20,5.8,5.81,5.82,5.77,119629.0,69367144.0,601678,0.52,0.03
2022-07-21,5.82,5.79,5.86,5.76,147266.0,85706640.0,601678,-0.34,-0.02
2022-07-22,5.78,5.77,5.86,5.71,145306.0,83999280.0,601678,-0.35,-0.02
2022-07-25,5.75,5.65,5.79,5.62,167861.0,95536960.0,601678,-2.08,-0.12
2022-07-26,5.64,5.69,5.71,5.59,115554.0,65411172.0,601678,0.71,0.04
2022-07-27,5.66,5.65,5.69,5.63,120863.0,68340880.0,601678,-0.7,-0.04
2022-07-28,5.69,5.73,5.82,5.68,187380.0,107994568.0,601678,1.42,0.08
2022-07-29,5.75,5.74,5.82,5.72,143305.0,82634280.0,601678,0.17,0.01
2022-08-01,5.75,5.88,5.92,5.7,216878.0,126475712.0,601678,2.44,0.14
2022-08-02,5.8,5.61,5.84,5.52,339781.0,192179184.0,601678,-4.59,-0.27
2022-08-03,5.61,5.55,5.76,5.53,233318.0,131880896.0,601678,-1.07,-0.06
2022-08-04,5.58,5.57,5.61,5.5,175297.0,97258992.0,601678,0.36,0.02
2022-08-05,5.58,5.67,5.68,5.54,164054.0,91807440.0,601678,1.8,0.1
2022-08-08,5.68,5.74,5.77,5.62,164082.0,93806160.0,601678,1.23,0.07
2022-08-09,5.74,5.75,5.77,5.71,144577.0,83019192.0,601678,0.17,0.01
2022-08-10,5.76,5.88,5.9,5.72,294953.0,172310688.0,601678,2.26,0.13
2022-08-11,5.91,5.9,5.92,5.85,222653.0,131064176.0,601678,0.34,0.02
2022-08-12,5.92,6.05,6.09,5.91,390402.0,235943136.0,601678,2.54,0.15
2022-08-15,6.06,6.1,6.15,6.01,326092.0,198377824.0,601678,0.83,0.05
2022-08-16,6.09,6.04,6.12,6.01,244783.0,148067760.0,601678,-0.98,-0.06
2022-08-17,6.01,6.02,6.09,6.0,209453.0,126308000.0,601678,-0.33,-0.02
2022-08-18,6.02,5.94,6.04,5.92,189520.0,112916960.0,601678,-1.33,-0.08
2022-08-19,5.95,5.86,5.98,5.85,199424.0,117823184.0,601678,-1.35,-0.08
2022-08-22,5.81,6.04,6.05,5.8,280199.0,166689552.0,601678,3.07,0.18
2022-08-23,6.05,6.07,6.08,6.0,210326.0,127097040.0,601678,0.5,0.03
2022-08-24,6.07,5.94,6.2,5.93,419156.0,254129360.0,601678,-2.14,-0.13
2022-08-25,6.0,5.95,6.01,5.84,267141.0,158227296.0,601678,0.17,0.01
2022-08-26,5.93,6.03,6.14,5.93,441007.0,266446864.0,601678,1.34,0.08
2022-08-29,5.96,6.18,6.2,5.9,605444.0,370710304.0,601678,2.49,0.15
2022-08-30,6.2,5.99,6.2,5.98,499353.0,302183648.0,601678,-3.07,-0.19
2022-08-31,5.96,5.78,5.98,5.76,396160.0,231545168.0,601678,-3.51,-0.21
2022-09-01,5.79,5.73,5.86,5.71,222759.0,128761648.0,601678,-0.87,-0.05
2022-09-02,5.71,5.79,5.8,5.71,148239.0,85385296.0,601678,1.05,0.06
2022-09-05,5.82,6.1,6.11,5.78,558520.0,335056128.0,601678,5.35,0.31
2022-09-06,6.29,6.49,6.67,6.27,1444627.0,935862336.0,601678,6.39,0.39
2022-09-07,6.5,6.36,6.65,6.34,1123438.0,728337024.0,601678,-2.0,-0.13
2022-09-08,6.37,6.15,6.39,6.12,776535.0,482998752.0,601678,-3.3,-0.21
2022-09-09,6.16,6.17,6.21,6.1,516581.0,318599744.0,601678,0.33,0.02
2022-09-13,6.24,6.11,6.26,6.08,449652.0,277354176.0,601678,-0.97,-0.06
2022-09-14,6.0,5.97,6.06,5.92,387451.0,231925328.0,601678,-2.29,-0.14
2022-09-15,5.98,5.83,6.02,5.76,433301.0,254983712.0,601678,-2.35,-0.14
2022-09-16,5.8,5.58,5.81,5.57,42110408.0,239165272.0,601678,-4.29,-0.25
2022-09-19,5.57,5.61,5.65,5.47,23238513.0,129692785.0,601678,0.54,0.03
2022-09-20,5.61,5.65,5.73,5.61,215133.0,121783064.0,601678,0.71,0.04
2022-09-21,5.62,5.69,5.72,5.54,180352.0,101764128.0,601678,0.71,0.04
2022-09-22,5.65,5.66,5.73,5.62,139100.0,79142520.0,601678,-0.53,-0.03
2022-09-23,5.66,5.56,5.71,5.52,188129.0,105303272.0,601678,-1.77,-0.1
2022-09-26,5.5,5.3,5.5,5.3,245450.0,132389040.0,601678,-4.68,-0.26
2022-09-27,5.31,5.38,5.39,5.24,158901.0,84369312.0,601678,1.51,0.08
2022-09-28,5.3,5.11,5.3,5.11,273121.0,,601678,-5.02,-0.27
2022-09-29,5.16,5.12,5.23,5.07,156522.0,,601678,0.2,0.01
2022-09-30,5.1,5.25,5.32,5.08,237838.0,,601678,2.54,0.13
2022-10-10,5.28,5.19,5.33,5.17,18075142.0,94880540.0,601678,-1.14,-0.06
2022-10-11,5.18,5.26,5.29,5.15,13219441.0,69129938.0,601678,1.35,0.07
2022-10-12,5.25,5.32,5.32,5.09,21922083.0,114138550.0,601678,1.14,0.06
2022-10-13,5.25,5.25,5.3,5.21,17648407.0,92809961.0,601678,-1.32,-0.07
2022-10-14,5.28,5.32,5.35,5.24,21213948.0,112536619.0,601678,1.33,0.07
2022-10-17,5.3,5.42,5.44,5.26,20693330.0,110559247.0,601678,1.88,0.1
2022-10-18,5.46,5.38,5.46,5.37,15134558.0,81586490.0,601678,-0.74,-0.04
2022-10-19,5.37,5.29,5.38,5.28,13080436.0,69680078.0,601678,-1.67,-0.09
2022-10-20,5.29,5.28,5.33,5.21,13035097.0,68670457.0,601678,-0.19,-0.01
2022-10-21,5.3,5.23,5.3,5.21,11778744.0,61882218.0,601678,-0.95,-0.05
2022-10-24,5.24,5.15,5.31,5.13,13319229.0,69502463.0,601678,-1.53,-0.08
2022-10-25,5.12,5.15,5.19,5.07,10897614.0,55788003.0,601678,0.0,0.0
2022-10-26,5.16,5.19,5.26,5.16,11259510.0,58663503.0,601678,0.78,0.04
2022-10-27,5.18,5.18,5.24,5.15,10781893.0,56009674.0,601678,-0.19,-0.01
2022-10-28,5.17,4.95,5.17,4.93,21032232.0,106024063.0,601678,-4.44,-0.23
2022-10-31,4.95,5.0,5.06,4.9,10905892.0,54395911.0,601678,1.01,0.05
2022-11-01,4.99,5.11,5.13,4.99,12574450.0,63861541.0,601678,2.2,0.11
2022-11-02,5.11,5.14,5.16,5.09,14995481.0,76865198.0,601678,0.59,0.03
2022-11-03,5.1,5.13,5.15,5.08,10348569.0,52977446.0,601678,-0.2,-0.01
2022-11-04,5.13,5.23,5.25,5.12,19985151.0,104061218.0,601678,1.95,0.1
2022-11-07,5.22,5.3,5.33,5.22,221625.0,117236808.0,601678,1.34,0.07
2022-11-08,5.31,5.3,5.34,5.26,129016.0,68261752.0,601678,0.0,0.0
2022-11-09,5.32,5.29,5.33,5.27,10786423.0,57102529.0,601678,-0.19,-0.01
2022-11-10,5.26,5.26,5.29,5.22,11579995.0,60812920.0,601678,-0.57,-0.03
2022-11-11,5.35,5.31,5.38,5.29,16809252.0,89416747.0,601678,0.95,0.05
2022-11-14,5.32,5.28,5.36,5.26,16290260.0,86396807.0,601678,-0.56,-0.03
2022-11-15,5.28,5.34,5.35,5.26,13821768.0,73496369.0,601678,1.14,0.06
2022-11-16,5.36,5.32,5.38,5.32,127330.0,68100288.0,601678,-0.38,-0.02
2022-11-17,5.32,5.31,5.32,5.26,10559688.0,55837206.0,601678,-0.19,-0.01
2022-11-18,5.32,5.28,5.32,5.26,15590628.0,82464774.0,601678,-0.56,-0.03
2022-11-21,5.28,5.2,5.28,5.19,15290038.0,79699600.0,601678,-1.51,-0.08
2022-11-22,5.22,5.19,5.24,5.16,13769458.0,71604918.0,601678,-0.19,-0.01
2022-11-23,5.19,5.21,5.23,5.16,11749049.0,61052314.0,601678,0.39,0.02
2022-11-24,5.23,5.32,5.32,5.21,204602.0,107985656.0,601678,2.11,0.11
2022-11-25,5.29,5.31,5.32,5.26,101540.0,53750352.0,601678,-0.19,-0.01
2022-11-28,5.27,5.24,5.27,5.2,13076624.0,68374078.0,601678,-1.32,-0.07
2022-11-29,5.24,5.33,5.33,5.23,16012510.0,84894521.0,601678,1.72,0.09
2022-11-30,5.33,5.3,5.35,5.28,15809664.0,84161147.0,601678,-0.56,-0.03
2022-12-01,5.34,5.33,5.37,5.31,15358605.0,82003832.0,601678,0.57,0.03
2022-12-02,5.33,5.36,5.36,5.31,12358760.0,66030615.0,601678,0.56,0.03
2022-12-05,5.37,5.42,5.43,5.36,18094883.0,97724842.0,601678,1.12,0.06
2022-12-06,5.42,5.4,5.45,5.38,20658068.0,111742843.0,601678,-0.37,-0.02
2022-12-07,5.41,5.39,5.44,5.37,14688399.0,79354623.0,601678,-0.18,-0.01
2022-12-08,5.38,5.49,5.55,5.36,315114.0,172525248.0,601678,1.85,0.1
2022-12-09,5.54,5.53,5.55,5.47,222350.0,122402832.0,601678,0.73,0.04
2022-12-12,5.51,5.4,5.52,5.38,196368.0,106519216.0,601678,-2.35,-0.13
2022-12-13,5.4,5.4,5.43,5.37,131849.0,71189824.0,601678,0.0,0.0
2022-12-14,5.38,5.39,5.42,5.37,10163398.0,54797324.0,601678,-0.18,-0.01
2022-12-15,5.4,5.4,5.42,5.35,10769269.0,57926274.0,601678,0.19,0.01
2022-12-16,5.38,5.41,5.45,5.35,12297286.0,66472449.0,601678,0.18,0.01
2022-12-19,5.41,5.26,5.44,5.24,17385470.0,92197222.0,601678,-2.77,-0.15
2022-12-20,5.25,5.28,5.31,5.23,7820638.0,41269297.0,601678,0.38,0.02
2022-12-21,5.28,5.37,5.42,5.25,14897768.0,79689590.0,601678,1.71,0.09
2022-12-22,5.38,5.26,5.4,5.23,12520261.0,66699100.0,601678,-2.05,-0.11
2022-12-23,5.22,5.2,5.27,5.17,9623164.0,50203909.0,601678,-1.14,-0.06
2022-12-26,5.19,5.23,5.24,5.18,8407177.0,43808607.0,601678,0.58,0.03
2022-12-27,5.23,5.24,5.25,5.21,7849280.0,41066586.0,601678,0.19,0.01
2022-12-28,5.24,5.17,5.24,5.15,86302.0,44720232.0,601678,-1.34,-0.07
2022-12-29,5.13,5.13,5.17,5.12,95461.0,49080164.0,601678,-0.77,-0.04
2022-12-30,5.15,5.14,5.16,5.12,5541763.0,28492222.0,601678,0.2,0.01
2023-01-03,5.14,5.21,5.24,5.11,10125113.0,52546453.0,601678,1.36,0.07
2023-01-04,5.2,5.23,5.25,5.19,8858178.0,46310329.0,601678,0.38,0.02
2023-01-05,5.24,5.26,5.29,5.23,8243515.0,43450907.0,601678,0.57,0.03
2023-01-06,5.27,5.27,5.3,5.25,9533483.0,50300419.0,601678,0.19,0.01
2023-01-09,5.28,5.26,5.32,5.26,10029314.0,53009803.0,601678,-0.19,-0.01
2023-01-10,5.27,5.24,5.29,5.24,6963078.0,36576793.0,601678,-0.38,-0.02
2023-01-11,5.26,5.24,5.28,5.23,68754.0,36117656.0,601678,0.0,0.0
2023-01-12,5.25,5.18,5.26,5.16,13934798.0,72502765.0,601678,-1.15,-0.06
