date,open,close,high,low,vol,amount,code,pchange,change
2002-12-26,10.95,10.37,11.25,10.24,318659.0,340299840.0,600512,,
2002-12-27,10.22,9.94,10.3,9.86,114393.0,114647848.0,600512,-4.15,-0.43
2002-12-30,9.85,9.51,9.89,9.47,64098.0,61976056.0,600512,-4.33,-0.43
2002-12-31,9.49,9.4,9.76,9.37,45676.0,43713960.0,600512,-1.16,-0.11
2003-01-02,9.33,9.21,9.47,9.11,46656.0,43203468.0,600512,-2.02,-0.19
2003-01-03,9.21,9.31,9.42,9.18,26513.0,24643688.0,600512,1.09,0.1
2003-01-06,9.31,9.4,9.5,9.21,25983.0,24349666.0,600512,0.97,0.09
2003-01-07,9.39,9.2,9.58,9.17,37189.0,34735484.0,600512,-2.13,-0.2
2003-01-08,9.18,9.85,10.05,9.17,80922.0,78184272.0,600512,7.07,0.65
2003-01-09,9.82,10.08,10.27,9.65,157898.0,158486640.0,600512,2.34,0.23
2003-01-10,10.05,9.81,10.25,9.8,90287.0,90706992.0,600512,-2.68,-0.27
2003-01-13,9.75,9.73,9.9,9.66,31586.0,30846998.0,600512,-0.82,-0.08
2003-01-14,9.72,10.6,10.7,9.71,153918.0,160619984.0,600512,8.94,0.87
2003-01-15,10.59,10.31,10.67,10.21,92632.0,96668928.0,600512,-2.74,-0.29
2003-01-16,10.31,10.8,11.28,10.26,119588.0,129602064.0,600512,4.75,0.49
2003-01-17,10.8,10.75,10.87,10.62,57016.0,61228752.0,600512,-0.46,-0.05
2003-01-20,10.73,10.78,11.06,10.66,55402.0,60128436.0,600512,0.28,0.03
2003-01-21,10.78,10.35,10.86,10.33,48572.0,51125444.0,600512,-3.99,-0.43
2003-01-22,10.31,10.4,10.49,10.28,26460.0,27509484.0,600512,0.48,0.05
2003-01-23,10.41,10.18,10.5,10.16,27419.0,28283616.0,600512,-2.12,-0.22
2003-01-24,10.16,10.46,10.48,10.1,26932.0,27835504.0,600512,2.75,0.28
2003-01-27,10.46,10.49,10.56,10.43,21525.0,22583428.0,600512,0.29,0.03
2003-01-28,10.53,10.55,10.64,10.44,18910.0,19908656.0,600512,0.57,0.06
2003-01-29,10.52,10.5,10.61,10.47,20059.0,21134856.0,600512,-0.47,-0.05
2003-02-11,10.21,10.43,10.46,10.21,15884.0,16412659.0,600512,-0.67,-0.07
2003-02-12,10.39,10.49,10.5,10.28,11432.0,11895608.0,600512,0.58,0.06
2003-02-13,10.56,10.36,10.61,10.34,18065.0,18984720.0,600512,-1.24,-0.13
2003-02-14,10.31,10.35,10.41,10.31,10062.0,10423125.0,600512,-0.1,-0.01
2003-02-17,10.4,10.27,10.55,10.26,13707.0,14207798.0,600512,-0.77,-0.08
2003-02-18,10.27,10.35,10.45,10.26,9839.0,10179341.0,600512,0.78,0.08
2003-02-19,10.35,10.52,10.54,10.32,14217.0,14884789.0,600512,1.64,0.17
2003-02-20,10.54,10.54,10.58,10.48,15695.0,16532040.0,600512,0.19,0.02
2003-02-21,10.53,10.29,10.53,10.26,17782.0,18377048.0,600512,-2.37,-0.25
2003-02-24,10.23,10.32,10.5,10.23,11035.0,11441013.0,600512,0.29,0.03
2003-02-25,10.35,10.61,10.7,10.32,35415.0,37519336.0,600512,2.81,0.29
2003-02-26,10.58,10.61,10.69,10.53,17276.0,18322744.0,600512,0.0,0.0
2003-02-27,10.61,10.52,10.68,10.47,14720.0,15550144.0,600512,-0.85,-0.09
2003-02-28,10.48,10.47,10.55,10.33,11785.0,12267258.0,600512,-0.48,-0.05
2003-03-03,10.5,10.69,10.75,10.5,25003.0,26612686.0,600512,2.1,0.22
2003-03-04,10.74,10.6,10.78,10.54,16355.0,17447468.0,600512,-0.84,-0.09
2003-03-05,10.6,10.53,10.62,10.4,9255.0,9705051.0,600512,-0.66,-0.07
2003-03-06,10.48,10.29,10.5,10.25,14496.0,15041040.0,600512,-2.28,-0.24
2003-03-07,10.29,10.28,10.35,10.26,8886.0,9150231.0,600512,-0.1,-0.01
2003-03-10,10.31,10.0,10.31,9.95,15288.0,15447119.0,600512,-2.72,-0.28
2003-03-11,9.98,10.0,10.08,9.93,7820.0,7819669.0,600512,0.0,0.0
2003-03-12,10.03,10.03,10.1,9.85,9087.0,9025679.0,600512,0.3,0.03
2003-03-13,10.0,9.82,10.05,9.8,5522.0,5481081.0,600512,-2.09,-0.21
2003-03-14,9.83,9.88,9.98,9.82,7629.0,7538816.0,600512,0.61,0.06
2003-03-17,9.92,9.93,9.94,9.79,5822.0,5736816.0,600512,0.51,0.05
2003-03-18,9.94,9.75,10.0,9.74,10726.0,10623390.0,600512,-1.81,-0.18
2003-03-19,9.7,9.65,9.76,9.57,8438.0,8145143.0,600512,-1.03,-0.1
2003-03-20,9.62,9.63,9.78,9.6,4450.0,4307644.0,600512,-0.21,-0.02
2003-03-21,9.63,9.77,9.81,9.63,4180.0,4077668.0,600512,1.45,0.14
2003-03-24,9.8,9.81,9.83,9.75,4291.0,4199384.0,600512,0.41,0.04
2003-03-25,9.8,9.62,9.81,9.58,4898.0,4737879.0,600512,-1.94,-0.19
2003-03-26,9.59,9.47,9.65,9.45,6799.0,6477344.0,600512,-1.56,-0.15
2003-03-27,9.31,9.95,10.05,9.3,17272.0,16867620.0,600512,5.07,0.48
2003-03-28,9.89,9.75,9.99,9.72,11160.0,11021158.0,600512,-2.01,-0.2
2003-03-31,9.77,9.96,9.99,9.71,7530.0,7415033.0,600512,2.15,0.21
2003-04-01,9.96,9.96,10.0,9.87,8147.0,8099526.0,600512,0.0,0.0
2003-04-02,9.96,9.88,9.98,9.84,3028.0,2998597.0,600512,-0.8,-0.08
2003-04-03,9.88,9.91,9.94,9.8,5432.0,5371013.0,600512,0.3,0.03
2003-04-04,9.88,9.93,9.98,9.76,5361.0,5292616.0,600512,0.2,0.02
2003-04-07,9.81,9.63,9.92,9.62,7956.0,7753003.0,600512,-3.02,-0.3
2003-04-08,9.6,9.55,9.69,9.55,6130.0,5891090.0,600512,-0.83,-0.08
2003-04-09,9.55,9.7,9.74,9.48,7968.0,7622761.0,600512,1.57,0.15
2003-04-10,9.68,9.8,9.81,9.56,11972.0,11610971.0,600512,1.03,0.1
2003-04-11,9.79,10.01,10.11,9.79,16159.0,16118348.0,600512,2.14,0.21
2003-04-14,10.01,10.1,10.21,10.0,18806.0,18957952.0,600512,0.9,0.09
2003-04-15,10.12,10.09,10.25,9.97,13318.0,13390066.0,600512,-0.1,-0.01
2003-04-16,10.17,9.9,10.18,9.85,19473.0,19480620.0,600512,-1.88,-0.19
2003-04-17,9.75,9.84,9.98,9.75,12698.0,12472326.0,600512,-0.61,-0.06
2003-04-18,9.89,9.8,9.99,9.78,8189.0,8101730.0,600512,-0.41,-0.04
2003-04-21,9.76,9.65,9.85,9.57,8427.0,8150265.0,600512,-1.53,-0.15
2003-04-22,9.68,9.56,9.74,9.55,4708.0,4520598.0,600512,-0.93,-0.09
2003-04-23,9.56,9.56,9.66,9.5,5023.0,4811487.0,600512,0.0,0.0
2003-04-24,9.56,9.48,9.81,9.45,10358.0,9949663.0,600512,-0.84,-0.08
2003-04-25,9.48,9.08,9.6,9.0,9370.0,8719659.0,600512,-4.22,-0.4
2003-04-29,9.3,8.71,9.38,8.66,19905.0,17870048.0,600512,-4.07,-0.37
2003-04-30,8.73,8.74,8.87,8.61,12361.0,10808243.0,600512,0.34,0.03
2003-05-12,8.5,8.36,8.7,8.35,10778.0,9144728.0,600512,-4.35,-0.38
2003-05-13,8.37,8.01,8.41,7.9,12228.0,9866297.0,600512,-4.19,-0.35
2003-05-14,8.02,8.43,8.45,7.99,22146.0,18075708.0,600512,5.24,0.42
2003-05-15,8.4,8.65,8.68,8.26,17163.0,14580908.0,600512,2.61,0.22
2003-05-16,8.61,8.52,8.63,8.5,7135.0,6093654.0,600512,-1.5,-0.13
2003-05-19,8.6,8.62,8.75,8.51,5520.0,4765174.0,600512,1.17,0.1
2003-05-20,8.58,8.37,8.59,8.36,6183.0,5225177.0,600512,-2.9,-0.25
2003-05-21,8.32,8.56,8.72,8.32,8009.0,6836086.0,600512,2.27,0.19
2003-05-22,8.57,8.52,8.58,8.43,3898.0,3318820.0,600512,-0.47,-0.04
2003-05-23,8.5,8.63,8.73,8.5,7777.0,6712207.0,600512,1.29,0.11
2003-05-26,8.7,8.74,8.87,8.66,12386.0,10874933.0,600512,1.27,0.11
2003-05-27,8.8,8.76,8.8,8.66,6026.0,5258122.0,600512,0.23,0.02
2003-05-28,8.76,8.69,8.84,8.66,6166.0,5386705.0,600512,-0.8,-0.07
2003-05-29,8.64,8.57,8.64,8.4,6391.0,5427862.0,600512,-1.38,-0.12
2003-05-30,8.57,8.75,8.86,8.52,10162.0,8836851.0,600512,2.1,0.18
2003-06-02,8.75,9.07,9.08,8.72,17411.0,15531828.0,600512,3.66,0.32
2003-06-03,9.08,8.88,9.12,8.83,13506.0,12117566.0,600512,-2.09,-0.19
2003-06-04,8.89,9.02,9.04,8.81,7765.0,6903702.0,600512,1.58,0.14
2003-06-05,9.0,8.92,9.1,8.86,9267.0,8336070.0,600512,-1.11,-0.1
2003-06-06,8.86,8.66,8.94,8.66,6668.0,5854254.0,600512,-2.91,-0.26
2003-06-09,8.6,8.67,8.81,8.52,5950.0,5172889.0,600512,0.12,0.01
2003-06-10,8.65,8.77,8.82,8.58,5005.0,4371836.0,600512,1.15,0.1
2003-06-11,8.8,8.94,8.96,8.76,7404.0,6579318.0,600512,1.94,0.17
2003-06-12,8.96,8.91,8.96,8.77,3169.0,2808164.0,600512,-0.34,-0.03
2003-06-13,8.93,8.94,9.05,8.88,6942.0,6222596.0,600512,0.34,0.03
2003-06-16,8.85,8.95,8.96,8.82,3022.0,2677230.0,600512,0.11,0.01
2003-06-17,8.83,8.91,9.0,8.78,4422.0,3917701.0,600512,-0.45,-0.04
2003-06-18,8.82,8.85,8.95,8.82,3304.0,2936903.0,600512,-0.67,-0.06
2003-06-19,8.84,8.7,8.9,8.66,2874.0,2509905.0,600512,-1.69,-0.15
2003-06-20,8.68,8.64,8.76,8.63,2108.0,1832961.0,600512,-0.69,-0.06
2003-06-23,8.62,8.53,8.62,8.5,2538.0,2170711.0,600512,-1.27,-0.11
2003-06-24,8.5,8.53,8.57,8.48,1966.0,1677219.0,600512,0.0,0.0
2003-06-25,8.55,8.47,8.62,8.45,1766.0,1508946.0,600512,-0.7,-0.06
2003-06-26,8.47,8.5,8.54,8.31,2001.0,1690050.0,600512,0.35,0.03
2003-06-27,8.45,8.47,8.55,8.42,2846.0,2418898.0,600512,-0.35,-0.03
2003-06-30,8.44,8.21,8.45,8.2,3303.0,2733485.0,600512,-3.07,-0.26
2003-07-01,8.25,8.24,8.34,8.18,2841.0,2349235.0,600512,0.37,0.03
2003-07-02,8.29,8.38,8.39,8.18,2328.0,1935870.0,600512,1.7,0.14
2003-07-03,8.38,8.53,8.53,8.38,4786.0,4055522.0,600512,1.79,0.15
2003-07-04,8.53,8.5,8.58,8.43,2799.0,2382656.0,600512,-0.35,-0.03
2003-07-07,8.55,8.57,8.66,8.44,5542.0,4758672.0,600512,0.82,0.07
2003-07-08,8.7,8.7,8.8,8.63,15292.0,13328050.0,600512,1.52,0.13
2003-07-09,8.67,8.61,8.67,8.59,3105.0,2674977.0,600512,-1.03,-0.09
2003-07-10,8.6,8.77,8.78,8.5,7120.0,6184444.0,600512,1.86,0.16
2003-07-11,8.52,8.62,8.79,8.52,2005.0,1731040.0,600512,-1.71,-0.15
2003-07-14,8.61,8.46,8.69,8.44,2278.0,1935113.0,600512,-1.86,-0.16
2003-07-15,8.46,8.46,8.54,8.42,1782.0,1508211.0,600512,0.0,0.0
2003-07-16,8.45,8.49,8.57,8.37,2187.0,1841922.0,600512,0.35,0.03
2003-07-17,8.49,8.64,8.65,8.38,4644.0,3937951.0,600512,1.77,0.15
2003-07-18,8.64,8.88,8.9,8.38,16939.0,14672019.0,600512,2.78,0.24
2003-07-21,8.78,8.51,8.78,8.38,10238.0,8749900.0,600512,-4.17,-0.37
2003-07-22,8.51,8.55,8.63,8.49,2661.0,2275582.0,600512,0.47,0.04
2003-07-23,8.63,8.55,8.63,8.45,1497.0,1274817.0,600512,0.0,0.0
2003-07-24,8.51,8.38,8.56,8.35,2960.0,2492744.0,600512,-1.99,-0.17
2003-07-25,8.31,8.21,8.4,8.18,4385.0,3626359.0,600512,-2.03,-0.17
2003-07-28,8.22,8.07,8.23,8.05,3320.0,2701292.0,600512,-1.71,-0.14
2003-07-29,8.1,8.06,8.12,8.0,5947.0,4789276.0,600512,-0.12,-0.01
2003-07-30,8.15,8.04,8.15,7.92,4523.0,3618567.0,600512,-0.25,-0.02
2003-07-31,8.0,8.03,8.08,7.96,4857.0,3894984.0,600512,-0.12,-0.01
2003-08-01,8.03,7.96,8.03,7.9,3589.0,2850545.0,600512,-0.87,-0.07
2003-08-04,7.96,8.07,8.09,7.92,7313.0,5849885.0,600512,1.38,0.11
2003-08-06,8.17,8.06,8.18,8.0,6949.0,5588903.0,600512,-0.12,-0.01
2003-08-07,8.06,8.09,8.12,8.03,2649.0,2140925.0,600512,0.37,0.03
2003-08-08,8.09,7.92,8.09,7.9,3402.0,2710882.0,600512,-2.1,-0.17
2003-08-11,7.9,7.95,7.97,7.77,4431.0,3489770.0,600512,0.38,0.03
2003-08-12,8.04,7.99,8.04,7.9,2336.0,1864403.0,600512,0.5,0.04
2003-08-13,7.98,7.9,8.0,7.89,1942.0,1539096.0,600512,-1.13,-0.09
2003-08-14,7.9,7.86,7.95,7.85,3408.0,2695346.0,600512,-0.51,-0.04
2003-08-15,7.83,7.86,7.93,7.82,2157.0,1693753.0,600512,0.0,0.0
2003-08-18,7.85,7.81,7.86,7.79,1988.0,1553588.0,600512,-0.64,-0.05
2003-08-19,7.75,7.87,7.9,7.75,2297.0,1803077.0,600512,0.77,0.06
2003-08-20,7.85,7.85,7.89,7.77,1603.0,1253663.0,600512,-0.25,-0.02
2003-08-21,7.83,7.83,7.87,7.8,1374.0,1076226.0,600512,-0.25,-0.02
2003-08-22,7.83,7.8,7.89,7.79,2044.0,1600466.0,600512,-0.38,-0.03
2003-08-25,7.75,7.56,7.78,7.54,3508.0,2684016.0,600512,-3.08,-0.24
2003-08-26,7.58,7.57,7.62,7.5,2614.0,1975617.0,600512,0.13,0.01
2003-08-27,7.55,7.4,7.6,7.37,2612.0,1949609.0,600512,-2.25,-0.17
2003-08-28,7.39,7.41,7.49,7.39,2399.0,1779491.0,600512,0.14,0.01
2003-08-29,7.4,7.42,7.43,7.28,4398.0,3225240.0,600512,0.13,0.01
2003-09-01,7.42,7.69,7.72,7.38,8829.0,6696643.0,600512,3.64,0.27
2003-09-02,7.68,7.59,7.72,7.5,5380.0,4088978.0,600512,-1.3,-0.1
2003-09-03,7.53,7.56,7.6,7.47,2081.0,1568452.0,600512,-0.4,-0.03
2003-09-04,7.6,7.6,7.73,7.57,6408.0,4905680.0,600512,0.53,0.04
2003-09-05,7.57,7.49,7.63,7.43,2618.0,1960212.0,600512,-1.45,-0.11
2003-09-08,7.41,7.4,7.5,7.36,1515.0,1122606.0,600512,-1.2,-0.09
2003-09-09,7.53,7.4,7.65,7.33,1504.0,1113943.0,600512,0.0,0.0
2003-09-10,7.4,7.39,7.44,7.38,1384.0,1025539.0,600512,-0.14,-0.01
2003-09-11,7.4,7.38,7.45,7.37,1565.0,1159826.0,600512,-0.14,-0.01
2003-09-12,7.39,7.18,7.39,7.16,3805.0,2751038.0,600512,-2.71,-0.2
2003-09-15,7.15,7.03,7.2,7.02,2465.0,1749064.0,600512,-2.09,-0.15
2003-09-16,7.05,7.12,7.15,7.02,1819.0,1284601.0,600512,1.28,0.09
2003-09-17,7.12,7.01,7.12,6.98,2447.0,1719985.0,600512,-1.54,-0.11
2003-09-18,7.01,6.98,7.08,6.98,1566.0,1098189.0,600512,-0.43,-0.03
2003-09-19,6.98,6.99,7.03,6.93,1545.0,1077715.0,600512,0.14,0.01
2003-09-22,7.0,7.09,7.14,6.98,3518.0,2484760.0,600512,1.43,0.1
2003-09-23,7.12,7.15,7.15,7.05,1421.0,1010778.0,600512,0.85,0.06
2003-09-24,7.25,7.18,7.25,7.08,3342.0,2391435.0,600512,0.42,0.03
2003-09-25,7.15,7.02,7.15,7.01,1776.0,1259422.0,600512,-2.23,-0.16
2003-09-26,7.0,7.03,7.08,7.0,931.0,654491.0,600512,0.14,0.01
2003-09-29,7.0,6.95,7.03,6.93,1722.0,1199875.0,600512,-1.14,-0.08
2003-09-30,6.96,7.04,7.05,6.75,2751.0,1909894.0,600512,1.29,0.09
2003-10-08,6.97,6.98,7.03,6.94,922.0,644245.0,600512,-0.85,-0.06
2003-10-09,7.05,7.03,7.05,7.0,1166.0,818834.0,600512,0.72,0.05
2003-10-10,7.09,7.18,7.25,6.95,5946.0,4258338.0,600512,2.13,0.15
2003-10-13,7.25,7.39,7.54,7.25,23015.0,17027148.0,600512,2.92,0.21
2003-10-14,7.4,7.39,7.5,7.3,13058.0,9684501.0,600512,0.0,0.0
2003-10-15,7.34,7.31,7.49,7.28,5319.0,3923585.0,600512,-1.08,-0.08
2003-10-16,7.31,7.13,7.31,7.12,3042.0,2190789.0,600512,-2.46,-0.18
2003-10-17,7.1,7.12,7.2,7.1,2211.0,1582728.0,600512,-0.14,-0.01
2003-10-20,7.18,7.06,7.18,7.05,1870.0,1329033.0,600512,-0.84,-0.06
2003-10-21,7.05,7.15,7.15,7.05,1701.0,1206881.0,600512,1.27,0.09
2003-10-22,7.15,7.32,7.36,7.13,7333.0,5345108.0,600512,2.38,0.17
2003-10-23,7.35,7.25,7.43,7.23,3756.0,2748542.0,600512,-0.96,-0.07
2003-10-24,7.25,7.37,7.42,7.25,11890.0,8708967.0,600512,1.66,0.12
2003-10-27,7.38,7.22,7.38,7.11,5142.0,3728339.0,600512,-2.04,-0.15
2003-10-28,7.2,7.28,7.3,7.1,9585.0,6917303.0,600512,0.83,0.06
2003-10-29,7.27,7.18,7.39,7.06,11738.0,8519885.0,600512,-1.37,-0.1
2003-10-30,7.13,6.92,7.18,6.85,8399.0,5823294.0,600512,-3.62,-0.26
2003-10-31,6.9,7.03,7.23,6.88,28707.0,20344656.0,600512,1.59,0.11
2003-11-03,7.02,7.05,7.08,6.82,8922.0,6227788.0,600512,0.28,0.02
2003-11-04,7.05,7.18,7.27,7.01,13759.0,9838888.0,600512,1.84,0.13
2003-11-05,7.18,6.99,7.19,6.96,7286.0,5165893.0,600512,-2.65,-0.19
2003-11-06,6.98,6.66,7.0,6.62,13885.0,9382054.0,600512,-4.72,-0.33
2003-11-07,6.64,6.48,6.67,6.35,8079.0,5252189.0,600512,-2.7,-0.18
2003-11-10,6.47,6.48,6.5,6.4,4669.0,3007433.0,600512,0.0,0.0
2003-11-11,6.49,6.42,6.5,6.36,3413.0,2195681.0,600512,-0.93,-0.06
2003-11-12,6.42,6.2,6.42,6.16,3785.0,2378828.0,600512,-3.43,-0.22
2003-11-13,6.12,6.24,6.29,6.12,2843.0,1764383.0,600512,0.65,0.04
2003-11-14,6.18,6.31,6.33,6.18,1921.0,1203990.0,600512,1.12,0.07
2003-11-17,6.31,6.35,6.37,6.26,2603.0,1645568.0,600512,0.63,0.04
2003-11-18,6.25,6.2,6.27,6.2,1586.0,988115.0,600512,-2.36,-0.15
2003-11-19,6.2,6.4,6.4,6.2,3850.0,2438369.0,600512,3.23,0.2
2003-11-20,6.4,6.61,6.67,6.37,11412.0,7487399.0,600512,3.28,0.21
2003-11-21,6.66,6.45,6.7,6.43,8911.0,5862704.0,600512,-2.42,-0.16
2003-11-24,6.45,6.71,6.78,6.45,7246.0,4829295.0,600512,4.03,0.26
2003-11-25,6.75,6.77,6.89,6.68,14572.0,9887718.0,600512,0.89,0.06
2003-11-26,6.68,6.75,6.83,6.68,4584.0,3084781.0,600512,-0.3,-0.02
2003-11-27,6.75,6.57,6.78,6.54,5951.0,3949285.0,600512,-2.67,-0.18
2003-11-28,6.58,6.66,6.69,6.54,4507.0,2989472.0,600512,1.37,0.09
2003-12-01,6.68,6.81,6.81,6.66,6177.0,4180139.0,600512,2.25,0.15
2003-12-02,6.62,6.85,6.94,6.62,9170.0,6269242.0,600512,0.59,0.04
2003-12-03,6.85,6.93,7.06,6.74,14462.0,10037570.0,600512,1.17,0.08
2003-12-04,6.93,7.01,7.02,6.86,8836.0,6136666.0,600512,1.15,0.08
2003-12-05,7.03,7.0,7.05,6.89,5285.0,3683267.0,600512,-0.14,-0.01
2003-12-08,7.0,6.82,7.0,6.81,4688.0,3222493.0,600512,-2.57,-0.18
2003-12-09,6.8,6.82,6.83,6.73,3395.0,2299620.0,600512,0.0,0.0
2003-12-10,6.85,6.9,6.96,6.79,4904.0,3363963.0,600512,1.17,0.08
2003-12-11,7.0,7.0,7.0,6.9,5653.0,3925268.0,600512,1.45,0.1
2003-12-12,6.95,6.91,7.06,6.89,6356.0,4435065.0,600512,-1.29,-0.09
2003-12-15,6.99,6.9,6.99,6.85,4703.0,3251474.0,600512,-0.14,-0.01
2003-12-16,6.9,6.88,6.92,6.72,7541.0,5133810.0,600512,-0.29,-0.02
2003-12-17,6.92,6.93,7.1,6.92,21310.0,14930924.0,600512,0.73,0.05
2003-12-18,6.9,6.73,6.9,6.68,6994.0,4733216.0,600512,-2.89,-0.2
2003-12-19,6.75,6.43,6.85,6.35,10417.0,6784744.0,600512,-4.46,-0.3
2003-12-22,6.4,6.64,6.65,6.27,8790.0,5654261.0,600512,3.27,0.21
2003-12-23,6.65,6.66,6.68,6.54,5817.0,3849767.0,600512,0.3,0.02
2003-12-24,6.64,6.68,6.69,6.6,5194.0,3452155.0,600512,0.3,0.02
2003-12-25,6.7,6.57,6.72,6.55,6462.0,4271522.0,600512,-1.65,-0.11
2003-12-26,6.56,6.66,6.75,6.56,4823.0,3218427.0,600512,1.37,0.09
2003-12-29,6.66,6.55,6.66,6.51,3504.0,2299522.0,600512,-1.65,-0.11
2003-12-30,6.5,6.55,6.6,6.49,4867.0,3173436.0,600512,0.0,0.0
2003-12-31,6.55,6.53,6.58,6.46,3752.0,2443857.0,600512,-0.31,-0.02
2004-01-02,6.5,6.73,6.75,6.49,6690.0,4435106.0,600512,3.06,0.2
2004-01-05,6.72,6.94,6.97,6.68,16491.0,11367536.0,600512,3.12,0.21
2004-01-06,6.94,6.9,6.94,6.8,10911.0,7458053.0,600512,-0.58,-0.04
2004-01-07,6.9,7.0,7.1,6.85,14990.0,10532851.0,600512,1.45,0.1
2004-01-08,7.0,7.2,7.26,6.94,18194.0,13022717.0,600512,2.86,0.2
2004-01-09,7.2,6.99,7.22,6.96,13584.0,9612234.0,600512,-2.92,-0.21
2004-01-12,6.95,7.06,7.06,6.84,6127.0,4239827.0,600512,1.0,0.07
2004-01-13,7.08,7.05,7.16,6.96,7785.0,5469926.0,600512,-0.14,-0.01
2004-01-14,7.01,7.1,7.13,6.96,7249.0,5102642.0,600512,0.71,0.05
2004-01-15,7.3,7.1,7.3,7.0,8599.0,6138170.0,600512,0.0,0.0
2004-01-16,7.1,7.14,7.16,7.0,7616.0,5395085.0,600512,0.56,0.04
2004-01-29,7.15,7.33,7.34,7.08,11472.0,8306266.0,600512,2.66,0.19
2004-01-30,7.33,7.11,7.33,7.1,11174.0,8045304.0,600512,-3.0,-0.22
2004-02-02,7.19,7.37,7.38,7.0,17705.0,12842974.0,600512,3.66,0.26
2004-02-03,7.37,7.53,7.54,7.31,16767.0,12457756.0,600512,2.17,0.16
2004-02-04,7.55,7.58,7.63,7.45,17446.0,13165670.0,600512,0.66,0.05
2004-02-05,7.58,7.62,7.65,7.48,15339.0,11588914.0,600512,0.53,0.04
2004-02-06,7.6,7.46,7.6,7.42,15788.0,11865404.0,600512,-2.1,-0.16
2004-02-09,7.46,7.79,7.85,7.42,23874.0,18202062.0,600512,4.42,0.33
2004-02-10,7.8,7.85,7.87,7.63,17159.0,13295825.0,600512,0.77,0.06
2004-02-11,7.88,7.88,7.97,7.8,23800.0,18740192.0,600512,0.38,0.03
2004-02-12,7.95,7.92,8.08,7.88,16414.0,13066683.0,600512,0.51,0.04
2004-02-13,7.92,7.71,7.92,7.71,13150.0,10243116.0,600512,-2.65,-0.21
2004-02-16,7.71,7.89,7.92,7.69,10085.0,7931957.0,600512,2.33,0.18
2004-02-17,7.95,7.99,8.04,7.83,12791.0,10162310.0,600512,1.27,0.1
2004-02-18,8.03,8.14,8.15,7.9,19517.0,15665904.0,600512,1.88,0.15
2004-02-19,8.26,8.28,8.42,8.18,38451.0,31856186.0,600512,1.72,0.14
2004-02-20,8.3,8.54,8.55,8.21,27849.0,23277176.0,600512,3.14,0.26
2004-02-23,8.7,8.4,8.79,8.4,37983.0,32703872.0,600512,-1.64,-0.14
2004-02-24,8.32,8.36,8.46,8.16,18522.0,15366335.0,600512,-0.48,-0.04
2004-02-25,8.37,7.99,8.47,7.95,17827.0,14625296.0,600512,-4.43,-0.37
2004-02-26,7.94,7.82,8.03,7.75,11858.0,9335354.0,600512,-2.13,-0.17
2004-02-27,7.8,7.96,7.96,7.8,7154.0,5662576.0,600512,1.79,0.14
2004-03-01,7.96,8.09,8.1,7.84,9771.0,7772171.0,600512,1.63,0.13
2004-03-02,8.16,8.05,8.16,7.99,6862.0,5521652.0,600512,-0.49,-0.04
2004-03-03,8.0,7.83,8.06,7.81,7623.0,6018433.0,600512,-2.73,-0.22
2004-03-04,7.83,7.89,7.92,7.7,5052.0,3956940.0,600512,0.77,0.06
2004-03-05,7.91,7.83,7.95,7.83,6382.0,5037864.0,600512,-0.76,-0.06
2004-03-08,7.82,7.69,7.9,7.67,5724.0,4459380.0,600512,-1.79,-0.14
2004-03-09,7.67,7.55,7.75,7.53,5138.0,3933436.0,600512,-1.82,-0.14
2004-03-10,7.53,7.8,7.84,7.53,7026.0,5398385.0,600512,3.31,0.25
2004-03-11,7.79,7.91,7.95,7.77,7316.0,5781689.0,600512,1.41,0.11
2004-03-12,7.88,7.87,7.97,7.81,4138.0,3258295.0,600512,-0.51,-0.04
2004-03-15,7.86,8.06,8.08,7.81,8468.0,6751610.0,600512,2.41,0.19
2004-03-16,8.1,8.07,8.14,7.98,6813.0,5489983.0,600512,0.12,0.01
2004-03-17,8.09,8.03,8.09,7.94,6744.0,5395059.0,600512,-0.5,-0.04
2004-03-18,7.98,7.83,8.06,7.82,5666.0,4498647.0,600512,-2.49,-0.2
2004-03-19,7.8,8.0,8.0,7.8,4960.0,3909731.0,600512,2.17,0.17
2004-03-22,8.03,8.07,8.09,7.96,5883.0,4725258.0,600512,0.88,0.07
2004-03-23,8.03,8.01,8.08,7.92,4352.0,3481261.0,600512,-0.74,-0.06
2004-03-24,8.01,8.09,8.14,7.95,6874.0,5548922.0,600512,1.0,0.08
2004-03-25,8.05,8.24,8.25,8.04,8215.0,6672199.0,600512,1.85,0.15
2004-03-26,8.3,8.17,8.3,8.14,6860.0,5621490.0,600512,-0.85,-0.07
2004-03-29,8.18,8.05,8.21,8.03,5712.0,4646173.0,600512,-1.47,-0.12
2004-03-30,8.05,8.11,8.11,7.97,6376.0,5119704.0,600512,0.75,0.06
2004-03-31,8.12,8.19,8.23,8.04,6092.0,4968600.0,600512,0.99,0.08
2004-04-01,8.19,8.31,8.34,8.16,10063.0,8337695.0,600512,1.47,0.12
2004-04-02,8.33,8.4,8.45,8.3,13383.0,11222872.0,600512,1.08,0.09
2004-04-05,8.42,8.61,8.62,8.36,19764.0,16856412.0,600512,2.5,0.21
2004-04-06,8.6,8.65,8.75,8.53,14835.0,12818487.0,600512,0.46,0.04
2004-04-07,8.68,8.55,8.71,8.54,9688.0,8335166.0,600512,-1.16,-0.1
2004-04-08,8.53,8.55,8.59,8.46,10533.0,8972315.0,600512,0.0,0.0
2004-04-09,8.53,8.56,8.93,8.53,35823.0,31236548.0,600512,0.12,0.01
2004-04-12,8.39,8.16,8.39,7.75,17299.0,14181666.0,600512,-4.67,-0.4
2004-04-13,8.18,8.02,8.24,8.0,10852.0,8817029.0,600512,-1.72,-0.14
2004-04-14,8.02,7.92,8.07,7.82,9616.0,7619684.0,600512,-1.25,-0.1
2004-04-15,7.95,7.81,8.02,7.75,5806.0,4585435.0,600512,-1.39,-0.11
2004-04-16,7.81,7.82,7.88,7.6,7013.0,5435878.0,600512,0.13,0.01
2004-04-19,7.82,7.7,7.84,7.7,4026.0,3124726.0,600512,-1.53,-0.12
2004-04-20,7.78,7.72,7.81,7.7,3745.0,2904097.0,600512,0.26,0.02
2004-04-21,7.73,7.77,7.86,7.68,3620.0,2806104.0,600512,0.65,0.05
2004-04-22,7.75,7.84,7.86,7.75,2276.0,1776705.0,600512,0.9,0.07
2004-04-23,7.8,7.63,7.84,7.61,3600.0,2784534.0,600512,-2.68,-0.21
2004-04-26,7.87,7.66,7.87,7.61,2556.0,1961425.0,600512,0.39,0.03
2004-04-27,7.76,7.51,7.79,7.48,4399.0,3360066.0,600512,-1.96,-0.15
2004-04-28,7.48,7.6,7.65,7.48,3577.0,2707939.0,600512,1.2,0.09
2004-04-29,7.62,7.45,7.66,7.45,2286.0,1725559.0,600512,-1.97,-0.15
2004-04-30,7.49,7.43,7.58,7.34,2647.0,1976328.0,600512,-0.27,-0.02
2004-05-10,7.42,7.06,7.42,7.05,3790.0,2740212.0,600512,-4.98,-0.37
2004-05-11,7.13,7.21,7.25,7.1,2481.0,1777121.0,600512,2.12,0.15
2004-05-12,7.21,7.39,7.39,7.15,2326.0,1700990.0,600512,2.5,0.18
2004-05-13,7.39,7.34,7.39,7.27,1887.0,1380580.0,600512,-0.68,-0.05
2004-05-14,7.32,7.14,7.32,7.13,1759.0,1264657.0,600512,-2.72,-0.2
2004-05-18,7.07,7.29,7.3,7.02,1899.0,1361841.0,600512,2.1,0.15
2004-05-19,7.3,7.28,7.36,7.23,2294.0,1678183.0,600512,-0.14,-0.01
2004-05-20,7.25,7.2,7.34,7.15,1346.0,973591.0,600512,-1.1,-0.08
2004-05-21,7.2,7.27,7.27,7.16,1140.0,819475.0,600512,0.97,0.07
2004-05-24,7.29,7.18,7.32,7.17,550.0,397008.0,600512,-1.24,-0.09
2004-05-25,7.22,6.96,7.22,6.92,2325.0,1635586.0,600512,-3.06,-0.22
2004-05-26,7.0,6.97,7.01,6.9,2289.0,1591389.0,600512,0.14,0.01
2004-05-27,6.95,7.14,7.17,6.93,2093.0,1485284.0,600512,2.44,0.17
2004-05-28,7.14,7.06,7.17,7.03,1077.0,764133.0,600512,-1.12,-0.08
2004-05-31,7.0,7.07,7.07,7.0,1253.0,881976.0,600512,0.14,0.01
2004-06-01,7.08,7.29,7.33,7.02,4696.0,3375707.0,600512,3.11,0.22
2004-06-02,7.29,7.26,7.32,7.22,3710.0,2695542.0,600512,-0.41,-0.03
2004-06-03,7.27,7.12,7.28,7.1,2437.0,1747941.0,600512,-1.93,-0.14
2004-06-04,7.12,7.13,7.17,7.1,1543.0,1101050.0,600512,0.14,0.01
2004-06-07,7.09,7.01,7.1,6.95,1408.0,989334.0,600512,-1.68,-0.12
2004-06-08,6.98,6.93,7.04,6.92,2171.0,1514058.0,600512,-1.14,-0.08
2004-06-09,6.94,6.85,7.08,6.79,1957.0,1356246.0,600512,-1.15,-0.08
2004-06-10,6.95,6.75,6.95,6.73,1972.0,1341008.0,600512,-1.46,-0.1
2004-06-11,6.61,6.67,6.84,6.61,1681.0,1134517.0,600512,-1.19,-0.08
2004-06-14,6.62,6.43,6.65,6.4,2049.0,1328569.0,600512,-3.6,-0.24
2004-06-15,6.48,6.6,6.61,6.44,1978.0,1287442.0,600512,2.64,0.17
2004-06-16,6.6,6.59,6.7,6.51,2179.0,1438510.0,600512,-0.15,-0.01
2004-06-17,6.57,6.43,6.63,6.42,1543.0,1006267.0,600512,-2.43,-0.16
2004-06-18,6.39,6.4,6.45,6.38,1535.0,983108.0,600512,-0.47,-0.03
2004-06-21,6.41,6.57,6.6,6.41,1319.0,860902.0,600512,2.66,0.17
2004-06-22,6.57,6.65,6.65,6.5,1933.0,1277029.0,600512,1.22,0.08
2004-06-23,6.65,6.58,6.65,6.47,1139.0,744191.0,600512,-1.05,-0.07
2004-06-24,6.6,6.6,6.67,6.6,1890.0,1254162.0,600512,0.3,0.02
2004-06-25,6.6,6.47,6.62,6.45,2174.0,1417080.0,600512,-1.97,-0.13
2004-06-28,6.41,6.35,6.42,6.3,1643.0,1043331.0,600512,-1.85,-0.12
2004-06-29,6.3,6.36,6.39,6.26,2358.0,1489319.0,600512,0.16,0.01
2004-06-30,6.31,6.27,6.35,6.25,1425.0,899073.0,600512,-1.42,-0.09
2004-07-01,6.27,6.4,6.45,6.27,3281.0,2097643.0,600512,2.07,0.13
2004-07-02,6.45,6.4,6.45,6.34,1858.0,1185343.0,600512,0.0,0.0
2004-07-05,6.4,6.32,6.4,6.3,2059.0,1303188.0,600512,-1.25,-0.08
2004-07-06,6.35,6.52,6.54,6.33,5652.0,3649686.0,600512,3.16,0.2
2004-07-07,6.5,6.34,6.5,6.33,2566.0,1644925.0,600512,-2.76,-0.18
2004-07-08,6.31,6.48,6.53,6.3,3151.0,2032940.0,600512,2.21,0.14
2004-07-09,6.5,6.58,6.77,6.48,9718.0,6443630.0,600512,1.54,0.1
2004-07-12,6.58,6.39,6.58,6.35,3296.0,2119393.0,600512,-2.89,-0.19
2004-07-13,6.39,6.41,6.44,6.35,1542.0,985369.0,600512,0.31,0.02
2004-07-14,6.46,6.28,6.46,6.15,2702.0,1696005.0,600512,-2.03,-0.13
2004-07-15,6.3,6.35,6.42,6.22,1881.0,1184610.0,600512,1.11,0.07
2004-07-16,6.36,6.57,6.58,6.35,3807.0,2473492.0,600512,3.46,0.22
2004-07-19,6.51,6.58,6.6,6.49,3303.0,2166018.0,600512,0.15,0.01
2004-07-20,6.62,6.52,6.62,6.47,1634.0,1061718.0,600512,-0.91,-0.06
2004-07-21,6.5,6.52,6.53,6.45,1498.0,973478.0,600512,0.0,0.0
2004-07-22,6.58,6.37,6.58,6.31,1712.0,1097554.0,600512,-2.3,-0.15
2004-07-23,6.25,6.32,6.32,6.2,2095.0,1309879.0,600512,-0.78,-0.05
2004-07-26,6.2,6.18,6.24,6.16,1178.0,729814.0,600512,-2.22,-0.14
2004-07-27,6.16,6.18,6.26,6.13,1546.0,956941.0,600512,0.0,0.0
2004-07-28,6.2,6.23,6.28,6.18,772.0,481628.0,600512,0.81,0.05
2004-07-29,6.24,6.31,6.31,6.24,1108.0,694696.0,600512,1.28,0.08
2004-07-30,6.32,6.18,6.32,6.16,1262.0,786800.0,600512,-2.06,-0.13
2004-08-02,6.22,6.07,6.22,6.05,2495.0,1521198.0,600512,-1.78,-0.11
2004-08-03,6.03,5.99,6.11,5.98,2805.0,1688955.0,600512,-1.32,-0.08
2004-08-04,6.03,6.16,6.23,5.98,3579.0,2191863.0,600512,2.84,0.17
2004-08-05,6.12,6.05,6.18,6.04,1491.0,909166.0,600512,-1.79,-0.11
2004-08-06,6.06,6.06,6.11,6.04,1104.0,670435.0,600512,0.17,0.01
2004-08-09,6.01,6.07,6.1,6.01,653.0,396542.0,600512,0.17,0.01
2004-08-10,6.18,6.15,6.18,6.08,1050.0,642958.0,600512,1.32,0.08
2004-08-11,6.15,6.1,6.15,6.06,869.0,529497.0,600512,-0.81,-0.05
2004-08-12,6.02,6.0,6.06,5.96,1479.0,888068.0,600512,-1.64,-0.1
2004-08-13,5.96,6.0,6.07,5.95,1066.0,639160.0,600512,0.0,0.0
2004-08-16,5.92,5.82,5.99,5.79,1735.0,1017466.0,600512,-3.0,-0.18
2004-08-17,5.82,5.88,5.9,5.8,913.0,534938.0,600512,1.03,0.06
2004-08-18,5.86,5.89,5.94,5.86,600.0,354562.0,600512,0.17,0.01
2004-08-19,5.9,5.8,5.9,5.66,1424.0,825727.0,600512,-1.53,-0.09
2004-08-20,5.79,5.74,5.84,5.66,1913.0,1096209.0,600512,-1.03,-0.06
2004-08-23,5.75,5.77,5.79,5.7,731.0,420065.0,600512,0.52,0.03
2004-08-24,5.75,5.89,5.9,5.75,1883.0,1103337.0,600512,2.08,0.12
2004-08-25,5.88,5.9,5.95,5.84,1201.0,708897.0,600512,0.17,0.01
2004-08-26,5.88,5.88,5.93,5.84,917.0,541278.0,600512,-0.34,-0.02
2004-08-27,5.83,5.84,5.9,5.81,679.0,397098.0,600512,-0.68,-0.04
2004-08-30,5.8,5.8,5.95,5.73,1134.0,659518.0,600512,-0.68,-0.04
2004-08-31,5.97,5.93,6.04,5.89,2994.0,1781558.0,600512,2.24,0.13
2004-09-01,5.93,5.8,5.94,5.8,898.0,525041.0,600512,-2.19,-0.13
2004-09-02,5.79,5.85,5.89,5.71,1164.0,672954.0,600512,0.86,0.05
2004-09-03,5.9,5.9,5.92,5.8,1121.0,660293.0,600512,0.85,0.05
2004-09-06,5.86,5.89,5.91,5.83,716.0,420708.0,600512,-0.17,-0.01
2004-09-07,5.85,5.87,5.94,5.83,518.0,303411.0,600512,-0.34,-0.02
2004-09-08,5.87,5.83,5.88,5.82,476.0,278118.0,600512,-0.68,-0.04
2004-09-09,5.77,5.74,5.79,5.68,1412.0,808497.0,600512,-1.54,-0.09
2004-09-10,5.72,5.8,5.83,5.68,718.0,412108.0,600512,1.05,0.06
2004-09-13,5.75,5.59,5.8,5.57,1192.0,674465.0,600512,-3.62,-0.21
2004-09-14,5.62,5.75,5.77,5.62,1880.0,1075223.0,600512,2.86,0.16
2004-09-15,5.73,5.98,6.09,5.71,6633.0,3963490.0,600512,4.0,0.23
2004-09-16,6.04,6.07,6.08,5.96,3993.0,2408442.0,600512,1.51,0.09
2004-09-17,6.07,6.22,6.23,6.01,6968.0,4283060.0,600512,2.47,0.15
2004-09-20,6.38,6.47,6.48,6.27,13646.0,8688064.0,600512,4.02,0.25
2004-09-21,6.4,6.35,6.48,6.33,8040.0,5146197.0,600512,-1.85,-0.12
2004-09-22,6.35,6.21,6.39,6.2,7982.0,5017347.0,600512,-2.2,-0.14
2004-09-23,6.18,6.31,6.34,6.15,4906.0,3062006.0,600512,1.61,0.1
2004-09-24,6.32,6.17,6.43,6.16,9262.0,5880671.0,600512,-2.22,-0.14
2004-09-27,6.17,6.1,6.35,6.04,4579.0,2829105.0,600512,-1.13,-0.07
2004-09-28,6.1,6.1,6.17,6.06,2682.0,1637057.0,600512,0.0,0.0
2004-09-29,6.12,6.03,6.13,6.03,1986.0,1206381.0,600512,-1.15,-0.07
2004-09-30,6.0,5.95,6.09,5.92,2693.0,1610288.0,600512,-1.33,-0.08
2004-10-08,5.94,6.09,6.1,5.87,1414.0,845299.0,600512,2.35,0.14
2004-10-11,6.11,6.11,6.26,6.07,4944.0,3054814.0,600512,0.33,0.02
2004-10-12,6.1,5.95,6.14,5.95,4010.0,2419000.0,600512,-2.62,-0.16
2004-10-13,5.95,5.98,6.0,5.89,5104.0,3028542.0,600512,0.5,0.03
2004-10-14,5.98,5.72,5.98,5.7,4466.0,2598247.0,600512,-4.35,-0.26
2004-10-15,5.73,5.66,5.77,5.54,3091.0,1753889.0,600512,-1.05,-0.06
2004-10-19,5.7,5.7,5.8,5.62,2584.0,1474181.0,600512,0.71,0.04
2004-10-20,5.68,5.59,5.68,5.53,3209.0,1789378.0,600512,-1.93,-0.11
2004-10-21,5.58,5.37,5.62,5.35,3997.0,2191219.0,600512,-3.94,-0.22
2004-10-22,5.3,5.38,5.4,5.18,4039.0,2141706.0,600512,0.19,0.01
2004-10-25,5.5,5.54,5.64,5.5,5371.0,2997816.0,600512,2.97,0.16
2004-10-26,5.58,5.71,5.74,5.5,4258.0,2396380.0,600512,3.07,0.17
2004-10-27,5.71,5.8,5.82,5.66,3602.0,2065828.0,600512,1.58,0.09
2004-10-28,5.8,5.7,5.82,5.7,3114.0,1798302.0,600512,-1.72,-0.1
2004-10-29,5.64,5.53,5.66,5.5,4142.0,2308907.0,600512,-2.98,-0.17
2004-11-01,5.48,5.49,5.55,5.43,2707.0,1486172.0,600512,-0.72,-0.04
2004-11-02,5.43,5.48,5.56,5.41,1680.0,917431.0,600512,-0.18,-0.01
2004-11-03,5.55,5.61,5.62,5.46,2735.0,1513156.0,600512,2.37,0.13
2004-11-04,6.1,6.17,6.17,5.81,19840.0,12221894.0,600512,9.98,0.56
2004-11-05,6.3,6.06,6.35,5.98,55145.0,34203076.0,600512,-1.78,-0.11
2004-11-08,5.97,6.04,6.14,5.9,15485.0,9303580.0,600512,-0.33,-0.02
2004-11-09,6.0,5.97,6.12,5.93,12475.0,7485458.0,600512,-1.16,-0.07
2004-11-10,6.0,6.26,6.28,5.95,22646.0,13899521.0,600512,4.86,0.29
2004-11-11,6.26,6.11,6.3,6.11,23024.0,14283632.0,600512,-2.4,-0.15
2004-11-12,6.12,6.12,6.2,6.01,8867.0,5399581.0,600512,0.16,0.01
2004-11-15,6.13,6.12,6.2,6.04,13586.0,8313623.0,600512,0.0,0.0
2004-11-16,6.12,6.24,6.25,6.07,11233.0,6950642.0,600512,1.96,0.12
2004-11-17,6.22,6.09,6.24,6.06,6148.0,3767289.0,600512,-2.4,-0.15
2004-11-18,6.1,6.22,6.23,6.06,4511.0,2785090.0,600512,2.13,0.13
2004-11-19,6.22,6.31,6.35,6.21,12579.0,7915230.0,600512,1.45,0.09
2004-11-22,6.33,6.32,6.38,6.25,8780.0,5548807.0,600512,0.16,0.01
2004-11-23,6.32,6.31,6.33,6.21,7785.0,4877169.0,600512,-0.16,-0.01
2004-11-24,6.3,6.25,6.38,6.25,6433.0,4062963.0,600512,-0.95,-0.06
2004-11-25,6.21,6.14,6.25,6.13,4994.0,3079818.0,600512,-1.76,-0.11
2004-11-26,6.14,6.17,6.2,6.13,2534.0,1561660.0,600512,0.49,0.03
2004-11-29,6.15,6.02,6.15,6.01,3707.0,2249865.0,600512,-2.43,-0.15
2004-11-30,6.0,6.05,6.07,5.96,3983.0,2394287.0,600512,0.5,0.03
2004-12-01,6.05,6.05,6.09,5.99,2140.0,1292028.0,600512,0.0,0.0
2004-12-02,6.02,6.07,6.1,5.98,2561.0,1548411.0,600512,0.33,0.02
2004-12-03,6.06,6.12,6.18,6.06,3175.0,1949706.0,600512,0.82,0.05
2004-12-06,6.12,6.16,6.17,6.09,2892.0,1772262.0,600512,0.65,0.04
2004-12-07,6.16,6.03,6.18,6.0,4654.0,2826533.0,600512,-2.11,-0.13
2004-12-08,6.06,6.05,6.14,6.01,1535.0,928517.0,600512,0.33,0.02
2004-12-09,6.03,6.1,6.17,6.02,2522.0,1539291.0,600512,0.83,0.05
2004-12-10,6.05,5.88,6.12,5.87,3847.0,2294910.0,600512,-3.61,-0.22
2004-12-13,5.87,5.78,5.88,5.76,2389.0,1388321.0,600512,-1.7,-0.1
2004-12-14,5.8,5.78,5.9,5.78,1060.0,617742.0,600512,0.0,0.0
2004-12-15,5.79,5.82,5.88,5.74,2834.0,1643732.0,600512,0.69,0.04
2004-12-16,5.8,5.77,5.86,5.77,1483.0,862109.0,600512,-0.86,-0.05
2004-12-17,5.74,5.69,5.77,5.68,2030.0,1161694.0,600512,-1.39,-0.08
2004-12-20,5.67,5.68,5.75,5.63,1186.0,673650.0,600512,-0.18,-0.01
2004-12-21,5.7,5.67,5.76,5.64,724.0,411472.0,600512,-0.18,-0.01
2004-12-22,5.71,5.85,5.89,5.71,2456.0,1424918.0,600512,3.17,0.18
2004-12-23,5.82,5.74,5.86,5.72,669.0,387041.0,600512,-1.88,-0.11
2004-12-24,5.7,5.75,5.78,5.7,987.0,566915.0,600512,0.17,0.01
2004-12-27,5.73,5.77,5.82,5.73,411.0,237162.0,600512,0.35,0.02
2004-12-28,5.85,5.82,5.85,5.76,1023.0,593348.0,600512,0.87,0.05
2004-12-29,5.83,5.74,5.83,5.73,752.0,434080.0,600512,-1.37,-0.08
2004-12-30,5.75,5.71,5.81,5.68,1159.0,662207.0,600512,-0.52,-0.03
2004-12-31,5.61,5.65,5.77,5.61,1353.0,766835.0,600512,-1.05,-0.06
2005-01-04,5.53,5.57,5.69,5.52,971.0,541938.0,600512,-1.42,-0.08
2005-01-05,5.58,5.7,5.7,5.58,767.0,433534.0,600512,2.33,0.13
2005-01-06,5.68,5.6,5.68,5.58,806.0,453796.0,600512,-1.75,-0.1
2005-01-07,5.55,5.65,5.75,5.55,693.0,393449.0,600512,0.89,0.05
2005-01-10,5.66,5.74,5.75,5.61,583.0,333076.0,600512,1.59,0.09
2005-01-11,5.74,5.71,5.77,5.66,915.0,522056.0,600512,-0.52,-0.03
2005-01-12,5.68,5.73,5.75,5.67,591.0,336937.0,600512,0.35,0.02
2005-01-13,5.71,5.69,5.75,5.67,1337.0,761996.0,600512,-0.7,-0.04
2005-01-14,5.69,5.6,5.73,5.58,933.0,529851.0,600512,-1.58,-0.09
2005-01-17,5.58,5.43,5.58,5.38,2261.0,1235199.0,600512,-3.04,-0.17
2005-01-18,5.44,5.48,5.51,5.38,1317.0,714283.0,600512,0.92,0.05
2005-01-19,5.41,5.45,5.48,5.39,1667.0,904044.0,600512,-0.55,-0.03
2005-01-20,5.4,5.33,5.44,5.33,1141.0,612852.0,600512,-2.2,-0.12
2005-01-21,5.41,5.47,5.53,5.3,1762.0,957861.0,600512,2.63,0.14
2005-01-24,5.6,5.58,5.64,5.52,2537.0,1413643.0,600512,2.01,0.11
2005-01-25,5.58,5.5,5.58,5.43,1393.0,763312.0,600512,-1.43,-0.08
2005-01-26,5.47,5.42,5.49,5.4,1612.0,876023.0,600512,-1.45,-0.08
2005-01-27,5.42,5.38,5.44,5.38,758.0,409965.0,600512,-0.74,-0.04
2005-01-28,5.33,5.29,5.38,5.22,1482.0,785516.0,600512,-1.67,-0.09
2005-01-31,5.25,5.16,5.3,5.12,1583.0,824112.0,600512,-2.46,-0.13
2005-02-01,5.16,5.14,5.21,5.12,1945.0,1005860.0,600512,-0.39,-0.02
2005-02-02,5.14,5.38,5.4,5.13,2480.0,1311989.0,600512,4.67,0.24
2005-02-03,5.4,5.3,5.42,5.3,2117.0,1134766.0,600512,-1.49,-0.08
2005-02-04,5.29,5.38,5.45,5.26,1885.0,1011776.0,600512,1.51,0.08
2005-02-16,5.41,5.43,5.59,5.41,1599.0,876534.0,600512,0.93,0.05
2005-02-17,5.35,5.4,5.42,5.35,768.0,413982.0,600512,-0.55,-0.03
2005-02-18,5.41,5.36,5.42,5.36,1189.0,641869.0,600512,-0.74,-0.04
2005-02-21,5.36,5.47,5.47,5.33,1207.0,654540.0,600512,2.05,0.11
2005-02-22,5.49,5.56,5.62,5.47,3123.0,1734570.0,600512,1.65,0.09
2005-02-23,5.56,5.61,5.67,5.52,4462.0,2508182.0,600512,0.9,0.05
2005-02-24,5.58,5.65,5.68,5.55,3099.0,1740147.0,600512,0.71,0.04
2005-02-25,5.7,5.72,5.9,5.7,9773.0,5666943.0,600512,1.24,0.07
2005-02-28,5.71,5.66,5.74,5.63,3009.0,1707944.0,600512,-1.05,-0.06
2005-03-01,5.63,5.68,5.74,5.62,1664.0,941566.0,600512,0.35,0.02
2005-03-02,5.68,5.6,5.74,5.58,2262.0,1281520.0,600512,-1.41,-0.08
2005-03-03,5.58,5.6,5.64,5.55,2160.0,1205966.0,600512,0.0,0.0
2005-03-04,5.58,5.56,5.65,5.55,1928.0,1078173.0,600512,-0.71,-0.04
2005-03-07,5.6,5.68,5.72,5.6,2232.0,1263599.0,600512,2.16,0.12
2005-03-08,5.68,5.77,5.78,5.61,2809.0,1607545.0,600512,1.58,0.09
2005-03-09,5.8,5.84,5.85,5.76,3681.0,2135878.0,600512,1.21,0.07
2005-03-10,5.83,5.68,5.83,5.66,3199.0,1835223.0,600512,-2.74,-0.16
2005-03-11,5.62,5.91,5.92,5.62,5580.0,3244989.0,600512,4.05,0.23
2005-03-14,5.9,5.88,5.94,5.83,9021.0,5302993.0,600512,-0.51,-0.03
2005-03-15,5.6,5.93,6.12,5.6,15786.0,9451665.0,600512,0.85,0.05
2005-03-16,5.89,5.77,5.97,5.74,5551.0,3243254.0,600512,-2.7,-0.16
2005-03-17,5.77,5.75,5.89,5.73,4145.0,2403851.0,600512,-0.35,-0.02
2005-03-18,5.75,5.58,5.78,5.57,4712.0,2656379.0,600512,-2.96,-0.17
2005-03-21,5.56,5.53,5.63,5.5,4021.0,2227023.0,600512,-0.9,-0.05
2005-03-22,5.53,5.42,5.54,5.32,4200.0,2279017.0,600512,-1.99,-0.11
2005-03-23,5.41,5.47,5.53,5.36,3144.0,1710749.0,600512,0.92,0.05
2005-03-24,5.61,5.64,5.73,5.52,6337.0,3571963.0,600512,3.11,0.17
2005-03-25,5.66,5.58,5.68,5.57,1628.0,913436.0,600512,-1.06,-0.06
2005-03-28,5.58,5.54,5.58,5.39,2154.0,1176551.0,600512,-0.72,-0.04
2005-03-29,5.55,5.5,5.59,5.48,1408.0,778589.0,600512,-0.72,-0.04
2005-03-30,5.41,5.35,5.5,5.35,1909.0,1031737.0,600512,-2.73,-0.15
2005-03-31,5.33,5.41,5.45,5.3,1928.0,1033727.0,600512,1.12,0.06
2005-04-01,5.36,5.59,5.68,5.36,3196.0,1766760.0,600512,3.33,0.18
2005-04-04,5.55,5.46,5.62,5.45,2530.0,1400852.0,600512,-2.33,-0.13
2005-04-05,5.46,5.43,5.58,5.42,1544.0,847647.0,600512,-0.55,-0.03
2005-04-06,5.45,5.6,5.68,5.4,3063.0,1699238.0,600512,3.13,0.17
2005-04-07,5.59,5.68,5.79,5.58,6880.0,3935783.0,600512,1.43,0.08
2005-04-08,5.63,5.8,5.82,5.6,3637.0,2090773.0,600512,2.11,0.12
2005-04-11,5.8,5.7,5.83,5.69,3780.0,2177349.0,600512,-1.72,-0.1
2005-04-12,5.7,5.61,5.73,5.6,2524.0,1423226.0,600512,-1.58,-0.09
2005-04-13,5.73,5.72,5.79,5.63,4518.0,2576229.0,600512,1.96,0.11
2005-04-14,5.72,5.57,5.72,5.56,4186.0,2361795.0,600512,-2.62,-0.15
2005-04-15,5.55,5.44,5.55,5.42,4085.0,2235806.0,600512,-2.33,-0.13
2005-04-18,5.44,5.42,5.44,5.35,2709.0,1456391.0,600512,-0.37,-0.02
2005-04-19,5.42,5.45,5.45,5.35,2090.0,1126444.0,600512,0.55,0.03
2005-04-20,5.4,5.38,5.4,5.31,2435.0,1300727.0,600512,-1.28,-0.07
2005-04-21,5.37,5.34,5.44,5.31,2535.0,1359986.0,600512,-0.74,-0.04
2005-04-26,5.11,4.86,5.11,4.81,12150.0,5959264.0,600512,-8.99,-0.48
2005-04-27,4.9,4.8,4.95,4.75,5542.0,2684439.0,600512,-1.23,-0.06
2005-04-28,4.77,4.89,4.93,4.73,3793.0,1842921.0,600512,1.88,0.09
2005-04-29,4.88,4.86,4.96,4.82,2163.0,1050899.0,600512,-0.61,-0.03
2005-05-09,4.82,4.6,4.84,4.58,2444.0,1150018.0,600512,-5.35,-0.26
2005-05-10,4.58,4.58,4.65,4.44,2818.0,1276948.0,600512,-0.43,-0.02
2005-05-11,4.56,4.58,4.63,4.53,2836.0,1302507.0,600512,0.0,0.0
2005-05-12,4.58,4.6,4.65,4.5,1919.0,877943.0,600512,0.44,0.02
2005-05-13,4.6,4.67,4.67,4.59,2493.0,1155565.0,600512,1.52,0.07
2005-05-16,4.67,4.61,4.67,4.6,1293.0,596631.0,600512,-1.28,-0.06
2005-05-17,4.6,4.68,4.71,4.6,1726.0,807080.0,600512,1.52,0.07
2005-05-18,4.64,4.61,4.64,4.52,789.0,362982.0,600512,-1.5,-0.07
2005-05-19,4.56,4.65,4.68,4.56,1617.0,746138.0,600512,0.87,0.04
2005-05-20,4.65,4.69,4.75,4.63,2080.0,978475.0,600512,0.86,0.04
2005-05-23,4.69,4.52,4.69,4.5,1524.0,692871.0,600512,-3.62,-0.17
2005-05-24,4.54,4.57,4.62,4.51,2571.0,1171154.0,600512,1.11,0.05
2005-05-25,4.55,4.58,4.65,4.55,2460.0,1130689.0,600512,0.22,0.01
2005-05-26,4.56,4.56,4.65,4.56,1101.0,506867.0,600512,-0.44,-0.02
2005-05-27,4.57,4.45,4.63,4.4,2985.0,1347049.0,600512,-2.41,-0.11
2005-05-30,4.49,4.53,4.57,4.43,2361.0,1063504.0,600512,1.8,0.08
2005-05-31,4.58,4.58,4.61,4.54,2346.0,1071516.0,600512,1.1,0.05
2005-06-01,4.62,4.58,4.74,4.57,8467.0,3944267.0,600512,0.0,0.0
2005-06-02,4.5,4.5,4.58,4.47,2432.0,1099597.0,600512,-1.75,-0.08
2005-06-03,4.54,4.56,4.63,4.5,1410.0,642502.0,600512,1.33,0.06
2005-06-06,4.57,4.59,4.6,4.5,2904.0,1324313.0,600512,0.66,0.03
2005-06-07,4.64,4.55,4.65,4.55,3126.0,1439190.0,600512,-0.87,-0.04
2005-06-08,4.6,4.9,4.94,4.58,12241.0,5889959.0,600512,7.69,0.35
2005-06-09,4.9,4.86,4.93,4.8,8441.0,4110527.0,600512,-0.82,-0.04
2005-06-10,4.83,4.88,4.95,4.81,6416.0,3131009.0,600512,0.41,0.02
2005-06-13,4.88,4.87,4.94,4.83,2774.0,1353722.0,600512,-0.2,-0.01
2005-06-14,4.88,4.79,4.92,4.78,5007.0,2429292.0,600512,-1.64,-0.08
2005-06-15,4.81,4.69,4.99,4.66,3266.0,1553650.0,600512,-2.09,-0.1
2005-06-16,4.75,4.68,4.75,4.57,3594.0,1670848.0,600512,-0.21,-0.01
2005-06-17,4.69,4.6,4.73,4.58,3264.0,1506319.0,600512,-1.71,-0.08
2005-06-20,4.62,4.75,4.75,4.52,4574.0,2131012.0,600512,3.26,0.15
2005-06-21,4.75,4.7,4.76,4.68,1975.0,931365.0,600512,-1.05,-0.05
2005-06-22,4.63,4.73,4.76,4.63,1919.0,901617.0,600512,0.64,0.03
2005-06-23,4.75,4.69,4.81,4.68,2642.0,1256247.0,600512,-0.85,-0.04
2005-06-24,4.66,4.7,4.75,4.64,1148.0,538822.0,600512,0.21,0.01
2005-06-27,4.79,4.85,4.92,4.74,4924.0,2385286.0,600512,3.19,0.15
2005-06-28,4.85,4.81,4.89,4.76,3263.0,1570041.0,600512,-0.82,-0.04
2005-06-29,4.82,4.79,4.9,4.79,2477.0,1199842.0,600512,-0.42,-0.02
2005-06-30,4.77,4.65,4.77,4.62,2786.0,1311437.0,600512,-2.92,-0.14
2005-07-01,4.64,4.64,4.7,4.55,4978.0,2305057.0,600512,-0.22,-0.01
2005-07-04,4.92,4.76,4.96,4.73,26096.0,12535809.0,600512,2.59,0.12
2005-07-05,4.65,4.65,4.76,4.62,5299.0,2484578.0,600512,-2.31,-0.11
2005-07-06,4.7,4.63,4.74,4.59,3815.0,1776479.0,600512,-0.43,-0.02
2005-07-07,4.63,4.56,4.66,4.54,3969.0,1814773.0,600512,-1.51,-0.07
2005-07-08,4.54,4.35,4.57,4.35,4452.0,1974428.0,600512,-4.61,-0.21
2005-07-12,4.25,4.36,4.4,4.13,8056.0,3435707.0,600512,0.23,0.01
2005-07-13,4.35,4.33,4.4,4.3,4112.0,1787948.0,600512,-0.69,-0.03
2005-07-14,4.28,4.24,4.38,4.24,2911.0,1251743.0,600512,-2.08,-0.09
2005-07-15,4.2,4.12,4.3,4.06,4339.0,1797763.0,600512,-2.83,-0.12
2005-07-18,4.09,4.11,4.28,3.99,3423.0,1395992.0,600512,-0.24,-0.01
2005-07-19,4.03,4.11,4.16,4.02,1577.0,646241.0,600512,0.0,0.0
2005-07-20,4.14,4.18,4.26,4.11,3117.0,1301810.0,600512,1.7,0.07
2005-07-21,4.16,4.13,4.22,4.09,1408.0,584385.0,600512,-1.2,-0.05
2005-07-22,4.2,4.26,4.3,4.14,4484.0,1904766.0,600512,3.15,0.13
2005-07-25,4.24,4.2,4.26,4.18,1593.0,671024.0,600512,-1.41,-0.06
2005-07-26,4.24,4.32,4.32,4.24,4302.0,1840937.0,600512,2.86,0.12
2005-07-27,4.32,4.36,4.36,4.28,3264.0,1408294.0,600512,0.93,0.04
2005-07-28,4.34,4.29,4.36,4.28,4147.0,1788244.0,600512,-1.61,-0.07
2005-07-29,4.25,4.25,4.29,4.22,1973.0,839453.0,600512,-0.93,-0.04
2005-08-01,4.29,4.29,4.3,4.24,2419.0,1032726.0,600512,0.94,0.04
2005-08-02,4.3,4.35,4.36,4.26,2716.0,1174529.0,600512,1.4,0.06
2005-08-03,4.34,4.37,4.45,4.34,7361.0,3237944.0,600512,0.46,0.02
2005-08-04,4.33,4.38,4.4,4.33,3474.0,1515673.0,600512,0.23,0.01
2005-08-05,4.37,4.51,4.52,4.37,6715.0,3001603.0,600512,2.97,0.13
2005-08-08,4.52,4.55,4.65,4.52,9020.0,4128374.0,600512,0.89,0.04
2005-08-09,4.55,4.57,4.58,4.49,5534.0,2506362.0,600512,0.44,0.02
2005-08-10,4.57,4.62,4.65,4.52,7614.0,3494679.0,600512,1.09,0.05
2005-08-11,4.63,4.73,4.84,4.58,11577.0,5432769.0,600512,2.38,0.11
2005-08-12,4.74,4.58,4.79,4.56,8101.0,3776852.0,600512,-3.17,-0.15
2005-08-15,4.55,4.69,4.73,4.55,5980.0,2784184.0,600512,2.4,0.11
2005-08-16,4.75,4.69,4.9,4.68,14326.0,6889578.0,600512,0.0,0.0
2005-08-17,4.68,4.83,4.85,4.62,6953.0,3307832.0,600512,2.99,0.14
2005-08-18,4.81,4.62,4.92,4.6,10936.0,5263235.0,600512,-4.35,-0.21
2005-08-19,4.6,4.64,4.68,4.55,4784.0,2211821.0,600512,0.43,0.02
2005-08-22,4.66,4.76,4.77,4.58,4392.0,2062960.0,600512,2.59,0.12
2005-08-23,4.56,4.65,4.77,4.56,3942.0,1845962.0,600512,-2.31,-0.11
2005-08-24,4.65,4.66,4.72,4.6,3131.0,1461513.0,600512,0.22,0.01
2005-08-25,4.61,4.74,4.75,4.61,3920.0,1841040.0,600512,1.72,0.08
2005-08-26,4.74,4.74,4.77,4.66,3418.0,1609616.0,600512,0.0,0.0
2005-08-29,4.71,4.76,4.97,4.71,5205.0,2488426.0,600512,0.42,0.02
2005-08-30,4.74,4.76,4.78,4.71,3833.0,1817791.0,600512,0.0,0.0
2005-08-31,4.78,4.91,4.92,4.71,9094.0,4394957.0,600512,3.15,0.15
2005-09-01,4.97,5.03,5.04,4.91,11559.0,5732134.0,600512,2.44,0.12
2005-09-02,5.06,4.99,5.06,4.95,6514.0,3254295.0,600512,-0.8,-0.04
2005-09-05,5.0,5.0,5.04,4.96,4675.0,2336847.0,600512,0.2,0.01
2005-09-06,5.03,4.86,5.08,4.82,8181.0,4063908.0,600512,-2.8,-0.14
2005-09-07,4.84,4.98,4.99,4.8,6580.0,3220788.0,600512,2.47,0.12
2005-09-08,4.98,5.0,5.02,4.91,5325.0,2650351.0,600512,0.4,0.02
2005-09-09,4.97,5.1,5.18,4.86,15285.0,7752557.0,600512,2.0,0.1
2005-09-12,5.09,5.24,5.25,5.03,21262.0,11012670.0,600512,2.75,0.14
2005-09-13,5.2,5.29,5.32,5.15,33718.0,17719904.0,600512,0.95,0.05
2005-09-14,5.34,5.28,5.34,5.2,13369.0,7030668.0,600512,-0.19,-0.01
2005-09-15,5.3,5.27,5.3,5.22,5164.0,2716656.0,600512,-0.19,-0.01
2005-09-16,5.27,5.2,5.27,5.17,6793.0,3534806.0,600512,-1.33,-0.07
2005-09-19,5.21,5.27,5.3,5.21,5450.0,2868685.0,600512,1.35,0.07
2005-09-20,5.27,5.17,5.29,5.12,10921.0,5659057.0,600512,-1.9,-0.1
2005-09-21,5.12,5.03,5.19,5.02,7386.0,3745710.0,600512,-2.71,-0.14
2005-09-22,5.02,4.85,5.04,4.81,7141.0,3503076.0,600512,-3.58,-0.18
2005-09-23,4.87,4.85,4.9,4.81,3019.0,1464854.0,600512,0.0,0.0
2005-09-26,4.89,4.88,4.9,4.81,1395.0,677379.0,600512,0.62,0.03
2005-09-27,4.85,4.75,4.87,4.73,3288.0,1574762.0,600512,-2.66,-0.13
2005-09-28,4.74,4.81,4.83,4.69,3630.0,1726821.0,600512,1.26,0.06
2005-09-29,4.81,4.9,4.91,4.81,4424.0,2155550.0,600512,1.87,0.09
2005-09-30,4.98,4.88,4.98,4.86,2035.0,999375.0,600512,-0.41,-0.02
2005-10-10,4.92,4.9,4.93,4.85,2192.0,1069704.0,600512,0.41,0.02
2005-10-11,4.9,4.97,4.98,4.9,6071.0,2995531.0,600512,1.43,0.07
2005-10-12,4.96,4.96,4.99,4.9,4023.0,1990246.0,600512,-0.2,-0.01
2005-10-13,4.97,4.92,4.99,4.9,2231.0,1103646.0,600512,-0.81,-0.04
2005-10-14,4.91,4.81,4.92,4.81,2887.0,1400526.0,600512,-2.24,-0.11
2005-10-17,4.76,4.82,4.85,4.76,1749.0,837343.0,600512,0.21,0.01
2005-10-18,4.82,4.89,4.9,4.82,3144.0,1527005.0,600512,1.45,0.07
2005-10-19,4.89,4.82,4.95,4.82,3035.0,1488354.0,600512,-1.43,-0.07
2005-10-20,4.8,4.9,4.92,4.78,3519.0,1709610.0,600512,1.66,0.08
2005-10-21,4.94,4.96,5.02,4.91,5356.0,2663643.0,600512,1.22,0.06
2005-10-24,5.02,5.0,5.04,4.91,3153.0,1574590.0,600512,0.81,0.04
2005-10-25,5.0,4.88,5.0,4.86,3653.0,1796610.0,600512,-2.4,-0.12
2005-10-26,4.85,4.78,4.9,4.76,3164.0,1530247.0,600512,-2.05,-0.1
2005-10-27,4.77,4.78,4.84,4.71,2713.0,1290140.0,600512,0.0,0.0
2005-10-28,4.8,4.63,4.88,4.4,4292.0,1997494.0,600512,-3.14,-0.15
2005-10-31,4.57,4.65,4.67,4.56,2177.0,1008037.0,600512,0.43,0.02
2005-11-01,4.6,4.54,4.65,4.46,2215.0,1002928.0,600512,-2.37,-0.11
2005-11-02,4.6,4.67,4.67,4.55,2202.0,1018610.0,600512,2.86,0.13
2005-11-03,4.66,4.58,4.68,4.54,2045.0,939826.0,600512,-1.93,-0.09
2005-11-04,4.52,4.62,4.63,4.52,1421.0,649112.0,600512,0.87,0.04
2005-11-07,4.62,4.62,4.63,4.58,1697.0,781716.0,600512,0.0,0.0
2005-11-08,4.65,4.67,4.68,4.58,1512.0,701573.0,600512,1.08,0.05
2005-11-09,4.69,4.67,4.69,4.59,2396.0,1114462.0,600512,0.0,0.0
2005-11-10,4.64,4.56,4.66,4.55,1791.0,822057.0,600512,-2.36,-0.11
2005-11-11,4.51,4.56,4.64,4.51,1469.0,674754.0,600512,0.0,0.0
2005-11-14,4.56,4.6,4.61,4.56,718.0,330679.0,600512,0.88,0.04
2005-11-15,4.6,4.61,4.67,4.6,1345.0,623774.0,600512,0.22,0.01
2005-11-16,4.61,4.63,4.63,4.54,1016.0,464639.0,600512,0.43,0.02
2005-11-17,4.64,4.63,4.64,4.59,961.0,444031.0,600512,0.0,0.0
2005-11-18,4.61,4.71,4.74,4.61,6447.0,3028986.0,600512,1.73,0.08
2005-11-21,4.72,4.72,4.73,4.65,2234.0,1051484.0,600512,0.21,0.01
2005-11-22,4.68,4.65,4.7,4.65,1202.0,561229.0,600512,-1.48,-0.07
2005-11-23,4.65,4.66,4.7,4.65,1276.0,596576.0,600512,0.22,0.01
2005-11-24,4.7,4.69,4.73,4.68,2198.0,1034489.0,600512,0.64,0.03
2005-11-25,4.69,4.74,4.75,4.66,1662.0,781259.0,600512,1.07,0.05
2005-11-28,4.8,4.75,4.8,4.7,1733.0,820612.0,600512,0.21,0.01
2005-11-29,4.76,4.66,4.76,4.66,1219.0,571953.0,600512,-1.89,-0.09
2005-11-30,4.71,4.71,4.77,4.68,2104.0,990267.0,600512,1.07,0.05
2005-12-01,4.7,4.83,4.88,4.68,7280.0,3496685.0,600512,2.55,0.12
2005-12-02,4.83,4.71,4.83,4.7,3024.0,1437299.0,600512,-2.48,-0.12
2005-12-05,4.7,4.53,4.7,4.53,3623.0,1654683.0,600512,-3.82,-0.18
2005-12-06,4.5,4.54,4.58,4.5,1292.0,588320.0,600512,0.22,0.01
2005-12-07,4.5,4.59,4.59,4.5,993.0,454911.0,600512,1.1,0.05
2005-12-08,4.57,4.53,4.6,4.52,1215.0,553094.0,600512,-1.31,-0.06
2005-12-09,4.55,4.63,4.64,4.54,1192.0,549606.0,600512,2.21,0.1
2005-12-12,4.63,4.64,4.65,4.58,973.0,450846.0,600512,0.22,0.01
2005-12-13,4.63,4.63,4.67,4.6,742.0,342772.0,600512,-0.22,-0.01
2005-12-14,4.62,4.68,4.7,4.6,1585.0,739007.0,600512,1.08,0.05
2005-12-15,4.68,4.65,4.73,4.65,1470.0,690765.0,600512,-0.64,-0.03
2005-12-16,4.7,4.69,4.72,4.64,930.0,434198.0,600512,0.86,0.04
2005-12-19,4.68,4.68,4.72,4.65,1266.0,594491.0,600512,-0.21,-0.01
2005-12-20,4.68,4.74,4.75,4.68,2198.0,1037378.0,600512,1.28,0.06
2005-12-21,4.8,4.67,4.8,4.67,1467.0,694118.0,600512,-1.48,-0.07
2005-12-22,4.66,4.67,4.69,4.64,1508.0,703666.0,600512,0.0,0.0
2005-12-23,4.75,4.81,4.85,4.74,7941.0,3818644.0,600512,3.0,0.14
2005-12-26,4.81,4.8,4.87,4.8,3330.0,1606265.0,600512,-0.21,-0.01
2005-12-27,4.81,4.76,4.81,4.75,2959.0,1413098.0,600512,-0.83,-0.04
2005-12-28,4.77,4.84,4.85,4.75,2875.0,1382691.0,600512,1.68,0.08
2005-12-29,4.84,4.87,4.9,4.8,4791.0,2323087.0,600512,0.62,0.03
2005-12-30,4.9,4.78,4.91,4.77,3646.0,1758683.0,600512,-1.85,-0.09
2006-01-04,4.8,4.85,4.86,4.8,5660.0,2740773.0,600512,1.46,0.07
2006-01-05,4.86,4.88,4.9,4.83,4829.0,2353057.0,600512,0.62,0.03
2006-01-06,4.88,4.92,4.95,4.85,7983.0,3918090.0,600512,0.82,0.04
2006-01-09,4.92,5.0,5.04,4.92,10461.0,5223331.0,600512,1.63,0.08
2006-01-10,5.0,5.12,5.15,4.96,14713.0,7481313.0,600512,2.4,0.12
2006-01-11,5.1,5.02,5.14,5.0,11717.0,5921035.0,600512,-1.95,-0.1
2006-01-12,5.02,5.1,5.12,5.01,5778.0,2928602.0,600512,1.59,0.08
2006-01-13,5.1,5.1,5.14,5.05,6496.0,3312245.0,600512,0.0,0.0
2006-01-16,5.08,5.06,5.2,5.06,6310.0,3238365.0,600512,-0.78,-0.04
2006-01-17,5.03,5.04,5.09,5.0,3400.0,1716464.0,600512,-0.4,-0.02
2006-01-18,5.04,5.11,5.14,5.04,3986.0,2035242.0,600512,1.39,0.07
2006-01-19,5.11,5.22,5.28,5.11,10471.0,5458312.0,600512,2.15,0.11
2006-01-20,5.24,5.25,5.34,5.19,8597.0,4533393.0,600512,0.57,0.03
2006-01-23,5.25,5.33,5.35,5.21,5560.0,2939151.0,600512,1.52,0.08
2006-01-24,5.33,5.35,5.43,5.28,6860.0,3678225.0,600512,0.38,0.02
2006-01-25,5.35,5.28,5.39,5.22,4296.0,2272618.0,600512,-1.31,-0.07
2006-02-06,5.3,5.37,5.38,5.28,3973.0,2118400.0,600512,1.7,0.09
2006-02-07,5.37,5.33,5.43,5.24,6481.0,3450611.0,600512,-0.74,-0.04
2006-02-08,5.3,5.34,5.38,5.23,9824.0,5197825.0,600512,0.19,0.01
2006-02-09,5.68,5.6,5.79,5.42,43727.0,24677894.0,600512,4.87,0.26
2006-02-10,5.57,5.7,5.73,5.55,20218.0,11471075.0,600512,1.79,0.1
2006-02-13,5.74,5.87,5.89,5.71,20010.0,11598078.0,600512,2.98,0.17
2006-02-14,5.88,5.9,5.94,5.81,14472.0,8508488.0,600512,0.51,0.03
2006-02-15,5.9,5.86,5.94,5.82,15912.0,9355145.0,600512,-0.68,-0.04
2006-02-16,5.84,5.73,5.91,5.71,16954.0,9817963.0,600512,-2.22,-0.13
2006-02-17,5.73,5.75,5.88,5.72,13895.0,8061645.0,600512,0.35,0.02
2006-03-15,5.44,5.59,5.6,5.44,14936.0,8268543.0,600512,-2.78,-0.16
2006-03-16,5.57,5.6,5.67,5.56,7750.0,4356699.0,600512,0.18,0.01
2006-03-17,5.61,5.61,5.65,5.59,6750.0,3789935.0,600512,0.18,0.01
2006-03-20,5.65,5.79,5.8,5.6,9166.0,5253097.0,600512,3.21,0.18
2006-03-21,5.8,5.85,5.85,5.8,6032.0,3515463.0,600512,1.04,0.06
2006-03-22,5.85,5.9,5.91,5.82,8685.0,5095985.0,600512,0.85,0.05
2006-03-23,5.9,6.0,6.01,5.88,11965.0,7136389.0,600512,1.69,0.1
2006-03-24,5.7,5.6,5.7,5.53,10181.0,5676815.0,600512,-6.67,-0.4
2006-03-27,5.6,5.7,5.75,5.51,17073.0,9558375.0,600512,1.79,0.1
2006-04-17,4.81,4.72,4.91,4.67,84619.0,40153996.0,600512,-17.19,-0.98
2006-04-18,4.67,4.65,4.72,4.57,43975.0,20343732.0,600512,-1.48,-0.07
2006-04-19,4.65,4.7,4.72,4.6,24212.0,11294279.0,600512,1.08,0.05
2006-04-20,4.7,4.59,4.73,4.53,20433.0,9419279.0,600512,-2.34,-0.11
2006-04-21,4.59,4.62,4.62,4.48,21553.0,9809246.0,600512,0.65,0.03
2006-04-24,4.62,4.42,4.62,4.4,24219.0,10809993.0,600512,-4.33,-0.2
2006-04-25,4.39,4.53,4.62,4.31,19474.0,8718861.0,600512,2.49,0.11
2006-04-26,4.53,4.55,4.61,4.47,14540.0,6601807.0,600512,0.44,0.02
2006-04-27,4.55,4.54,4.6,4.49,10301.0,4673350.0,600512,-0.22,-0.01
2006-04-28,4.44,4.57,4.59,4.36,19950.0,9009198.0,600512,0.66,0.03
2006-05-08,4.58,4.73,4.75,4.58,39523.0,18520768.0,600512,3.5,0.16
2006-05-09,4.73,4.9,5.0,4.68,43306.0,20913698.0,600512,3.59,0.17
2006-05-10,4.85,4.88,5.06,4.8,33279.0,16495617.0,600512,-0.41,-0.02
2006-05-11,4.86,4.84,5.0,4.81,28099.0,13797968.0,600512,-0.82,-0.04
2006-05-12,4.8,5.01,5.08,4.8,32507.0,16081802.0,600512,3.51,0.17
2006-05-15,5.01,5.18,5.24,5.01,33337.0,17072496.0,600512,3.39,0.17
2006-05-16,5.2,4.96,5.21,4.89,41244.0,20817696.0,600512,-4.25,-0.22
2006-05-17,4.9,5.02,5.09,4.9,18313.0,9131147.0,600512,1.21,0.06
2006-05-18,5.0,4.98,5.01,4.9,15798.0,7809982.0,600512,-0.8,-0.04
2006-05-19,4.98,5.07,5.13,4.96,20069.0,10181884.0,600512,1.81,0.09
2006-05-22,5.12,5.27,5.35,5.08,29736.0,15704999.0,600512,3.94,0.2
2006-05-23,5.25,5.19,5.4,5.08,31263.0,16381215.0,600512,-1.52,-0.08
2006-05-24,5.19,5.11,5.33,5.01,23729.0,12279244.0,600512,-1.54,-0.08
2006-05-25,5.09,5.09,5.25,5.04,15025.0,7691175.0,600512,-0.39,-0.02
2006-05-26,5.13,5.12,5.24,5.09,14519.0,7482875.0,600512,0.59,0.03
2006-05-29,5.12,5.48,5.49,5.12,34944.0,18719464.0,600512,7.03,0.36
2006-05-30,5.47,5.66,5.7,5.4,41209.0,22876636.0,600512,3.28,0.18
2006-05-31,5.6,5.83,5.95,5.57,48843.0,28440384.0,600512,3.0,0.17
2006-06-01,5.83,6.14,6.19,5.77,49635.0,29503176.0,600512,5.32,0.31
2006-06-02,6.18,6.4,6.48,6.18,34417.0,21844136.0,600512,4.23,0.26
2006-06-05,6.42,6.75,6.84,6.42,24106.0,15946986.0,600512,5.47,0.35
2006-06-06,6.74,6.7,6.9,6.51,27713.0,18598092.0,600512,-0.74,-0.05
2006-06-07,6.7,6.27,6.85,6.07,27314.0,17592580.0,600512,-6.42,-0.43
2006-06-08,6.21,6.83,6.88,6.07,32457.0,20890698.0,600512,8.93,0.56
2006-06-09,6.83,6.54,6.97,6.31,29577.0,19754498.0,600512,-4.25,-0.29
2006-06-12,6.75,6.48,6.77,6.34,29763.0,19314972.0,600512,-0.92,-0.06
2006-06-13,6.48,6.34,6.53,6.26,13139.0,8364594.0,600512,-2.16,-0.14
2006-06-14,6.27,5.93,6.27,5.91,17182.0,10436113.0,600512,-6.47,-0.41
2006-06-15,5.91,6.0,6.08,5.91,13597.0,8172547.0,600512,1.18,0.07
2006-06-16,6.03,6.12,6.17,6.02,20926.0,12710805.0,600512,2.0,0.12
2006-06-19,6.05,6.11,6.16,5.98,28726.0,17451316.0,600512,-0.16,-0.01
2006-06-20,6.1,6.17,6.22,6.06,19416.0,11910259.0,600512,0.98,0.06
2006-06-21,6.2,6.24,6.25,6.11,13350.0,8243413.0,600512,1.13,0.07
2006-06-22,6.23,6.16,6.29,6.13,14128.0,8737130.0,600512,-1.28,-0.08
2006-06-23,6.18,6.52,6.65,6.18,34043.0,21820152.0,600512,5.84,0.36
2006-06-27,6.95,6.56,6.95,6.54,32298.0,21409184.0,600512,0.61,0.04
2006-06-28,6.56,6.67,6.75,6.56,23674.0,15793644.0,600512,1.68,0.11
2006-06-29,6.68,6.86,6.87,6.6,45344.0,30515370.0,600512,2.85,0.19
2006-06-30,7.06,7.35,7.48,6.9,74653.0,53502488.0,600512,7.14,0.49
2006-07-03,7.4,7.55,7.59,7.35,58642.0,43900380.0,600512,2.72,0.2
2006-07-04,7.58,7.41,7.68,7.35,58125.0,43506836.0,600512,-1.85,-0.14
2006-07-05,7.48,7.46,7.53,7.35,63417.0,47241660.0,600512,0.67,0.05
2006-07-06,3.73,3.87,3.91,3.7,70384.0,27158728.0,600512,-48.12,-3.59
2006-07-07,3.85,4.0,4.07,3.75,178803.0,70566280.0,600512,3.36,0.13
2006-07-10,4.0,4.08,4.08,3.93,144784.0,58115380.0,600512,2.0,0.08
2006-07-11,4.09,4.04,4.11,4.01,81676.0,33086376.0,600512,-0.98,-0.04
2006-07-12,4.02,3.98,4.08,3.95,84753.0,33902516.0,600512,-1.49,-0.06
2006-07-13,3.96,3.58,3.97,3.58,132697.0,49777568.0,600512,-10.05,-0.4
2006-07-14,3.5,3.58,3.64,3.45,59671.0,21268760.0,600512,0.0,0.0
2006-07-17,3.57,3.69,3.76,3.55,73551.0,27189524.0,600512,3.07,0.11
2006-07-18,3.7,3.8,3.81,3.68,59342.0,22161204.0,600512,2.98,0.11
2006-07-19,3.82,3.65,3.85,3.53,48545.0,17896096.0,600512,-3.95,-0.15
2006-07-20,3.64,3.65,3.69,3.56,21738.0,7895845.0,600512,0.0,0.0
2006-07-21,3.65,3.67,3.72,3.63,26333.0,9678772.0,600512,0.55,0.02
2006-07-24,3.6,3.62,3.63,3.49,26718.0,9565882.0,600512,-1.36,-0.05
2006-07-25,3.63,3.67,3.7,3.61,25685.0,9389075.0,600512,1.38,0.05
2006-07-26,3.68,3.67,3.7,3.61,28752.0,10499752.0,600512,0.0,0.0
2006-07-27,3.7,3.63,3.7,3.56,29684.0,10781272.0,600512,-1.09,-0.04
2006-07-28,3.62,3.57,3.68,3.53,24231.0,8662065.0,600512,-1.65,-0.06
2006-07-31,3.52,3.3,3.52,3.29,41530.0,14074375.0,600512,-7.56,-0.27
2006-08-01,3.28,3.46,3.63,3.28,62208.0,21720070.0,600512,4.85,0.16
2006-08-02,3.43,3.47,3.56,3.41,30631.0,10671689.0,600512,0.29,0.01
2006-08-03,3.47,3.45,3.53,3.4,14837.0,5138722.0,600512,-0.58,-0.02
2006-08-04,3.45,3.31,3.47,3.28,23005.0,7721006.0,600512,-4.06,-0.14
2006-08-07,3.31,3.19,3.37,3.16,24006.0,7810721.0,600512,-3.63,-0.12
2006-08-08,3.19,3.27,3.29,3.19,21793.0,7043090.0,600512,2.51,0.08
2006-08-09,3.28,3.22,3.3,3.2,16813.0,5463360.0,600512,-1.53,-0.05
2006-08-10,3.2,3.29,3.3,3.2,13596.0,4441727.0,600512,2.17,0.07
2006-08-11,3.32,3.29,3.32,3.26,14055.0,4630461.0,600512,0.0,0.0
2006-08-14,3.28,3.22,3.35,3.21,18362.0,5992939.0,600512,-2.13,-0.07
2006-08-15,3.2,3.27,3.27,3.18,10274.0,3318087.0,600512,1.55,0.05
2006-08-16,3.27,3.34,3.37,3.24,25763.0,8550810.0,600512,2.14,0.07
2006-08-17,3.32,3.28,3.32,3.23,16836.0,5501033.0,600512,-1.8,-0.06
2006-08-18,3.28,3.3,3.35,3.27,16128.0,5337634.0,600512,0.61,0.02
2006-08-21,3.2,3.4,3.4,3.18,32712.0,10898064.0,600512,3.03,0.1
2006-08-22,3.45,3.4,3.46,3.35,50062.0,17077304.0,600512,0.0,0.0
2006-08-23,3.4,3.44,3.53,3.4,44111.0,15252399.0,600512,1.18,0.04
2006-08-24,3.45,3.43,3.45,3.36,17486.0,5962102.0,600512,-0.29,-0.01
2006-08-25,3.41,3.38,3.43,3.38,15157.0,5146300.0,600512,-1.46,-0.05
2006-08-28,3.4,3.46,3.47,3.37,25536.0,8754592.0,600512,2.37,0.08
2006-08-29,3.46,3.46,3.53,3.43,34328.0,11939227.0,600512,0.0,0.0
2006-08-30,3.45,3.46,3.49,3.41,19939.0,6877913.0,600512,0.0,0.0
2006-08-31,3.47,3.51,3.51,3.42,26951.0,9357521.0,600512,1.45,0.05
2006-09-01,3.5,3.51,3.54,3.42,37166.0,12941999.0,600512,0.0,0.0
2006-09-04,3.51,3.64,3.65,3.5,73825.0,26533508.0,600512,3.7,0.13
2006-09-05,3.64,3.58,3.66,3.57,36477.0,13156441.0,600512,-1.65,-0.06
2006-09-06,3.57,3.57,3.58,3.51,25455.0,9011860.0,600512,-0.28,-0.01
2006-09-07,3.59,3.46,3.59,3.46,20497.0,7182411.0,600512,-3.08,-0.11
2006-09-08,3.46,3.48,3.51,3.44,13832.0,4789006.0,600512,0.58,0.02
2006-09-11,3.48,3.46,3.5,3.38,16900.0,5796523.0,600512,-0.57,-0.02
2006-09-12,3.44,3.46,3.48,3.42,11106.0,3835590.0,600512,0.0,0.0
2006-09-13,3.45,3.48,3.5,3.41,26853.0,9284983.0,600512,0.58,0.02
2006-09-14,3.5,3.71,3.82,3.5,194816.0,71719504.0,600512,6.61,0.23
2006-09-15,3.73,3.7,3.77,3.64,104551.0,38589912.0,600512,-0.27,-0.01
2006-09-18,3.73,3.7,3.73,3.63,61320.0,22589518.0,600512,0.0,0.0
2006-09-19,3.71,3.79,3.93,3.71,120253.0,46115784.0,600512,2.43,0.09
2006-09-20,3.76,3.8,3.87,3.72,66297.0,25232734.0,600512,0.26,0.01
2006-09-21,3.8,3.75,3.8,3.72,36905.0,13862967.0,600512,-1.32,-0.05
2006-09-22,3.74,3.65,3.75,3.64,33239.0,12230089.0,600512,-2.67,-0.1
2006-09-25,3.65,3.63,3.72,3.57,20700.0,7545712.0,600512,-0.55,-0.02
2006-09-26,3.62,3.55,3.62,3.51,25416.0,9035769.0,600512,-2.2,-0.08
2006-09-27,3.55,3.61,3.63,3.53,14635.0,5251479.0,600512,1.69,0.06
2006-09-28,3.62,3.7,3.72,3.57,29608.0,10856393.0,600512,2.49,0.09
2006-09-29,3.7,3.66,3.74,3.66,22448.0,8261349.0,600512,-1.08,-0.04
2006-10-09,3.68,3.68,3.71,3.6,28784.0,10549839.0,600512,0.55,0.02
2006-10-10,3.68,3.8,3.85,3.64,82480.0,30945920.0,600512,3.26,0.12
2006-10-11,3.82,3.88,3.92,3.81,151946.0,58839748.0,600512,2.11,0.08
2006-10-12,3.92,3.8,3.92,3.76,60271.0,23125428.0,600512,-2.06,-0.08
2006-10-13,3.79,3.75,3.79,3.73,42986.0,16168012.0,600512,-1.32,-0.05
2006-10-16,3.74,3.72,3.78,3.7,42121.0,15728753.0,600512,-0.8,-0.03
2006-10-17,3.72,3.75,3.79,3.7,22826.0,8558911.0,600512,0.81,0.03
2006-10-18,3.76,3.79,3.79,3.73,26637.0,10025277.0,600512,1.07,0.04
2006-10-19,3.79,3.75,3.8,3.73,31982.0,12033289.0,600512,-1.06,-0.04
2006-10-20,3.75,3.83,3.86,3.73,54568.0,20736956.0,600512,2.13,0.08
2006-10-23,3.83,3.64,3.83,3.61,46065.0,17077494.0,600512,-4.96,-0.19
2006-10-24,3.64,3.71,3.72,3.62,30836.0,11324995.0,600512,1.92,0.07
2006-10-25,3.71,3.78,3.8,3.67,54671.0,20353248.0,600512,1.89,0.07
2006-10-26,3.79,3.7,3.8,3.69,38071.0,14232916.0,600512,-2.12,-0.08
2006-10-27,3.72,3.73,3.75,3.65,37418.0,13847726.0,600512,0.81,0.03
2006-10-30,3.74,3.84,3.84,3.74,72839.0,27637140.0,600512,2.95,0.11
2006-10-31,3.87,3.85,3.92,3.84,93333.0,36213944.0,600512,0.26,0.01
2006-11-01,3.85,3.86,3.88,3.76,52222.0,19904188.0,600512,0.26,0.01
2006-11-02,3.85,3.79,3.85,3.78,34814.0,13225136.0,600512,-1.81,-0.07
2006-11-03,3.78,3.78,3.84,3.76,30073.0,11400779.0,600512,-0.26,-0.01
2006-11-06,3.75,3.7,3.75,3.67,45386.0,16792410.0,600512,-2.12,-0.08
2006-11-07,3.7,3.66,3.72,3.62,35722.0,13061293.0,600512,-1.08,-0.04
2006-11-08,3.64,3.64,3.66,3.58,23213.0,8393826.0,600512,-0.55,-0.02
2006-11-09,3.64,3.68,3.69,3.64,18455.0,6765687.0,600512,1.1,0.04
2006-11-10,3.69,3.52,3.69,3.51,41463.0,14846653.0,600512,-4.35,-0.16
2006-11-13,3.5,3.32,3.5,3.3,35668.0,12033884.0,600512,-5.68,-0.2
2006-11-14,3.3,3.36,3.37,3.28,20156.0,6712420.0,600512,1.2,0.04
2006-11-15,3.37,3.4,3.43,3.32,17486.0,5897400.0,600512,1.19,0.04
2006-11-16,3.41,3.31,3.42,3.31,23051.0,7718336.0,600512,-2.65,-0.09
2006-11-17,3.31,3.33,3.36,3.29,15650.0,5197513.0,600512,0.6,0.02
2006-11-20,3.31,3.36,3.36,3.29,21531.0,7144497.0,600512,0.9,0.03
2006-11-21,3.37,3.59,3.59,3.35,70068.0,24608462.0,600512,6.85,0.23
2006-11-22,3.6,3.53,3.61,3.51,33717.0,11930709.0,600512,-1.67,-0.06
2006-11-23,3.5,3.48,3.56,3.45,27276.0,9488321.0,600512,-1.42,-0.05
2006-11-24,3.48,3.48,3.49,3.4,26751.0,9187271.0,600512,0.0,0.0
2006-11-28,3.54,3.65,3.69,3.54,76032.0,27677098.0,600512,4.89,0.17
2006-11-29,3.6,3.6,3.63,3.49,30208.0,10820908.0,600512,-1.37,-0.05
2006-11-30,3.6,3.63,3.69,3.56,44338.0,16089414.0,600512,0.83,0.03
2006-12-01,3.61,3.73,3.75,3.61,78605.0,29169148.0,600512,2.75,0.1
2006-12-04,3.73,3.79,3.8,3.68,69657.0,26122172.0,600512,1.61,0.06
2006-12-05,3.79,3.8,3.85,3.75,79844.0,30289704.0,600512,0.26,0.01
2006-12-06,3.79,3.97,4.0,3.6,149731.0,57593556.0,600512,4.47,0.17
2006-12-07,3.96,3.82,4.01,3.82,87943.0,34364092.0,600512,-3.78,-0.15
2006-12-08,3.76,3.57,3.78,3.56,59735.0,21910466.0,600512,-6.54,-0.25
2006-12-11,3.57,3.68,3.68,3.57,27994.0,10170195.0,600512,3.08,0.11
2006-12-12,3.68,3.74,3.79,3.65,36827.0,13651047.0,600512,1.63,0.06
2006-12-13,3.73,3.74,3.77,3.7,21206.0,7924374.0,600512,0.0,0.0
2006-12-14,3.75,3.8,3.8,3.68,32606.0,12258740.0,600512,1.6,0.06
2006-12-15,3.85,3.76,3.85,3.75,31025.0,11810664.0,600512,-1.05,-0.04
2006-12-18,3.78,3.8,3.84,3.7,46080.0,17395444.0,600512,1.06,0.04
2006-12-19,3.8,3.73,3.8,3.68,36416.0,13563542.0,600512,-1.84,-0.07
2006-12-20,3.73,3.87,3.88,3.69,68313.0,25985788.0,600512,3.75,0.14
2006-12-21,3.86,3.77,3.95,3.71,83668.0,32166744.0,600512,-2.58,-0.1
2006-12-22,3.74,3.74,3.77,3.68,52683.0,19616780.0,600512,-0.8,-0.03
2006-12-25,3.74,3.73,3.77,3.69,38663.0,14432513.0,600512,-0.27,-0.01
2006-12-26,3.74,3.66,3.74,3.61,50338.0,18385868.0,600512,-1.88,-0.07
2006-12-27,3.65,3.63,3.68,3.61,22157.0,8058241.0,600512,-0.82,-0.03
2006-12-28,3.63,3.53,3.63,3.48,43827.0,15540516.0,600512,-2.75,-0.1
2006-12-29,3.55,3.57,3.62,3.53,31782.0,11347210.0,600512,1.13,0.04
2007-01-04,3.6,3.49,3.71,3.44,143827.0,50473896.0,600512,-2.24,-0.08
2007-01-05,3.46,3.54,3.56,3.39,45097.0,15760413.0,600512,1.43,0.05
2007-01-08,3.55,3.8,3.83,3.55,99082.0,36668632.0,600512,7.34,0.26
2007-01-09,3.81,3.84,3.94,3.8,119682.0,46046724.0,600512,1.05,0.04
2007-01-10,3.85,3.92,3.93,3.76,103163.0,39610236.0,600512,2.08,0.08
2007-01-11,3.94,4.08,4.25,3.91,172479.0,70228096.0,600512,4.08,0.16
2007-01-12,4.08,3.95,4.35,3.94,221248.0,92007120.0,600512,-3.19,-0.13
2007-01-15,3.92,4.15,4.15,3.87,109396.0,44031564.0,600512,5.06,0.2
2007-01-16,4.15,4.16,4.21,4.05,97082.0,39914356.0,600512,0.24,0.01
2007-01-17,4.2,4.17,4.35,4.07,147044.0,62169752.0,600512,0.24,0.01
2007-01-18,4.15,4.19,4.23,4.01,82935.0,34004036.0,600512,0.48,0.02
2007-01-19,4.2,4.32,4.33,4.17,134657.0,57323184.0,600512,3.1,0.13
2007-01-22,4.37,4.57,4.59,4.32,145504.0,64769696.0,600512,5.79,0.25
2007-01-23,4.57,4.78,4.82,4.49,175033.0,81945480.0,600512,4.6,0.21
2007-01-24,4.8,4.78,4.85,4.71,112965.0,53942952.0,600512,0.0,0.0
2007-01-25,4.72,4.38,4.75,4.38,111287.0,50902412.0,600512,-8.37,-0.4
2007-01-26,4.34,4.39,4.41,4.1,103351.0,44042004.0,600512,0.23,0.01
2007-01-29,4.43,4.51,4.57,4.33,94120.0,41696572.0,600512,2.73,0.12
2007-01-30,4.53,4.84,4.93,4.36,214110.0,100551024.0,600512,7.32,0.33
2007-01-31,4.85,4.76,5.08,4.7,200921.0,98737712.0,600512,-1.65,-0.08
2007-02-01,4.71,4.82,4.89,4.64,101301.0,48493244.0,600512,1.26,0.06
2007-02-02,4.82,4.5,4.89,4.48,82690.0,38990736.0,600512,-6.64,-0.32
2007-02-05,4.55,4.5,4.58,4.4,56378.0,25335896.0,600512,0.0,0.0
2007-02-06,4.5,4.75,4.75,4.5,46549.0,21538432.0,600512,5.56,0.25
2007-02-07,4.81,4.81,4.85,4.68,78674.0,37633640.0,600512,1.26,0.06
2007-02-08,4.83,5.02,5.08,4.74,154345.0,75321032.0,600512,4.37,0.21
2007-02-09,5.04,4.86,5.09,4.8,140440.0,69169432.0,600512,-3.19,-0.16
2007-02-12,4.86,4.92,5.01,4.85,124099.0,60913048.0,600512,1.23,0.06
2007-02-13,4.92,4.88,4.95,4.8,82024.0,39931856.0,600512,-0.81,-0.04
2007-02-14,4.9,5.04,5.12,4.87,138068.0,68576800.0,600512,3.28,0.16
2007-02-15,5.06,5.1,5.14,4.96,139300.0,70277824.0,600512,1.19,0.06
2007-02-16,5.1,5.2,5.4,5.06,142210.0,74731896.0,600512,1.96,0.1
2007-02-26,5.25,5.54,5.61,5.14,138751.0,74816776.0,600512,6.54,0.34
2007-02-27,5.57,4.99,5.68,4.99,177585.0,94276776.0,600512,-9.93,-0.55
2007-02-28,4.9,5.23,5.28,4.86,116786.0,59169436.0,600512,4.81,0.24
2007-03-01,5.19,4.98,5.2,4.94,103746.0,52274984.0,600512,-4.78,-0.25
2007-03-02,4.96,5.05,5.14,4.94,99426.0,50181500.0,600512,1.41,0.07
2007-03-05,5.06,5.11,5.15,4.91,91297.0,46047356.0,600512,1.19,0.06
2007-03-06,5.05,5.13,5.18,4.99,67514.0,34423312.0,600512,0.39,0.02
2007-03-07,5.14,5.25,5.27,5.1,92062.0,48015612.0,600512,2.34,0.12
2007-03-08,5.3,5.33,5.35,5.18,101059.0,53246040.0,600512,1.52,0.08
2007-03-09,5.33,5.36,5.39,5.19,125154.0,66098332.0,600512,0.56,0.03
2007-03-12,5.43,5.79,5.9,5.43,332456.0,188393824.0,600512,8.02,0.43
2007-03-13,5.8,6.0,6.14,5.66,264679.0,156630800.0,600512,3.63,0.21
2007-03-14,5.93,5.91,6.07,5.7,187294.0,110601400.0,600512,-1.5,-0.09
2007-03-15,5.95,6.04,6.19,5.95,144352.0,87340384.0,600512,2.2,0.13
2007-03-16,6.05,5.76,6.1,5.7,145853.0,85575208.0,600512,-4.64,-0.28
2007-03-19,5.59,5.85,5.94,5.51,85125.0,49552172.0,600512,1.56,0.09
2007-03-20,5.9,6.09,6.13,5.9,104691.0,63358016.0,600512,4.1,0.24
2007-03-21,6.13,6.11,6.19,5.96,87338.0,52994872.0,600512,0.33,0.02
2007-03-22,6.11,6.13,6.35,6.04,148949.0,92030808.0,600512,0.33,0.02
2007-03-23,6.23,6.52,6.62,6.16,219188.0,139694944.0,600512,6.36,0.39
2007-03-26,6.55,6.64,6.7,6.45,140999.0,92653408.0,600512,1.84,0.12
2007-03-27,6.61,6.64,6.75,6.5,107111.0,70906848.0,600512,0.0,0.0
2007-03-28,6.6,6.42,6.72,6.1,142485.0,91750360.0,600512,-3.31,-0.22
2007-03-29,6.48,6.15,6.53,6.15,109271.0,68668696.0,600512,-4.21,-0.27
2007-03-30,6.09,6.2,6.29,6.05,53379.0,33038400.0,600512,0.81,0.05
2007-04-02,6.25,6.4,6.5,6.2,72926.0,46248112.0,600512,3.23,0.2
2007-04-03,6.52,6.38,6.52,6.0,80223.0,51076464.0,600512,-0.31,-0.02
2007-04-04,6.41,6.58,6.64,6.38,140381.0,92089936.0,600512,3.13,0.2
2007-04-05,6.6,6.68,6.74,6.49,125650.0,83398944.0,600512,1.52,0.1
2007-04-06,6.6,6.79,6.8,6.51,120861.0,81236776.0,600512,1.65,0.11
2007-04-09,6.81,6.89,7.05,6.81,153543.0,106532408.0,600512,1.47,0.1
2007-04-10,6.9,6.79,6.97,6.6,120789.0,81752048.0,600512,-1.45,-0.1
2007-04-11,6.85,7.08,7.09,6.76,176767.0,122103816.0,600512,4.27,0.29
2007-04-12,7.17,7.4,7.51,7.12,221143.0,161855888.0,600512,4.52,0.32
2007-04-13,7.35,7.2,7.4,7.16,142461.0,103759824.0,600512,-2.7,-0.2
2007-04-16,7.16,7.31,7.36,7.15,118003.0,85635520.0,600512,1.53,0.11
2007-04-17,7.31,7.77,7.8,7.23,214286.0,160761696.0,600512,6.29,0.46
2007-04-18,7.78,8.04,8.2,7.6,179496.0,141964064.0,600512,3.47,0.27
2007-04-19,8.1,7.87,8.35,7.38,249364.0,200867872.0,600512,-2.11,-0.17
2007-04-20,8.05,8.66,8.66,8.05,211585.0,178631568.0,600512,10.04,0.79
2007-04-23,8.92,9.53,9.53,8.91,175541.0,165886048.0,600512,10.05,0.87
2007-04-27,9.63,9.79,10.48,9.63,245382.0,249303872.0,600512,2.73,0.26
2007-04-30,9.6,9.64,10.28,9.48,139515.0,135377328.0,600512,-1.53,-0.15
2007-05-08,9.86,9.78,10.12,9.61,160773.0,158565856.0,600512,1.45,0.14
2007-05-09,9.8,9.53,9.9,9.0,141269.0,134590000.0,600512,-2.56,-0.25
2007-05-10,9.57,9.7,9.95,9.56,112996.0,110026240.0,600512,1.78,0.17
2007-05-11,9.7,9.51,9.7,9.3,93159.0,88460328.0,600512,-1.96,-0.19
2007-05-14,9.4,10.0,10.06,9.25,148098.0,145677472.0,600512,5.15,0.49
2007-05-15,10.0,10.19,10.44,9.99,163496.0,166995088.0,600512,1.9,0.19
2007-05-16,10.23,10.31,10.58,9.9,172076.0,175699008.0,600512,1.18,0.12
2007-05-17,10.45,10.37,10.49,10.15,128987.0,133097632.0,600512,0.58,0.06
2007-05-21,9.63,10.05,10.05,9.63,114719.0,113928080.0,600512,-3.09,-0.32
2007-05-22,10.05,10.0,10.32,9.88,145173.0,146730800.0,600512,-0.5,-0.05
2007-05-23,10.1,10.51,10.54,9.92,190497.0,195411472.0,600512,5.1,0.51
2007-05-24,10.6,11.56,11.56,10.3,277966.0,301386368.0,600512,9.99,1.05
2007-05-25,11.88,11.74,12.26,11.45,253642.0,300144544.0,600512,1.56,0.18
2007-05-28,11.74,11.87,12.1,11.52,172864.0,202980912.0,600512,1.11,0.13
2007-05-29,11.87,11.87,11.99,11.64,113094.0,133168328.0,600512,0.0,0.0
2007-05-30,10.68,10.68,11.55,10.68,141808.0,155827376.0,600512,-10.03,-1.19
2007-05-31,9.9,9.86,10.33,9.61,155742.0,151795440.0,600512,-7.68,-0.82
2007-06-01,9.79,8.87,10.0,8.87,125850.0,118555224.0,600512,-10.04,-0.99
2007-06-04,8.65,7.98,8.86,7.98,91395.0,74007800.0,600512,-10.03,-0.89
2007-06-05,7.21,7.47,7.68,7.18,176836.0,128713168.0,600512,-6.39,-0.51
2007-06-06,7.5,7.8,7.95,7.06,226220.0,172425424.0,600512,4.42,0.33
2007-06-07,7.84,8.06,8.09,7.65,169728.0,134081088.0,600512,3.33,0.26
2007-06-08,8.0,8.15,8.43,7.92,138206.0,113095040.0,600512,1.12,0.09
2007-06-11,8.16,7.95,8.28,7.87,128252.0,103193760.0,600512,-2.45,-0.2
2007-06-12,7.98,7.81,8.08,7.16,152452.0,116148816.0,600512,-1.76,-0.14
2007-06-13,7.82,8.59,8.59,7.82,225236.0,188289024.0,600512,9.99,0.78
2007-06-14,8.69,8.43,8.95,8.4,207316.0,179794224.0,600512,-1.86,-0.16
2007-06-15,8.3,8.22,8.52,8.1,88725.0,73487224.0,600512,-2.49,-0.21
2007-06-18,8.45,8.34,8.51,8.29,94568.0,79196856.0,600512,1.46,0.12
2007-06-19,8.34,8.69,8.71,8.3,126861.0,108115936.0,600512,4.2,0.35
2007-06-20,8.71,8.27,8.85,8.21,115595.0,99417168.0,600512,-4.83,-0.42
2007-06-21,8.24,8.01,8.37,7.83,88871.0,71537656.0,600512,-3.14,-0.26
2007-06-22,8.0,7.26,8.12,7.21,101148.0,75876960.0,600512,-9.36,-0.75
2007-06-25,7.3,6.53,7.4,6.53,90973.0,62119692.0,600512,-10.06,-0.73
2007-06-26,6.28,6.64,6.66,6.03,76343.0,48198836.0,600512,1.68,0.11
2007-06-27,6.7,6.73,6.84,6.51,72010.0,48364000.0,600512,1.36,0.09
2007-06-28,6.75,6.4,7.12,6.39,91169.0,62451880.0,600512,-4.9,-0.33
2007-06-29,6.38,6.44,6.65,5.99,85424.0,54118384.0,600512,0.63,0.04
2007-07-02,6.95,7.08,7.08,6.9,72991.0,51405784.0,600512,9.94,0.64
2007-07-03,7.75,7.53,7.75,7.27,225418.0,169585504.0,600512,6.36,0.45
2007-07-04,7.33,7.24,7.47,7.11,79730.0,57662540.0,600512,-3.85,-0.29
2007-07-05,7.0,6.52,7.19,6.52,60940.0,41409036.0,600512,-9.94,-0.72
2007-07-06,6.52,7.03,7.05,6.18,90280.0,60557140.0,600512,7.82,0.51
2007-07-09,7.05,7.28,7.43,7.02,95391.0,68768816.0,600512,3.56,0.25
2007-07-10,7.25,7.06,7.25,6.82,74544.0,52091296.0,600512,-3.02,-0.22
2007-07-11,7.09,7.16,7.35,7.0,87349.0,62528656.0,600512,1.42,0.1
2007-07-12,7.12,7.08,7.17,6.98,37016.0,26134282.0,600512,-1.12,-0.08
2007-07-13,7.12,6.95,7.12,6.87,26004.0,18031890.0,600512,-1.84,-0.13
2007-07-16,6.85,6.53,6.99,6.52,32638.0,21909176.0,600512,-6.04,-0.42
2007-07-17,6.52,6.68,6.76,6.48,24329.0,16242050.0,600512,2.3,0.15
2007-07-18,6.66,6.66,6.75,6.6,24153.0,16131438.0,600512,-0.3,-0.02
2007-07-19,6.66,6.62,6.7,6.51,17545.0,11612447.0,600512,-0.6,-0.04
2007-07-20,6.63,6.98,7.18,6.6,51070.0,35294876.0,600512,5.44,0.36
2007-07-23,7.03,7.36,7.4,7.02,84059.0,61037348.0,600512,5.44,0.38
2007-07-24,7.38,7.35,7.72,7.3,108063.0,81653488.0,600512,-0.14,-0.01
2007-07-25,7.4,7.57,7.66,7.32,75619.0,56765308.0,600512,2.99,0.22
2007-07-26,7.62,7.83,7.84,7.56,94548.0,73028392.0,600512,3.43,0.26
2007-07-27,7.8,7.88,7.97,7.68,90150.0,70631784.0,600512,0.64,0.05
2007-07-30,8.0,7.98,8.1,7.82,92047.0,73671352.0,600512,1.27,0.1
2007-07-31,8.0,8.6,8.69,7.95,160489.0,133611400.0,600512,7.77,0.62
2007-08-01,8.88,7.99,8.92,7.97,205802.0,174481872.0,600512,-7.09,-0.61
2007-08-02,7.95,8.26,8.39,7.86,80352.0,65612964.0,600512,3.38,0.27
2007-08-03,8.35,8.16,8.35,8.01,70894.0,57886280.0,600512,-1.21,-0.1
2007-08-06,8.15,8.73,8.75,8.03,144466.0,121038504.0,600512,6.99,0.57
2007-08-07,8.79,8.46,8.79,8.39,132860.0,113855408.0,600512,-3.09,-0.27
2007-08-08,8.4,8.2,8.4,8.0,60935.0,50043828.0,600512,-3.07,-0.26
2007-08-09,8.14,8.13,8.24,8.06,69301.0,56364792.0,600512,-0.85,-0.07
2007-08-10,8.11,7.88,8.12,7.7,59190.0,46784384.0,600512,-3.08,-0.25
2007-08-13,7.8,7.86,7.94,7.67,42503.0,33188100.0,600512,-0.25,-0.02
2007-08-14,7.86,8.11,8.18,7.86,43695.0,35289564.0,600512,3.18,0.25
2007-08-15,8.11,7.9,8.15,7.71,42719.0,33778268.0,600512,-2.59,-0.21
2007-08-16,7.85,8.03,8.1,7.72,39737.0,31459460.0,600512,1.65,0.13
2007-08-17,8.03,7.93,8.27,7.91,46961.0,38012960.0,600512,-1.25,-0.1
2007-08-20,8.05,8.29,8.5,8.05,56702.0,46953864.0,600512,4.54,0.36
2007-08-21,8.29,8.4,8.45,8.12,96556.0,80142728.0,600512,1.33,0.11
2007-08-22,8.39,8.72,8.86,8.3,193074.0,167034240.0,600512,3.81,0.32
2007-08-23,8.67,8.54,8.68,8.4,79869.0,68130840.0,600512,-2.06,-0.18
2007-08-24,8.54,8.42,8.68,8.35,63863.0,54232692.0,600512,-1.41,-0.12
2007-08-27,8.61,8.24,8.61,8.18,67649.0,56230824.0,600512,-2.14,-0.18
2007-08-28,8.35,8.37,8.6,8.27,72229.0,60692248.0,600512,1.58,0.13
2007-08-29,8.36,8.7,8.85,8.16,131608.0,111802208.0,600512,3.94,0.33
2007-08-30,8.91,9.22,9.55,8.91,284635.0,264095232.0,600512,5.98,0.52
2007-08-31,9.07,9.09,9.29,9.0,118953.0,108498728.0,600512,-1.41,-0.13
2007-09-03,9.15,9.24,9.36,9.06,105555.0,97358904.0,600512,1.65,0.15
2007-09-04,9.26,8.93,9.28,8.9,96087.0,86789856.0,600512,-3.35,-0.31
2007-09-05,8.95,8.8,9.05,8.65,74728.0,65841032.0,600512,-1.46,-0.13
2007-09-06,8.92,8.95,9.1,8.82,72152.0,64567256.0,600512,1.7,0.15
2007-09-07,9.01,9.07,9.48,9.0,183526.0,170125296.0,600512,1.34,0.12
2007-09-10,9.13,9.61,9.76,9.1,169236.0,159657520.0,600512,5.95,0.54
2007-09-11,9.66,8.7,9.75,8.65,125772.0,116617088.0,600512,-9.47,-0.91
2007-09-12,8.7,8.89,8.96,8.3,90570.0,78156272.0,600512,2.18,0.19
2007-09-13,8.86,9.27,9.28,8.75,86657.0,78120784.0,600512,4.27,0.38
2007-09-14,9.51,9.45,9.68,9.27,205236.0,195008128.0,600512,1.94,0.18
2007-09-17,9.46,9.49,9.62,9.28,127956.0,121155776.0,600512,0.42,0.04
2007-09-18,9.58,9.33,9.64,8.96,96457.0,89899592.0,600512,-1.69,-0.16
2007-09-19,9.45,9.59,9.75,9.26,136994.0,130995240.0,600512,2.79,0.26
2007-09-20,9.63,9.88,9.93,9.42,152891.0,148570224.0,600512,3.02,0.29
2007-09-21,9.8,9.61,9.88,9.2,86498.0,82568056.0,600512,-2.73,-0.27
2007-09-24,9.71,9.5,9.8,9.24,66583.0,62845216.0,600512,-1.14,-0.11
2007-09-25,9.5,9.18,9.5,9.1,58251.0,53814336.0,600512,-3.37,-0.32
2007-09-26,9.25,9.19,9.45,9.06,41207.0,38077136.0,600512,0.11,0.01
2007-09-27,9.26,9.2,9.34,9.15,32136.0,29658404.0,600512,0.11,0.01
2007-09-28,9.2,9.3,9.42,9.2,43906.0,40898564.0,600512,1.09,0.1
2007-10-08,9.5,9.8,9.9,9.31,138727.0,134511760.0,600512,5.38,0.5
2007-10-09,9.75,9.73,9.85,9.5,86620.0,83752944.0,600512,-0.71,-0.07
2007-10-10,9.8,9.32,9.8,9.29,71665.0,68098384.0,600512,-4.21,-0.41
2007-10-11,9.32,9.05,9.44,9.0,50954.0,46862864.0,600512,-2.9,-0.27
2007-10-12,8.91,8.6,9.1,8.19,72848.0,62303252.0,600512,-4.97,-0.45
2007-10-15,8.63,8.6,8.9,8.53,39517.0,34206680.0,600512,0.0,0.0
2007-10-17,8.86,8.67,8.9,8.54,36131.0,31295088.0,600512,0.81,0.07
2007-10-18,8.6,8.6,8.76,8.3,39866.0,33687704.0,600512,-0.81,-0.07
2007-10-19,8.56,8.92,8.93,8.3,62332.0,55049876.0,600512,3.72,0.32
2007-10-22,9.04,9.45,9.72,8.93,202613.0,191963424.0,600512,5.94,0.53
2007-10-23,9.58,8.9,9.61,8.65,72939.0,66229496.0,600512,-5.82,-0.55
2007-10-24,8.88,8.56,9.17,8.54,41982.0,36967716.0,600512,-3.82,-0.34
2007-10-25,8.46,7.7,8.46,7.7,64828.0,51291692.0,600512,-10.05,-0.86
2007-10-26,7.58,7.51,7.7,7.05,36476.0,27101452.0,600512,-2.47,-0.19
2007-10-29,7.5,7.6,7.7,7.32,22118.0,16488476.0,600512,1.2,0.09
2007-10-30,7.6,7.72,7.74,7.42,22545.0,17042522.0,600512,1.58,0.12
2007-10-31,7.8,7.94,7.99,7.66,34834.0,27388600.0,600512,2.85,0.22
2007-11-01,7.96,7.51,7.96,7.5,27694.0,21228956.0,600512,-5.42,-0.43
2007-11-02,7.46,7.38,7.64,7.36,26041.0,19379108.0,600512,-1.73,-0.13
2007-11-05,7.39,7.52,7.6,7.25,19590.0,14654131.0,600512,1.9,0.14
2007-11-06,7.5,7.65,7.68,7.46,17784.0,13475319.0,600512,1.73,0.13
2007-11-07,7.58,7.71,7.75,7.42,18104.0,13680560.0,600512,0.78,0.06
2007-11-08,8.0,7.58,8.0,7.46,25607.0,19615888.0,600512,-1.69,-0.13
2007-11-09,7.51,7.73,7.8,7.3,22633.0,16967616.0,600512,1.98,0.15
2007-11-12,7.6,7.97,7.98,7.55,44241.0,34622200.0,600512,3.1,0.24
2007-11-13,8.09,8.08,8.35,7.96,106445.0,87311488.0,600512,1.38,0.11
2007-11-14,8.16,8.17,8.17,7.88,38540.0,31032662.0,600512,1.11,0.09
2007-11-15,8.35,8.18,8.6,8.13,66567.0,55775320.0,600512,0.12,0.01
2007-11-16,8.0,8.09,8.1,7.92,21368.0,17105798.0,600512,-1.1,-0.09
2007-11-19,8.09,8.24,8.3,7.91,28086.0,22789782.0,600512,1.85,0.15
2007-11-20,8.07,8.16,8.3,8.07,23336.0,19145888.0,600512,-0.97,-0.08
2007-11-21,8.22,8.01,8.28,7.96,20422.0,16505224.0,600512,-1.84,-0.15
2007-11-22,7.97,7.55,7.97,7.46,16934.0,13125037.0,600512,-5.74,-0.46
2007-11-23,7.36,8.28,8.3,7.36,79722.0,65199876.0,600512,9.67,0.73
2007-11-26,8.33,8.18,8.5,8.15,34989.0,28990512.0,600512,-1.21,-0.1
2007-11-27,8.13,8.34,8.45,8.11,35743.0,29728386.0,600512,1.96,0.16
2007-11-28,8.45,8.27,8.45,8.2,18183.0,15081199.0,600512,-0.84,-0.07
2007-11-29,8.2,8.32,8.35,8.06,23653.0,19522152.0,600512,0.6,0.05
2007-11-30,8.32,8.07,8.32,8.05,16192.0,13186069.0,600512,-3.0,-0.25
2007-12-03,7.9,7.98,8.09,7.87,14156.0,11286480.0,600512,-1.12,-0.09
2007-12-04,8.0,7.99,8.08,7.95,12079.0,9650892.0,600512,0.13,0.01
2007-12-05,8.01,8.07,8.07,7.95,19057.0,15265442.0,600512,1.0,0.08
2007-12-06,8.06,8.13,8.19,8.05,12753.0,10355830.0,600512,0.74,0.06
2007-12-07,8.1,8.4,8.5,8.1,48515.0,40498256.0,600512,3.32,0.27
2007-12-10,8.6,8.65,9.15,8.59,121266.0,106317880.0,600512,2.98,0.25
2007-12-11,8.55,8.81,8.84,8.5,59011.0,51040204.0,600512,1.85,0.16
2007-12-12,8.7,8.73,8.88,8.6,34940.0,30690238.0,600512,-0.91,-0.08
2007-12-13,8.69,8.53,8.9,8.52,41336.0,36269788.0,600512,-2.29,-0.2
2007-12-14,8.45,8.62,8.63,8.31,23647.0,20081580.0,600512,1.06,0.09
2007-12-17,8.6,8.66,8.89,8.58,30396.0,26528870.0,600512,0.46,0.04
2007-12-18,8.62,8.42,8.69,8.41,17787.0,15199731.0,600512,-2.77,-0.24
2007-12-19,8.51,8.64,8.73,8.46,18482.0,15901801.0,600512,2.61,0.22
2007-12-20,8.7,8.85,8.85,8.54,46878.0,41032732.0,600512,2.43,0.21
2007-12-21,8.79,8.87,8.94,8.75,31464.0,27860092.0,600512,0.23,0.02
2007-12-24,8.97,8.89,9.05,8.82,55179.0,49379840.0,600512,0.23,0.02
2007-12-25,8.9,8.93,8.98,8.8,35812.0,31856150.0,600512,0.45,0.04
2007-12-26,8.94,9.21,9.21,8.92,57302.0,51994028.0,600512,3.14,0.28
2007-12-27,9.3,9.34,9.46,9.28,74825.0,69936016.0,600512,1.41,0.13
2007-12-28,9.45,9.3,9.48,9.25,43781.0,40978988.0,600512,-0.43,-0.04
2008-01-02,9.37,9.8,9.87,9.26,93354.0,90183016.0,600512,5.38,0.5
2008-01-03,9.9,10.36,10.47,9.82,139922.0,142579920.0,600512,5.71,0.56
2008-01-04,10.4,10.21,10.46,10.06,66405.0,67790864.0,600512,-1.45,-0.15
2008-01-07,10.31,10.68,10.8,10.31,87294.0,92818056.0,600512,4.6,0.47
2008-01-08,10.72,10.28,10.85,10.01,78600.0,81841808.0,600512,-3.75,-0.4
2008-01-09,10.19,10.69,10.7,10.09,72868.0,76110032.0,600512,3.99,0.41
2008-01-10,10.71,10.44,11.25,10.38,125258.0,133253344.0,600512,-2.34,-0.25
2008-01-11,10.46,10.21,10.55,10.18,114004.0,117136720.0,600512,-2.2,-0.23
2008-01-18,9.98,10.27,10.35,9.98,88816.0,90392512.0,600512,0.59,0.06
2008-01-21,10.25,9.6,10.3,9.58,57400.0,57155712.0,600512,-6.52,-0.67
2008-01-22,9.6,8.71,9.6,8.64,61327.0,55222336.0,600512,-9.27,-0.89
2008-01-23,8.85,9.58,9.58,8.85,69214.0,64251284.0,600512,9.99,0.87
2008-01-24,9.66,9.87,10.19,9.57,88251.0,87852608.0,600512,3.03,0.29
2008-01-25,9.49,9.58,9.8,9.49,135098.0,130723648.0,600512,-2.94,-0.29
2008-01-28,9.5,8.96,9.73,8.85,47115.0,43425044.0,600512,-6.47,-0.62
2008-01-29,9.0,9.18,9.35,8.86,23692.0,21569124.0,600512,2.46,0.22
2008-01-30,9.28,9.19,9.44,9.0,31967.0,29563880.0,600512,0.11,0.01
2008-01-31,9.15,8.9,9.38,8.86,24632.0,22344982.0,600512,-3.16,-0.29
2008-02-01,8.92,8.27,9.08,8.01,40717.0,34073232.0,600512,-7.08,-0.63
2008-02-04,8.59,8.95,8.98,8.5,36447.0,32153816.0,600512,8.22,0.68
2008-02-05,8.88,9.04,9.16,8.8,32842.0,29499308.0,600512,1.01,0.09
2008-02-13,8.98,9.1,9.12,8.78,29144.0,26070000.0,600512,0.66,0.06
2008-02-14,9.28,9.38,9.4,9.02,78567.0,72775704.0,600512,3.08,0.28
2008-02-15,9.37,9.32,9.37,9.01,57369.0,52641204.0,600512,-0.64,-0.06
2008-02-18,9.35,9.5,9.59,9.21,78251.0,73923720.0,600512,1.93,0.18
2008-02-19,9.63,9.79,9.87,9.55,142069.0,138174496.0,600512,3.05,0.29
2008-02-20,9.7,9.41,9.76,9.38,67102.0,64050388.0,600512,-3.88,-0.38
2008-02-21,9.35,9.28,9.55,9.2,63632.0,59584908.0,600512,-1.38,-0.13
2008-02-22,9.31,9.11,9.46,8.9,55290.0,50619376.0,600512,-1.83,-0.17
2008-02-25,9.11,8.91,9.2,8.9,36594.0,32983284.0,600512,-2.2,-0.2
2008-02-26,9.12,9.03,9.18,8.75,31619.0,28219762.0,600512,1.35,0.12
2008-02-27,9.13,9.21,9.24,8.97,40855.0,37439964.0,600512,1.99,0.18
2008-02-28,9.18,9.18,9.29,9.09,23540.0,21668652.0,600512,-0.33,-0.03
2008-02-29,9.18,9.48,9.56,9.13,77207.0,72383456.0,600512,3.27,0.3
2008-03-03,9.39,9.76,9.77,9.31,106623.0,102384816.0,600512,2.95,0.28
2008-03-04,9.81,9.51,9.85,9.48,142380.0,137294480.0,600512,-2.56,-0.25
2008-03-05,9.54,9.64,9.73,9.3,81224.0,77607112.0,600512,1.37,0.13
2008-03-06,9.7,9.81,10.06,9.69,168835.0,167091536.0,600512,1.76,0.17
2008-03-07,9.8,9.57,9.84,9.45,60800.0,58626216.0,600512,-2.45,-0.24
2008-03-10,9.38,9.2,9.59,9.11,43701.0,40835872.0,600512,-3.87,-0.37
2008-03-11,9.09,9.35,9.35,8.95,32445.0,29646316.0,600512,1.63,0.15
2008-03-12,9.42,9.09,9.52,9.06,30316.0,28080228.0,600512,-2.78,-0.26
2008-03-13,8.95,8.75,9.17,8.55,37827.0,33579460.0,600512,-3.74,-0.34
2008-03-14,8.6,8.69,8.89,8.6,23149.0,20187376.0,600512,-0.69,-0.06
2008-03-17,8.7,7.94,8.7,7.9,39987.0,33085864.0,600512,-8.63,-0.75
2008-03-18,8.01,7.32,8.14,7.15,44021.0,33127692.0,600512,-7.81,-0.62
2008-03-19,7.36,7.61,7.76,7.36,33989.0,25661426.0,600512,3.96,0.29
2008-03-20,7.5,7.75,7.95,6.98,47266.0,35662972.0,600512,1.84,0.14
2008-03-21,7.74,7.85,7.94,7.63,34794.0,27228944.0,600512,1.29,0.1
2008-03-25,7.45,7.89,7.9,7.4,33149.0,25347462.0,600512,0.51,0.04
2008-03-26,7.92,7.76,7.98,7.68,22594.0,17728564.0,600512,-1.65,-0.13
2008-03-27,7.69,7.33,7.69,7.31,24023.0,17899556.0,600512,-5.54,-0.43
2008-03-28,7.3,7.59,7.6,7.19,24921.0,18527192.0,600512,3.55,0.26
2008-03-31,7.4,7.16,7.55,7.12,23108.0,16834760.0,600512,-5.67,-0.43
2008-04-01,7.18,6.45,7.29,6.44,37272.0,25252666.0,600512,-9.92,-0.71
2008-04-02,6.58,6.11,6.68,6.06,31745.0,20024068.0,600512,-5.27,-0.34
2008-04-03,6.15,6.36,6.47,6.07,24397.0,15221391.0,600512,4.09,0.25
2008-04-07,6.2,6.91,6.93,6.18,29095.0,19285364.0,600512,8.65,0.55
2008-04-08,6.89,6.95,7.18,6.75,48855.0,34101792.0,600512,0.58,0.04
2008-04-09,6.9,6.78,7.16,6.7,46225.0,32322580.0,600512,-2.45,-0.17
2008-04-10,6.68,7.0,7.0,6.58,48432.0,32802178.0,600512,3.24,0.22
2008-04-11,6.99,7.02,7.08,6.93,34972.0,24488548.0,600512,0.29,0.02
2008-04-14,6.9,6.41,6.9,6.4,22986.0,15203064.0,600512,-8.69,-0.61
2008-04-15,6.08,6.46,6.47,5.98,40782.0,25031300.0,600512,0.78,0.05
2008-04-16,6.4,6.18,6.4,6.05,29610.0,18318088.0,600512,-4.33,-0.28
2008-04-17,6.16,5.96,6.27,5.93,21675.0,13139092.0,600512,-3.56,-0.22
2008-04-18,5.92,5.42,5.95,5.4,29276.0,16555539.0,600512,-9.06,-0.54
2008-04-21,5.88,5.43,5.92,5.4,30447.0,17178216.0,600512,0.18,0.01
2008-04-22,5.39,5.35,5.4,5.05,19480.0,10235102.0,600512,-1.47,-0.08
2008-04-23,5.28,5.58,5.66,5.21,22789.0,12539507.0,600512,4.3,0.23
2008-04-24,6.14,6.14,6.14,5.95,78757.0,47983748.0,600512,10.04,0.56
2008-04-25,6.12,6.2,6.43,6.03,64295.0,40109564.0,600512,0.98,0.06
2008-04-28,6.14,6.01,6.15,6.0,34624.0,21043916.0,600512,-3.06,-0.19
2008-04-29,6.01,6.1,6.14,6.0,27244.0,16583663.0,600512,1.5,0.09
2008-04-30,6.15,6.38,6.45,6.11,45508.0,28770832.0,600512,4.59,0.28
2008-05-05,6.43,6.62,6.68,6.37,45062.0,29518472.0,600512,3.76,0.24
2008-05-06,6.55,6.45,6.62,6.39,56851.0,36916400.0,600512,-2.57,-0.17
2008-05-07,6.4,6.31,6.5,6.22,52260.0,33116410.0,600512,-2.17,-0.14
2008-05-08,6.3,6.74,6.75,6.24,78117.0,51163432.0,600512,6.81,0.43
2008-05-09,6.85,6.64,6.87,6.47,103661.0,69709008.0,600512,-1.48,-0.1
2008-05-13,6.46,6.73,6.83,6.38,67178.0,44998536.0,600512,1.36,0.09
2008-05-14,6.75,6.85,6.98,6.72,70836.0,48599096.0,600512,1.78,0.12
2008-05-15,6.93,6.81,7.03,6.8,57937.0,40113616.0,600512,-0.58,-0.04
2008-05-16,6.76,6.61,6.82,6.52,42285.0,28178854.0,600512,-2.94,-0.2
2008-05-19,6.57,6.71,6.87,6.57,34707.0,23400900.0,600512,1.51,0.1
2008-05-20,6.73,7.37,7.38,6.7,378086.0,275092320.0,600512,9.84,0.66
2008-05-21,7.18,8.11,8.11,7.02,458236.0,353073984.0,600512,10.04,0.74
2008-05-23,8.92,7.3,8.92,7.3,284772.0,212484176.0,600512,-9.99,-0.81
2008-05-26,7.1,6.86,7.45,6.71,157971.0,110505808.0,600512,-6.03,-0.44
2008-05-27,6.88,6.58,6.95,6.5,105601.0,70828944.0,600512,-4.08,-0.28
2008-05-28,6.63,6.72,6.87,6.61,77809.0,52453524.0,600512,2.13,0.14
2008-05-29,6.71,6.68,6.96,6.61,91589.0,62386016.0,600512,-0.6,-0.04
2008-05-30,6.71,6.59,6.78,6.43,75387.0,49350928.0,600512,-1.35,-0.09
2008-06-02,6.54,6.7,6.78,6.5,59773.0,39678516.0,600512,1.67,0.11
2008-06-03,6.61,6.47,6.73,6.33,69522.0,45100172.0,600512,-3.43,-0.23
2008-06-04,6.48,6.19,6.52,6.09,63272.0,39480016.0,600512,-4.33,-0.28
2008-06-05,6.17,6.18,6.27,6.11,28072.0,17408704.0,600512,-0.16,-0.01
2008-06-06,6.2,6.17,6.26,6.14,24204.0,14973411.0,600512,-0.16,-0.01
2008-06-10,6.3,6.47,6.78,6.2,194594.0,125689288.0,600512,4.86,0.3
2008-06-11,6.35,6.02,6.35,5.82,103890.0,62432064.0,600512,-6.96,-0.45
2008-06-12,5.95,5.72,5.98,5.58,63343.0,36390748.0,600512,-4.98,-0.3
2008-06-13,5.86,5.55,5.97,5.52,40970.0,23632896.0,600512,-2.97,-0.17
2008-06-16,5.5,5.46,5.7,5.35,30752.0,16944492.0,600512,-1.62,-0.09
2008-06-17,5.46,5.07,5.56,5.04,37891.0,20017304.0,600512,-7.14,-0.39
2008-06-18,5.0,5.37,5.42,4.91,55249.0,28934164.0,600512,5.92,0.3
2008-06-19,5.28,4.92,5.44,4.91,49609.0,25655154.0,600512,-8.38,-0.45
2008-06-20,5.06,5.03,5.26,4.75,39370.0,19909396.0,600512,2.24,0.11
2008-06-23,5.01,5.03,5.13,4.93,22577.0,11353841.0,600512,0.0,0.0
2008-06-24,5.03,5.19,5.23,5.03,25818.0,13315226.0,600512,3.18,0.16
2008-06-25,5.2,5.43,5.49,5.16,36306.0,19488256.0,600512,4.62,0.24
2008-06-26,5.44,5.43,5.5,5.32,39820.0,21545454.0,600512,0.0,0.0
2008-06-27,5.3,5.0,5.3,4.93,40232.0,20556660.0,600512,-7.92,-0.43
2008-06-30,5.0,5.04,5.11,4.9,21153.0,10578763.0,600512,0.8,0.04
2008-07-01,5.0,4.94,5.02,4.81,13889.0,6830587.0,600512,-1.98,-0.1
2008-07-02,4.9,4.93,5.05,4.85,13858.0,6892579.0,600512,-0.2,-0.01
2008-07-03,4.88,5.14,5.23,4.83,27937.0,14187597.0,600512,4.26,0.21
2008-07-04,5.14,5.04,5.18,5.02,23442.0,11919017.0,600512,-1.95,-0.1
2008-07-07,5.06,5.31,5.34,5.05,47462.0,24903108.0,600512,5.36,0.27
2008-07-08,5.37,5.35,5.39,5.22,38659.0,20531816.0,600512,0.75,0.04
2008-07-09,5.36,5.5,5.52,5.32,52315.0,28511108.0,600512,2.8,0.15
2008-07-10,5.41,5.41,5.58,5.35,50914.0,27931636.0,600512,-1.64,-0.09
2008-07-11,5.36,5.29,5.44,5.19,33377.0,17577688.0,600512,-2.22,-0.12
2008-07-14,5.23,5.33,5.37,5.23,30908.0,16408250.0,600512,0.76,0.04
2008-07-15,5.41,5.25,5.48,5.21,33907.0,18121568.0,600512,-1.5,-0.08
2008-07-16,5.21,5.0,5.26,4.89,29434.0,14869389.0,600512,-4.76,-0.25
2008-07-17,5.08,4.93,5.12,4.89,22962.0,11508714.0,600512,-1.4,-0.07
2008-07-18,5.0,5.15,5.15,4.9,22592.0,11380752.0,600512,4.46,0.22
2008-07-21,5.1,5.4,5.44,5.1,44956.0,23916280.0,600512,4.85,0.25
2008-07-22,5.38,5.52,5.55,5.3,58388.0,31825012.0,600512,2.22,0.12
2008-07-23,5.62,5.44,5.8,5.4,87119.0,48839744.0,600512,-1.45,-0.08
2008-07-24,5.43,5.56,5.61,5.37,49884.0,27577728.0,600512,2.21,0.12
2008-07-25,5.49,5.49,5.56,5.42,25883.0,14210855.0,600512,-1.26,-0.07
2008-07-28,5.5,5.53,5.59,5.48,24935.0,13814328.0,600512,0.73,0.04
2008-07-29,5.5,5.51,5.52,5.35,25731.0,13928136.0,600512,-0.36,-0.02
2008-07-30,5.58,5.68,5.74,5.51,84744.0,47946368.0,600512,3.09,0.17
2008-07-31,5.72,5.68,5.79,5.59,81561.0,46445340.0,600512,0.0,0.0
2008-08-01,5.67,5.49,5.75,5.29,104700.0,57521908.0,600512,-3.35,-0.19
2008-08-04,5.43,5.33,5.49,5.3,32750.0,17585768.0,600512,-2.91,-0.16
2008-08-05,5.25,5.35,5.6,5.25,29668.0,16026332.0,600512,0.38,0.02
2008-08-06,5.39,5.36,5.42,5.24,23428.0,12474288.0,600512,0.19,0.01
2008-08-07,5.31,5.37,5.39,5.23,21969.0,11672459.0,600512,0.19,0.01
2008-08-08,5.36,5.0,5.46,4.96,37095.0,19446712.0,600512,-6.89,-0.37
2008-08-11,5.02,4.53,5.06,4.51,33686.0,15956701.0,600512,-9.4,-0.47
2008-08-12,4.53,4.55,4.62,4.43,17196.0,7772899.0,600512,0.44,0.02
2008-08-13,4.56,4.49,4.56,4.28,25027.0,11119353.0,600512,-1.32,-0.06
2008-08-14,4.45,4.5,4.54,4.42,9967.0,4471108.0,600512,0.22,0.01
2008-08-15,4.5,4.5,4.56,4.4,10981.0,4937969.0,600512,0.0,0.0
2008-08-18,4.54,4.05,4.56,4.05,15347.0,6511593.0,600512,-10.0,-0.45
2008-08-19,4.0,4.12,4.13,4.0,14415.0,5865252.0,600512,1.73,0.07
2008-08-20,4.08,4.44,4.47,3.91,44633.0,19044828.0,600512,7.77,0.32
2008-08-21,4.3,4.18,4.42,4.16,27191.0,11617982.0,600512,-5.86,-0.26
2008-08-22,4.18,4.1,4.18,4.0,19221.0,7837664.0,600512,-1.91,-0.08
2008-08-25,4.1,4.28,4.38,4.04,38851.0,16558262.0,600512,4.39,0.18
2008-08-26,4.23,4.17,4.36,4.03,49764.0,21055116.0,600512,-2.57,-0.11
2008-08-27,4.15,4.31,4.36,4.09,49978.0,21320374.0,600512,3.36,0.14
2008-08-28,4.36,4.24,4.36,4.21,24204.0,10345966.0,600512,-1.62,-0.07
2008-08-29,4.18,4.34,4.39,4.14,39034.0,16739044.0,600512,2.36,0.1
2008-09-01,4.25,4.16,4.32,4.06,27948.0,11659500.0,600512,-4.15,-0.18
2008-09-02,4.1,4.19,4.24,4.07,14955.0,6219075.0,600512,0.72,0.03
2008-09-03,4.18,4.2,4.23,4.08,20913.0,8682136.0,600512,0.24,0.01
2008-09-04,4.17,4.29,4.33,4.17,23066.0,9819412.0,600512,2.14,0.09
2008-09-05,4.2,4.28,4.45,4.12,90906.0,39442912.0,600512,-0.23,-0.01
2008-09-08,4.27,4.0,4.32,3.97,42030.0,17401812.0,600512,-6.54,-0.28
2008-09-09,4.07,4.08,4.09,3.98,22284.0,9000753.0,600512,2.0,0.08
2008-09-11,4.1,4.01,4.15,3.99,18731.0,7608107.0,600512,-1.72,-0.07
2008-09-12,4.06,4.02,4.08,4.0,11789.0,4748850.0,600512,0.25,0.01
2008-09-16,4.03,3.81,4.06,3.8,20798.0,8203757.0,600512,-5.22,-0.21
2008-09-17,3.83,3.87,3.89,3.75,17912.0,6829574.0,600512,1.57,0.06
2008-09-18,3.77,3.84,3.87,3.53,29963.0,11182683.0,600512,-0.78,-0.03
2008-09-19,4.19,4.22,4.22,4.04,55799.0,23323712.0,600512,9.9,0.38
2008-09-22,4.46,4.34,4.64,4.22,81508.0,36037944.0,600512,2.84,0.12
2008-09-23,4.2,3.98,4.2,3.98,34935.0,14239227.0,600512,-8.29,-0.36
2008-09-24,3.95,4.05,4.06,3.87,20758.0,8265384.0,600512,1.76,0.07
2008-09-25,4.05,4.12,4.15,4.0,44761.0,18397038.0,600512,1.73,0.07
2008-09-26,4.12,4.08,4.14,4.01,40017.0,16334101.0,600512,-0.97,-0.04
2008-10-06,4.02,4.03,4.06,3.91,28974.0,11545338.0,600512,-1.23,-0.05
2008-10-07,3.95,4.13,4.16,3.9,40214.0,16354601.0,600512,2.48,0.1
2008-10-08,4.1,4.09,4.2,4.02,71150.0,29322072.0,600512,-0.97,-0.04
2008-10-09,4.15,3.9,4.16,3.89,31299.0,12579349.0,600512,-4.65,-0.19
2008-10-10,3.79,3.68,3.79,3.61,26734.0,9878275.0,600512,-5.64,-0.22
2008-10-13,3.68,3.73,3.76,3.51,23456.0,8549620.0,600512,1.36,0.05
2008-10-14,3.83,3.63,3.87,3.62,30175.0,11383393.0,600512,-2.68,-0.1
2008-10-15,3.62,3.65,3.72,3.6,12273.0,4481802.0,600512,0.55,0.02
2008-10-16,3.5,3.47,3.59,3.44,19097.0,6709927.0,600512,-4.93,-0.18
2008-10-17,3.45,3.48,3.6,3.45,12673.0,4431579.0,600512,0.29,0.01
2008-10-20,3.41,3.55,3.57,3.41,12999.0,4573852.0,600512,2.01,0.07
2008-10-21,3.55,3.52,3.59,3.5,13493.0,4787401.0,600512,-0.85,-0.03
2008-10-22,3.5,3.42,3.52,3.41,10525.0,3639364.0,600512,-2.84,-0.1
2008-10-23,3.41,3.43,3.44,3.32,13394.0,4525758.0,600512,0.29,0.01
2008-10-24,3.42,3.38,3.46,3.34,12299.0,4189879.0,600512,-1.46,-0.05
2008-10-27,3.33,3.25,3.58,3.23,39874.0,13534767.0,600512,-3.85,-0.13
2008-10-28,3.1,3.28,3.32,3.1,29826.0,9509383.0,600512,0.92,0.03
2008-10-29,3.3,3.12,3.33,3.11,17772.0,5759918.0,600512,-4.88,-0.16
2008-10-30,3.13,3.16,3.21,3.13,14446.0,4585751.0,600512,1.28,0.04
2008-10-31,3.16,3.12,3.2,3.11,12161.0,3826338.0,600512,-1.27,-0.04
2008-11-03,3.12,3.07,3.15,3.05,8975.0,2779032.0,600512,-1.6,-0.05
2008-11-04,3.07,3.02,3.09,2.98,12081.0,3657221.0,600512,-1.63,-0.05
2008-11-05,3.05,3.19,3.22,3.04,38689.0,12230928.0,600512,5.63,0.17
2008-11-06,3.14,3.36,3.44,3.11,89613.0,29657596.0,600512,5.33,0.17
2008-11-07,3.26,3.36,3.41,3.23,41112.0,13659809.0,600512,0.0,0.0
2008-11-10,3.47,3.7,3.7,3.44,92066.0,33142072.0,600512,10.12,0.34
2008-11-11,3.73,3.71,3.9,3.64,108142.0,40868016.0,600512,0.27,0.01
2008-11-12,3.65,3.83,3.87,3.6,66030.0,24504844.0,600512,3.23,0.12
2008-11-13,3.89,4.0,4.08,3.89,133287.0,53260160.0,600512,4.44,0.17
2008-11-14,4.0,4.09,4.1,3.9,131750.0,52835624.0,600512,2.25,0.09
2008-11-17,4.09,4.41,4.5,3.99,156060.0,66070144.0,600512,7.82,0.32
2008-11-18,4.33,4.01,4.48,3.97,200491.0,84636152.0,600512,-9.07,-0.4
2008-11-19,4.01,4.27,4.33,4.01,161348.0,67650680.0,600512,6.48,0.26
2008-11-20,4.18,4.15,4.27,4.0,103344.0,42976668.0,600512,-2.81,-0.12
2008-11-21,4.0,4.1,4.24,3.9,92156.0,37508168.0,600512,-1.2,-0.05
2008-11-24,4.11,3.8,4.15,3.78,60929.0,24070108.0,600512,-7.32,-0.3
2008-11-25,3.9,3.81,3.95,3.7,46137.0,17611896.0,600512,0.26,0.01
2008-11-26,3.85,3.92,3.99,3.8,53377.0,20990202.0,600512,2.89,0.11
2008-11-27,4.27,3.96,4.3,3.93,139815.0,57846372.0,600512,1.02,0.04
2008-11-28,3.9,4.1,4.12,3.86,88079.0,35574952.0,600512,3.54,0.14
2008-12-01,4.23,4.36,4.37,4.11,174554.0,74088184.0,600512,6.34,0.26
2008-12-02,4.24,4.25,4.35,4.13,131296.0,55728088.0,600512,-2.52,-0.11
2008-12-03,4.3,4.37,4.42,4.22,143921.0,62140524.0,600512,2.82,0.12
2008-12-04,4.42,4.33,4.48,4.25,158170.0,69069976.0,600512,-0.92,-0.04
2008-12-05,4.39,4.44,4.44,4.24,116916.0,50744068.0,600512,2.54,0.11
2008-12-08,4.48,4.51,4.57,4.42,169287.0,76047040.0,600512,1.58,0.07
2008-12-09,4.5,4.28,4.5,4.27,110988.0,48519064.0,600512,-5.1,-0.23
2008-12-10,4.26,4.36,4.4,4.22,81530.0,35107208.0,600512,1.87,0.08
2008-12-11,4.36,4.17,4.38,4.15,75524.0,32252764.0,600512,-4.36,-0.19
2008-12-12,4.12,4.0,4.19,3.92,79797.0,32407672.0,600512,-4.08,-0.17
2008-12-15,4.06,4.07,4.11,3.98,48799.0,19772910.0,600512,1.75,0.07
2008-12-16,4.05,4.18,4.18,4.01,52638.0,21675120.0,600512,2.7,0.11
2008-12-17,4.18,4.18,4.23,4.15,56104.0,23490772.0,600512,0.0,0.0
2008-12-18,4.2,4.21,4.22,4.12,40785.0,17012046.0,600512,0.72,0.03
2008-12-19,4.21,4.22,4.28,4.19,56786.0,24074604.0,600512,0.24,0.01
2008-12-22,4.18,4.2,4.26,4.13,34915.0,14638922.0,600512,-0.47,-0.02
2008-12-23,4.21,3.93,4.25,3.92,63384.0,25732900.0,600512,-6.43,-0.27
2008-12-24,3.92,3.79,3.95,3.73,40046.0,15485288.0,600512,-3.56,-0.14
2008-12-25,3.76,3.71,3.83,3.61,42801.0,15907600.0,600512,-2.11,-0.08
2008-12-26,3.71,3.72,3.77,3.67,30169.0,11254994.0,600512,0.27,0.01
2008-12-29,3.71,3.74,3.79,3.61,23332.0,8609967.0,600512,0.54,0.02
2008-12-30,3.75,3.68,3.77,3.64,20146.0,7451568.0,600512,-1.6,-0.06
2008-12-31,3.71,3.68,3.74,3.63,23556.0,8687619.0,600512,0.0,0.0
2009-01-05,3.73,3.84,3.84,3.73,35385.0,13493500.0,600512,4.35,0.16
2009-01-06,3.8,4.01,4.02,3.79,64312.0,25302574.0,600512,4.43,0.17
2009-01-07,4.0,4.2,4.32,3.95,164326.0,68723840.0,600512,4.74,0.19
2009-01-08,4.13,4.18,4.37,4.1,232326.0,98848808.0,600512,-0.48,-0.02
2009-01-09,4.11,4.19,4.24,4.1,87736.0,36620208.0,600512,0.24,0.01
2009-01-12,4.23,4.21,4.28,4.2,77356.0,32857260.0,600512,0.48,0.02
2009-01-13,4.19,4.04,4.19,4.02,54389.0,22166412.0,600512,-4.04,-0.17
2009-01-14,4.05,4.19,4.19,4.04,50266.0,20741192.0,600512,3.71,0.15
2009-01-15,4.17,4.22,4.32,4.11,88532.0,37363632.0,600512,0.72,0.03
2009-01-16,4.25,4.22,4.35,4.21,89551.0,38255840.0,600512,0.0,0.0
2009-01-19,4.25,4.27,4.28,4.18,60086.0,25380762.0,600512,1.18,0.05
2009-01-20,4.32,4.29,4.36,4.23,81635.0,35060816.0,600512,0.47,0.02
2009-01-21,4.21,4.22,4.29,4.18,60145.0,25435094.0,600512,-1.63,-0.07
2009-01-22,4.24,4.25,4.28,4.19,42382.0,17981764.0,600512,0.71,0.03
2009-01-23,4.25,4.23,4.26,4.21,51397.0,21754248.0,600512,-0.47,-0.02
2009-02-02,4.25,4.34,4.35,4.19,89500.0,38416060.0,600512,2.6,0.11
2009-02-03,4.34,4.43,4.44,4.28,119672.0,52514280.0,600512,2.07,0.09
2009-02-04,4.44,4.51,4.56,4.36,142674.0,63570780.0,600512,1.81,0.08
2009-02-05,4.52,4.42,4.6,4.39,147529.0,66498368.0,600512,-2.0,-0.09
2009-02-06,4.45,4.68,4.74,4.45,177145.0,81815200.0,600512,5.88,0.26
2009-02-09,4.82,4.92,4.97,4.81,303369.0,147978096.0,600512,5.13,0.24
2009-02-10,4.88,4.93,4.95,4.77,144710.0,70241272.0,600512,0.2,0.01
2009-02-11,4.87,4.88,5.05,4.8,173187.0,85006976.0,600512,-1.01,-0.05
2009-02-12,4.9,4.9,4.95,4.69,110907.0,53706064.0,600512,0.41,0.02
2009-02-13,4.9,5.04,5.09,4.88,169141.0,84740496.0,600512,2.86,0.14
2009-02-16,5.02,5.14,5.19,4.98,135395.0,68860768.0,600512,1.98,0.1
2009-02-17,5.13,5.02,5.31,5.01,205312.0,106313504.0,600512,-2.33,-0.12
2009-02-18,4.87,4.66,4.97,4.65,128876.0,62115180.0,600512,-7.17,-0.36
2009-02-19,4.65,4.75,4.8,4.63,74507.0,35025240.0,600512,1.93,0.09
2009-02-20,4.75,4.86,4.88,4.65,76075.0,36396592.0,600512,2.32,0.11
2009-02-23,4.83,5.01,5.02,4.8,92093.0,45481720.0,600512,3.09,0.15
2009-02-24,4.96,4.69,5.04,4.67,117998.0,57138056.0,600512,-6.39,-0.32
2009-02-25,4.74,4.8,4.84,4.56,89650.0,42144128.0,600512,2.35,0.11
2009-02-26,4.75,4.45,4.91,4.32,80368.0,37571628.0,600512,-7.29,-0.35
2009-02-27,4.35,4.18,4.43,4.16,72070.0,30869848.0,600512,-6.07,-0.27
2009-03-02,4.15,4.28,4.31,4.15,36855.0,15653543.0,600512,2.39,0.1
2009-03-03,4.19,4.29,4.34,4.15,44494.0,18922324.0,600512,0.23,0.01
2009-03-04,4.3,4.52,4.54,4.29,67777.0,30162812.0,600512,5.36,0.23
2009-03-05,4.58,4.59,4.62,4.44,84228.0,38225736.0,600512,1.55,0.07
2009-03-06,4.5,4.76,4.78,4.45,123497.0,57713692.0,600512,3.7,0.17
2009-03-09,4.84,4.73,4.97,4.68,215005.0,104587296.0,600512,-0.63,-0.03
2009-03-10,4.56,4.82,4.83,4.5,88865.0,41108476.0,600512,1.9,0.09
2009-03-11,4.93,4.66,4.94,4.66,74886.0,35822788.0,600512,-3.32,-0.16
2009-03-12,4.61,4.7,4.72,4.51,52407.0,24261942.0,600512,0.86,0.04
2009-03-13,4.72,4.57,4.75,4.56,47351.0,21992500.0,600512,-2.77,-0.13
2009-03-17,4.65,4.78,4.84,4.6,61154.0,28945756.0,600512,4.6,0.21
2009-03-18,4.83,4.8,4.89,4.78,83242.0,40207124.0,600512,0.42,0.02
2009-03-19,4.8,4.9,4.94,4.77,84145.0,41073164.0,600512,2.08,0.1
2009-03-20,4.88,4.88,4.94,4.78,97445.0,47466556.0,600512,-0.41,-0.02
2009-03-23,4.9,4.95,5.01,4.88,96141.0,47567876.0,600512,1.43,0.07
2009-03-24,5.0,4.9,5.03,4.87,81446.0,40133740.0,600512,-1.01,-0.05
2009-03-25,4.89,4.88,5.07,4.81,115388.0,57089064.0,600512,-0.41,-0.02
2009-03-26,4.92,5.02,5.05,4.89,131173.0,65323632.0,600512,2.87,0.14
2009-03-27,5.05,4.96,5.07,4.93,98818.0,49197684.0,600512,-1.2,-0.06
2009-03-30,4.94,4.96,5.04,4.93,64088.0,31917742.0,600512,0.0,0.0
2009-03-31,4.76,4.93,4.97,4.76,71399.0,34749928.0,600512,-0.6,-0.03
2009-04-01,4.92,5.01,5.02,4.85,206268.0,101580120.0,600512,1.62,0.08
2009-04-02,5.02,4.92,5.04,4.9,132071.0,65630984.0,600512,-1.8,-0.09
2009-04-03,4.97,4.93,5.01,4.86,121182.0,59807980.0,600512,0.2,0.01
2009-04-07,4.93,4.94,4.98,4.85,65707.0,32231510.0,600512,0.2,0.01
2009-04-08,4.93,4.82,5.04,4.81,158670.0,78695984.0,600512,-2.43,-0.12
2009-04-09,4.77,4.83,4.85,4.66,103092.0,48886900.0,600512,0.21,0.01
2009-04-10,4.83,4.99,5.01,4.77,122594.0,59982248.0,600512,3.31,0.16
2009-04-13,5.02,5.04,5.12,4.99,169392.0,85428992.0,600512,1.0,0.05
2009-04-14,5.05,5.07,5.11,5.0,111200.0,56146888.0,600512,0.6,0.03
2009-04-15,5.06,5.16,5.24,5.01,190200.0,97665280.0,600512,1.78,0.09
2009-04-16,5.15,5.29,5.33,5.04,202251.0,105123688.0,600512,2.52,0.13
2009-04-17,5.3,5.14,5.4,5.13,204446.0,107899680.0,600512,-2.84,-0.15
2009-04-20,5.1,5.26,5.27,5.05,109549.0,56843812.0,600512,2.33,0.12
2009-04-21,5.18,5.31,5.33,5.12,123648.0,64362648.0,600512,0.95,0.05
2009-04-22,5.32,5.06,5.51,5.0,194938.0,103624024.0,600512,-4.71,-0.25
2009-04-23,5.01,5.01,5.07,4.87,82602.0,41089600.0,600512,-0.99,-0.05
2009-04-24,5.01,4.92,5.05,4.91,65244.0,32578068.0,600512,-1.8,-0.09
2009-04-28,4.68,4.79,4.8,4.62,78962.0,37356884.0,600512,-2.64,-0.13
2009-04-29,4.79,4.92,4.97,4.74,62766.0,30613908.0,600512,2.71,0.13
2009-04-30,4.93,5.18,5.23,4.9,157552.0,80147296.0,600512,5.28,0.26
2009-05-04,5.3,5.34,5.45,5.21,232550.0,124035288.0,600512,3.09,0.16
2009-05-05,5.36,5.34,5.37,5.16,144175.0,76643912.0,600512,0.0,0.0
2009-05-06,5.35,5.36,5.44,5.32,130113.0,69981288.0,600512,0.37,0.02
2009-05-07,5.38,5.29,5.45,5.16,126684.0,66998432.0,600512,-1.31,-0.07
2009-05-08,5.25,5.44,5.59,5.19,240396.0,130512928.0,600512,2.84,0.15
2009-05-11,5.42,5.2,5.47,5.18,131902.0,70266680.0,600512,-4.41,-0.24
2009-05-12,5.18,5.35,5.37,5.12,73024.0,38517216.0,600512,2.88,0.15
2009-05-13,5.36,5.48,5.63,5.33,211046.0,116259480.0,600512,2.43,0.13
2009-05-14,5.4,5.37,5.44,5.3,104835.0,56235360.0,600512,-2.01,-0.11
2009-05-15,5.39,5.49,5.5,5.35,107647.0,58489352.0,600512,2.23,0.12
2009-05-18,5.47,5.64,5.65,5.37,167368.0,93037776.0,600512,2.73,0.15
2009-05-19,5.63,5.62,5.8,5.58,200914.0,114364952.0,600512,-0.35,-0.02
2009-05-20,5.6,5.56,5.75,5.51,120786.0,68300712.0,600512,-1.07,-0.06
2009-05-21,5.5,5.74,5.75,5.47,190027.0,106612600.0,600512,3.24,0.18
2009-05-22,5.69,5.56,5.77,5.53,120525.0,68002624.0,600512,-3.14,-0.18
2009-05-25,5.42,5.41,5.47,5.2,116533.0,62288400.0,600512,-2.7,-0.15
2009-05-26,5.4,5.39,5.49,5.37,92214.0,50045200.0,600512,-0.37,-0.02
2009-05-27,5.41,5.34,5.44,5.26,79689.0,42570228.0,600512,-0.93,-0.05
2009-06-01,5.36,5.43,5.49,5.36,74584.0,40548184.0,600512,1.69,0.09
2009-06-02,5.52,5.47,5.56,5.43,83319.0,45746556.0,600512,0.74,0.04
2009-06-03,5.49,5.53,5.6,5.48,92915.0,51499256.0,600512,1.1,0.06
2009-06-04,5.5,5.46,5.59,5.39,104490.0,57187728.0,600512,-1.27,-0.07
2009-06-05,5.47,5.59,5.64,5.4,118124.0,65049096.0,600512,2.38,0.13
2009-06-08,5.6,5.59,5.68,5.51,121286.0,68012480.0,600512,0.0,0.0
2009-06-09,5.58,5.65,5.67,5.3,146184.0,80570480.0,600512,1.07,0.06
2009-06-10,6.17,6.22,6.22,6.01,354498.0,218485696.0,600512,10.09,0.57
2009-06-11,6.3,5.95,6.3,5.92,427975.0,260457344.0,600512,-4.34,-0.27
2009-06-12,5.92,5.81,5.93,5.65,197770.0,114219840.0,600512,-2.35,-0.14
2009-06-15,5.76,5.83,5.86,5.72,85364.0,49480852.0,600512,0.34,0.02
2009-06-16,5.76,5.7,5.8,5.68,83259.0,47692940.0,600512,-2.23,-0.13
2009-06-17,5.67,5.78,5.81,5.65,71792.0,41239124.0,600512,1.4,0.08
2009-06-18,5.79,5.76,5.82,5.71,83191.0,47916096.0,600512,-0.35,-0.02
2009-06-19,5.78,5.86,5.97,5.72,138535.0,81044344.0,600512,1.74,0.1
2009-06-22,5.87,5.74,5.92,5.71,86570.0,50300220.0,600512,-2.05,-0.12
2009-06-23,5.7,5.72,5.79,5.64,59791.0,34183000.0,600512,-0.35,-0.02
2009-06-25,5.78,5.74,5.82,5.71,70329.0,40478708.0,600512,0.35,0.02
2009-06-26,5.79,5.73,5.79,5.66,60222.0,34416540.0,600512,-0.17,-0.01
2009-06-29,5.8,5.83,5.88,5.74,86872.0,50614840.0,600512,1.75,0.1
2009-06-30,5.83,5.72,5.87,5.7,57117.0,32893442.0,600512,-1.89,-0.11
2009-07-01,5.72,5.84,5.84,5.68,88800.0,51511336.0,600512,2.1,0.12
2009-07-02,5.85,5.81,5.87,5.72,73651.0,42622092.0,600512,-0.51,-0.03
2009-07-03,5.76,5.92,5.95,5.73,133011.0,77992776.0,600512,1.89,0.11
2009-07-06,6.04,5.93,6.15,5.92,164852.0,98890008.0,600512,0.17,0.01
2009-07-07,5.94,6.05,6.12,5.94,163655.0,98585616.0,600512,2.02,0.12
2009-07-08,6.0,5.98,6.03,5.9,93353.0,55675992.0,600512,-1.16,-0.07
2009-07-09,5.96,6.04,6.04,5.93,98980.0,59321680.0,600512,1.0,0.06
2009-07-10,6.04,6.02,6.08,6.0,102906.0,62191244.0,600512,-0.33,-0.02
2009-07-13,6.07,6.09,6.14,6.02,117109.0,71356800.0,600512,1.16,0.07
2009-07-14,6.12,6.14,6.15,6.05,108779.0,66547200.0,600512,0.82,0.05
2009-07-15,6.12,6.17,6.18,6.09,110963.0,68141984.0,600512,0.49,0.03
2009-07-16,6.2,6.46,6.48,6.09,220519.0,137648272.0,600512,4.7,0.29
2009-07-17,6.35,6.31,6.43,6.25,181148.0,114764944.0,600512,-2.32,-0.15
2009-07-20,6.3,6.34,6.38,6.27,110128.0,69713176.0,600512,0.48,0.03
2009-07-21,6.31,6.07,6.34,6.05,146941.0,91139328.0,600512,-4.26,-0.27
2009-07-22,6.09,6.13,6.16,6.08,79284.0,48517976.0,600512,0.99,0.06
2009-07-23,6.13,6.2,6.23,6.13,67456.0,41660144.0,600512,1.14,0.07
2009-07-24,6.2,6.1,6.25,6.04,98994.0,60847780.0,600512,-1.61,-0.1
2009-07-27,6.11,6.47,6.55,6.11,293003.0,187101120.0,600512,6.07,0.37
2009-07-28,6.46,6.58,6.6,6.35,292005.0,188928384.0,600512,1.7,0.11
2009-07-29,6.54,6.04,6.54,5.92,185072.0,115609456.0,600512,-8.21,-0.54
2009-07-30,6.1,6.08,6.15,5.87,95553.0,57463096.0,600512,0.66,0.04
2009-07-31,6.1,6.25,6.3,6.1,106519.0,66310852.0,600512,2.8,0.17
2009-08-03,6.27,6.34,6.36,6.2,113305.0,71120896.0,600512,1.44,0.09
2009-08-04,6.34,6.35,6.36,6.19,112620.0,70608968.0,600512,0.16,0.01
2009-08-05,6.31,6.4,6.49,6.27,134722.0,85990472.0,600512,0.79,0.05
2009-08-06,6.37,6.23,6.37,6.15,87937.0,54903860.0,600512,-2.66,-0.17
2009-08-07,6.29,6.04,6.3,6.0,98325.0,60407916.0,600512,-3.05,-0.19
2009-08-10,6.09,6.09,6.15,5.98,66864.0,40595712.0,600512,0.83,0.05
2009-08-11,6.12,6.2,6.21,6.07,59466.0,36573308.0,600512,1.81,0.11
2009-08-12,6.18,5.89,6.18,5.85,65621.0,39365848.0,600512,-5.0,-0.31
2009-08-13,5.9,5.89,5.94,5.8,41803.0,24577060.0,600512,0.0,0.0
2009-08-14,5.9,5.56,5.92,5.56,65371.0,37308108.0,600512,-5.6,-0.33
2009-08-17,5.51,5.13,5.53,5.1,73302.0,39022848.0,600512,-7.73,-0.43
2009-08-18,5.1,5.22,5.27,5.09,45821.0,23713554.0,600512,1.75,0.09
2009-08-19,5.25,4.99,5.26,4.88,56675.0,28802352.0,600512,-4.41,-0.23
2009-08-20,5.02,5.16,5.18,5.0,60452.0,30730432.0,600512,3.41,0.17
2009-08-21,5.15,5.48,5.48,5.09,122150.0,65273336.0,600512,6.2,0.32
2009-08-24,5.47,5.62,5.64,5.4,158716.0,88511440.0,600512,2.55,0.14
2009-08-25,5.5,5.38,5.58,5.22,87737.0,47123376.0,600512,-4.27,-0.24
2009-08-26,5.36,5.53,5.62,5.32,69037.0,38015180.0,600512,2.79,0.15
2009-08-27,5.68,5.63,5.78,5.53,107539.0,60952792.0,600512,1.81,0.1
2009-08-28,5.58,5.4,5.58,5.35,76014.0,41172672.0,600512,-4.09,-0.23
2009-08-31,5.35,5.04,5.35,5.0,63609.0,32496436.0,600512,-6.67,-0.36
2009-09-01,5.01,5.06,5.19,5.01,43799.0,22295836.0,600512,0.4,0.02
2009-09-02,5.03,5.09,5.11,5.01,33855.0,17141686.0,600512,0.59,0.03
2009-09-03,5.12,5.55,5.6,5.06,142000.0,76810480.0,600512,9.04,0.46
2009-09-04,5.49,5.79,5.82,5.43,225104.0,128041960.0,600512,4.32,0.24
2009-09-07,5.79,5.76,5.95,5.7,268783.0,156479296.0,600512,-0.52,-0.03
2009-09-08,5.77,5.84,5.99,5.63,205277.0,119654640.0,600512,1.39,0.08
2009-09-09,5.8,5.69,5.81,5.62,97431.0,55491740.0,600512,-2.57,-0.15
2009-09-10,5.7,5.55,5.74,5.52,65285.0,36586824.0,600512,-2.46,-0.14
2009-09-11,5.52,5.64,5.68,5.51,53794.0,30312536.0,600512,1.62,0.09
2009-09-15,5.78,5.74,5.85,5.68,100596.0,57930012.0,600512,1.77,0.1
2009-09-16,5.7,5.77,5.79,5.62,70615.0,40303236.0,600512,0.52,0.03
2009-09-17,5.75,5.9,5.98,5.74,128749.0,75531392.0,600512,2.25,0.13
2009-09-18,5.91,5.66,5.95,5.61,101387.0,58841572.0,600512,-4.07,-0.24
2009-09-21,5.64,5.7,5.7,5.42,67604.0,37737756.0,600512,0.71,0.04
2009-09-22,5.69,5.6,5.76,5.56,57349.0,32454680.0,600512,-1.75,-0.1
2009-09-23,5.58,5.48,5.66,5.45,56874.0,31724890.0,600512,-2.14,-0.12
2009-09-24,5.41,5.4,5.5,5.24,51228.0,27569832.0,600512,-1.46,-0.08
2009-09-25,5.4,5.4,5.5,5.34,33787.0,18279716.0,600512,0.0,0.0
2009-09-28,5.41,5.34,5.55,5.31,37192.0,20190524.0,600512,-1.11,-0.06
2009-09-29,5.35,5.2,5.37,5.12,31950.0,16754604.0,600512,-2.62,-0.14
2009-09-30,5.29,5.61,5.63,5.25,133419.0,73936136.0,600512,7.88,0.41
2009-10-09,5.6,5.79,5.8,5.6,229274.0,130053680.0,600512,3.21,0.18
2009-10-12,5.7,5.61,5.75,5.58,111677.0,63204268.0,600512,-3.11,-0.18
2009-10-13,5.6,5.67,5.68,5.57,52355.0,29475180.0,600512,1.07,0.06
2009-10-14,5.67,5.68,5.77,5.61,92447.0,52793116.0,600512,0.18,0.01
2009-10-15,5.68,5.62,5.78,5.61,53533.0,30371492.0,600512,-1.06,-0.06
2009-10-16,5.63,5.58,5.68,5.44,53949.0,30011972.0,600512,-0.71,-0.04
2009-10-19,5.56,5.85,5.86,5.52,111149.0,63749168.0,600512,4.84,0.27
2009-10-20,5.84,5.92,6.0,5.77,202409.0,119757376.0,600512,1.2,0.07
2009-10-21,5.9,5.89,5.97,5.79,101420.0,59460056.0,600512,-0.51,-0.03
2009-10-22,5.9,5.96,6.0,5.83,99910.0,59277096.0,600512,1.19,0.07
2009-10-23,5.95,5.94,6.03,5.9,101152.0,60397112.0,600512,-0.34,-0.02
2009-10-26,5.94,5.9,5.96,5.81,63344.0,37221100.0,600512,-0.67,-0.04
2009-10-27,5.87,5.66,5.87,5.65,67484.0,39017936.0,600512,-4.07,-0.24
2009-10-28,5.64,5.69,5.69,5.53,53835.0,30245156.0,600512,0.53,0.03
2009-10-29,5.58,5.57,5.69,5.52,39004.0,21832882.0,600512,-2.11,-0.12
2009-10-30,5.64,5.66,5.76,5.63,47689.0,27168396.0,600512,1.62,0.09
2009-11-02,5.6,5.84,5.85,5.53,64427.0,37009272.0,600512,3.18,0.18
2009-11-03,5.81,5.97,5.97,5.81,125173.0,74133784.0,600512,2.23,0.13
2009-11-04,5.96,6.08,6.13,5.9,174618.0,105210632.0,600512,1.84,0.11
2009-11-05,6.05,6.1,6.15,5.98,160488.0,97357656.0,600512,0.33,0.02
2009-11-06,6.11,6.11,6.28,6.05,275513.0,169669904.0,600512,0.16,0.01
2009-11-09,6.09,6.21,6.25,6.04,198957.0,122448760.0,600512,1.64,0.1
2009-11-10,6.21,6.15,6.27,6.14,178649.0,111019360.0,600512,-0.97,-0.06
2009-11-11,6.12,6.11,6.15,6.02,98174.0,59708208.0,600512,-0.65,-0.04
2009-11-12,6.11,6.12,6.21,6.06,94219.0,58048612.0,600512,0.16,0.01
2009-11-13,6.13,6.18,6.19,6.04,104690.0,64166920.0,600512,0.98,0.06
2009-11-16,6.27,6.31,6.34,6.19,173571.0,108745160.0,600512,2.1,0.13
2009-11-17,6.32,6.32,6.36,6.24,123105.0,77606328.0,600512,0.16,0.01
2009-11-18,6.32,6.39,6.4,6.25,131421.0,83120640.0,600512,1.11,0.07
2009-11-19,6.38,6.55,6.58,6.35,196777.0,127432112.0,600512,2.5,0.16
2009-11-20,6.5,6.51,6.62,6.45,147220.0,96267320.0,600512,-0.61,-0.04
2009-11-23,6.51,6.65,6.66,6.5,155864.0,102679920.0,600512,2.15,0.14
2009-11-24,6.67,6.18,6.68,6.17,202792.0,131151456.0,600512,-7.07,-0.47
2009-11-25,6.18,6.46,6.49,6.15,136332.0,86303808.0,600512,4.53,0.28
2009-11-26,6.46,6.19,6.63,6.18,180682.0,115682120.0,600512,-4.18,-0.27
2009-11-27,6.09,6.05,6.28,6.0,115813.0,70883360.0,600512,-2.26,-0.14
2009-11-30,6.1,6.27,6.28,6.08,93485.0,57997692.0,600512,3.64,0.22
2009-12-01,6.27,6.45,6.47,6.2,111555.0,70874808.0,600512,2.87,0.18
2009-12-02,6.48,6.52,6.59,6.42,155335.0,101182696.0,600512,1.09,0.07
2009-12-03,6.52,7.17,7.17,6.52,664906.0,467404800.0,600512,9.97,0.65
2009-12-04,7.0,6.94,7.22,6.7,436770.0,304710848.0,600512,-3.21,-0.23
2009-12-07,6.95,7.13,7.18,6.8,279752.0,196225456.0,600512,2.74,0.19
2009-12-08,7.18,7.14,7.39,7.05,311295.0,225117968.0,600512,0.14,0.01
2009-12-09,7.06,6.86,7.07,6.8,142498.0,98621936.0,600512,-3.92,-0.28
2009-12-10,6.88,6.87,7.0,6.81,105137.0,72397448.0,600512,0.15,0.01
2009-12-11,6.92,6.88,7.04,6.82,92750.0,64231356.0,600512,0.15,0.01
2009-12-14,6.87,6.95,6.95,6.64,143584.0,97868688.0,600512,1.02,0.07
2009-12-15,6.98,6.9,7.06,6.87,116950.0,81418752.0,600512,-0.72,-0.05
2009-12-16,6.83,6.89,6.99,6.8,92415.0,63680000.0,600512,-0.14,-0.01
2009-12-17,6.89,6.56,6.93,6.55,101460.0,67892704.0,600512,-4.79,-0.33
2009-12-18,6.55,6.35,6.58,6.31,73390.0,47228668.0,600512,-3.2,-0.21
2009-12-21,6.35,6.43,6.44,6.31,40268.0,25687884.0,600512,1.26,0.08
2009-12-22,6.43,6.16,6.45,6.12,74194.0,46465540.0,600512,-4.2,-0.27
2009-12-23,6.18,6.23,6.25,6.13,47288.0,29283356.0,600512,1.14,0.07
2009-12-24,6.23,6.4,6.42,6.19,62016.0,39357896.0,600512,2.73,0.17
2009-12-25,6.39,6.48,6.58,6.31,72558.0,46737728.0,600512,1.25,0.08
2009-12-29,6.54,6.65,6.75,6.54,101092.0,66986664.0,600512,2.62,0.17
2009-12-30,6.61,6.57,6.65,6.49,64611.0,42321688.0,600512,-1.2,-0.08
2009-12-31,6.57,6.64,6.65,6.54,57709.0,38092400.0,600512,1.07,0.07
2010-01-04,6.64,6.61,6.7,6.58,55016.0,36493672.0,600512,-0.45,-0.03
2010-01-05,6.59,6.58,6.64,6.49,66711.0,43698952.0,600512,-0.45,-0.03
2010-01-06,6.59,6.59,6.74,6.58,87170.0,58084864.0,600512,0.15,0.01
2010-01-07,6.53,6.48,6.67,6.42,94846.0,61868768.0,600512,-1.67,-0.11
2010-01-08,6.48,6.62,6.63,6.44,69221.0,45112352.0,600512,2.16,0.14
2010-01-11,6.64,6.9,6.95,6.56,204272.0,138566128.0,600512,4.23,0.28
2010-01-12,6.85,6.91,6.95,6.79,176976.0,122018336.0,600512,0.14,0.01
2010-01-13,6.72,6.72,6.87,6.7,118903.0,80522968.0,600512,-2.75,-0.19
2010-01-15,6.88,6.94,7.05,6.85,177606.0,123239224.0,600512,3.27,0.22
2010-01-18,6.85,7.08,7.11,6.79,128689.0,89351328.0,600512,2.02,0.14
2010-01-19,7.06,7.0,7.08,6.93,90471.0,63329920.0,600512,-1.13,-0.08
2010-01-20,6.98,6.83,7.07,6.8,110518.0,76530544.0,600512,-2.43,-0.17
2010-01-21,6.83,6.87,6.91,6.79,59265.0,40578156.0,600512,0.59,0.04
2010-01-22,6.85,6.95,7.07,6.73,150249.0,104365072.0,600512,1.16,0.08
2010-01-25,6.9,6.94,7.05,6.81,87735.0,60997112.0,600512,-0.14,-0.01
2010-01-26,6.94,6.52,7.02,6.5,115905.0,78925800.0,600512,-6.05,-0.42
2010-01-27,6.48,6.48,6.58,6.28,64365.0,41522512.0,600512,-0.61,-0.04
2010-01-28,6.45,6.55,6.63,6.3,34949.0,22797012.0,600512,1.08,0.07
2010-01-29,6.57,6.51,6.62,6.48,30812.0,20180340.0,600512,-0.61,-0.04
2010-02-01,6.46,6.63,6.66,6.42,56396.0,36901696.0,600512,1.84,0.12
2010-02-02,6.71,6.59,6.79,6.58,45925.0,30704288.0,600512,-0.6,-0.04
2010-02-03,6.52,6.74,6.75,6.45,52797.0,34919376.0,600512,2.28,0.15
2010-02-04,6.7,6.91,6.92,6.63,86068.0,58750732.0,600512,2.52,0.17
2010-02-05,6.75,7.09,7.24,6.75,195181.0,137130720.0,600512,2.6,0.18
2010-02-08,7.06,6.97,7.12,6.91,62966.0,44025264.0,600512,-1.69,-0.12
2010-02-09,6.95,7.06,7.14,6.92,68303.0,48124176.0,600512,1.29,0.09
2010-02-10,7.11,7.08,7.13,6.97,56779.0,40027420.0,600512,0.28,0.02
2010-02-11,7.05,7.12,7.23,6.96,86594.0,61386984.0,600512,0.56,0.04
2010-02-12,7.1,7.1,7.15,7.01,55471.0,39184988.0,600512,-0.28,-0.02
2010-02-22,7.06,7.27,7.43,7.04,150504.0,109440128.0,600512,2.39,0.17
2010-02-23,7.24,7.68,7.78,7.21,238756.0,180164128.0,600512,5.64,0.41
2010-02-24,7.6,7.76,7.8,7.52,150093.0,115609808.0,600512,1.04,0.08
2010-02-25,7.7,7.77,7.85,7.7,123426.0,95826544.0,600512,0.13,0.01
2010-02-26,7.7,7.59,7.84,7.56,160032.0,122669432.0,600512,-2.32,-0.18
2010-03-01,7.58,7.9,7.93,7.53,148155.0,114282744.0,600512,4.08,0.31
2010-03-02,7.9,7.74,7.98,7.61,117691.0,91545136.0,600512,-2.03,-0.16
2010-03-03,7.75,7.79,7.86,7.67,88395.0,68562096.0,600512,0.65,0.05
2010-03-04,7.79,7.52,7.85,7.45,108447.0,82928880.0,600512,-3.47,-0.27
2010-03-05,7.52,7.49,7.62,7.41,62358.0,46817848.0,600512,-0.4,-0.03
2010-03-08,7.51,7.69,7.82,7.51,64576.0,49646540.0,600512,2.67,0.2
2010-03-09,7.75,7.72,7.86,7.63,56223.0,43609436.0,600512,0.39,0.03
2010-03-10,7.74,7.76,7.91,7.67,72118.0,56273248.0,600512,0.52,0.04
2010-03-11,7.77,8.04,8.16,7.7,185656.0,148140096.0,600512,3.61,0.28
2010-03-12,8.0,7.63,8.07,7.62,103823.0,81366128.0,600512,-5.1,-0.41
2010-03-15,7.57,7.66,7.72,7.48,65026.0,49328936.0,600512,0.39,0.03
2010-03-16,7.6,7.8,7.83,7.58,52600.0,40735128.0,600512,1.83,0.14
2010-03-17,7.84,7.95,7.96,7.75,63201.0,49979300.0,600512,1.92,0.15
2010-03-18,7.93,7.89,8.08,7.82,58505.0,46299988.0,600512,-0.75,-0.06
2010-03-19,7.95,8.15,8.2,7.87,123724.0,100223024.0,600512,3.3,0.26
2010-03-22,8.19,8.17,8.25,8.01,82595.0,67179656.0,600512,0.25,0.02
2010-03-23,8.17,8.07,8.18,8.01,58531.0,47214484.0,600512,-1.22,-0.1
2010-03-24,8.07,8.21,8.23,8.03,68854.0,55988024.0,600512,1.73,0.14
2010-03-25,8.17,8.32,8.62,8.13,156945.0,132189448.0,600512,1.34,0.11
2010-03-26,8.25,8.57,8.67,8.25,113314.0,96768160.0,600512,3.0,0.25
2010-03-29,8.56,8.97,8.98,8.43,156703.0,136762544.0,600512,4.67,0.4
2010-03-30,9.0,9.19,9.58,8.98,297541.0,276900736.0,600512,2.45,0.22
2010-03-31,10.1,10.11,10.11,9.48,1316205.0,1286112000.0,600512,10.01,0.92
2010-04-01,9.87,10.11,10.24,9.83,686572.0,690246208.0,600512,0.0,0.0
2010-04-02,10.13,10.51,10.95,10.01,646273.0,676484736.0,600512,3.96,0.4
2010-04-06,10.61,10.65,10.81,10.52,360939.0,384942464.0,600512,1.33,0.14
2010-04-07,10.58,10.96,11.05,10.58,368591.0,400139744.0,600512,2.91,0.31
2010-04-08,10.9,11.0,11.27,10.8,315143.0,348320864.0,600512,0.36,0.04
2010-04-09,11.01,11.02,11.16,10.91,237271.0,261373808.0,600512,0.18,0.02
2010-04-12,11.03,10.96,11.24,10.75,317627.0,348053696.0,600512,-0.54,-0.06
2010-04-13,10.88,10.69,10.93,10.4,331071.0,353074112.0,600512,-2.46,-0.27
2010-04-14,10.7,10.77,10.86,10.56,175081.0,187517168.0,600512,0.75,0.08
2010-04-15,10.71,10.48,10.74,10.4,140781.0,148708336.0,600512,-2.69,-0.29
2010-04-16,10.4,10.7,10.88,10.4,184399.0,196751168.0,600512,2.1,0.22
2010-04-19,10.6,10.36,10.85,10.31,159078.0,168325568.0,600512,-3.18,-0.34
2010-04-20,10.38,10.52,10.63,10.32,130189.0,136286128.0,600512,1.54,0.16
2010-04-21,10.55,10.68,10.75,10.24,258095.0,271237536.0,600512,1.52,0.16
2010-04-22,10.59,10.41,10.59,10.36,177319.0,185344816.0,600512,-2.53,-0.27
2010-04-26,10.48,10.35,10.48,10.24,138486.0,143164240.0,600512,-0.58,-0.06
2010-04-27,10.32,9.74,10.4,9.54,166417.0,165050928.0,600512,-5.89,-0.61
2010-04-28,9.65,9.85,9.98,9.61,99393.0,97792024.0,600512,1.13,0.11
2010-04-29,9.86,9.48,9.96,9.44,99583.0,97075304.0,600512,-3.76,-0.37
2010-04-30,9.5,9.19,9.55,8.92,112272.0,103081776.0,600512,-3.06,-0.29
2010-05-04,8.98,9.31,9.45,8.92,74169.0,68596968.0,600512,1.31,0.12
2010-05-05,9.21,9.65,9.68,9.13,153440.0,145831600.0,600512,3.65,0.34
2010-05-06,9.55,9.07,9.59,9.0,104606.0,97631824.0,600512,-6.01,-0.58
2010-05-07,8.85,9.06,9.19,8.82,85192.0,76684736.0,600512,-0.11,-0.01
2010-05-10,9.03,8.89,9.15,8.52,83201.0,73842184.0,600512,-1.88,-0.17
2010-05-11,9.08,8.61,9.14,8.55,96356.0,85052768.0,600512,-3.15,-0.28
2010-05-12,8.55,8.53,8.71,8.35,79815.0,68052824.0,600512,-0.93,-0.08
2010-05-13,8.55,8.77,8.8,8.39,96106.0,83017800.0,600512,2.81,0.24
2010-05-14,8.65,8.82,8.84,8.6,87281.0,76233824.0,600512,0.57,0.05
2010-05-17,8.66,8.23,8.78,8.19,92668.0,78815640.0,600512,-6.69,-0.59
2010-05-18,8.22,8.51,8.69,8.18,106992.0,89751456.0,600512,3.4,0.28
2010-05-19,8.42,8.65,8.69,8.26,109849.0,93700632.0,600512,1.65,0.14
2010-05-20,8.52,8.34,8.65,8.25,91536.0,77488784.0,600512,-3.58,-0.31
2010-05-21,8.08,8.44,8.46,7.99,110340.0,90543104.0,600512,1.2,0.1
2010-05-24,8.44,8.79,8.95,8.41,144449.0,126444480.0,600512,4.15,0.35
2010-05-25,8.68,8.56,8.78,8.46,99699.0,85980792.0,600512,-2.62,-0.23
2010-05-26,8.56,8.83,8.85,8.51,95317.0,82920728.0,600512,3.15,0.27
2010-05-27,8.71,8.9,8.94,8.62,108049.0,95057272.0,600512,0.79,0.07
2010-05-28,8.99,8.93,9.09,8.84,106993.0,95557776.0,600512,0.34,0.03
2010-05-31,8.87,8.44,8.89,8.41,94808.0,82599560.0,600512,-5.49,-0.49
2010-06-01,8.33,8.5,8.55,8.14,94924.0,79284616.0,600512,0.71,0.06
2010-06-02,8.67,8.81,8.87,8.56,188472.0,164632112.0,600512,3.65,0.31
2010-06-03,8.87,8.66,8.88,8.65,96045.0,84049224.0,600512,-1.7,-0.15
2010-06-04,8.61,8.61,8.65,8.45,71694.0,61379928.0,600512,-0.58,-0.05
2010-06-07,8.44,8.71,8.77,8.37,101900.0,88221952.0,600512,1.16,0.1
2010-06-08,8.69,8.98,9.05,8.66,232950.0,207630768.0,600512,3.1,0.27
2010-06-09,4.7,4.58,4.78,4.48,214366.0,98257304.0,600512,-49.0,-4.4
2010-06-10,4.47,4.42,4.51,4.38,322582.0,143120752.0,600512,-3.49,-0.16
2010-06-11,4.4,4.39,4.45,4.28,246032.0,107186944.0,600512,-0.68,-0.03
2010-06-17,4.43,4.32,4.46,4.3,153170.0,66939688.0,600512,-1.59,-0.07
2010-06-18,4.33,4.19,4.36,4.16,129914.0,55389992.0,600512,-3.01,-0.13
2010-06-21,4.21,4.28,4.3,4.13,129713.0,54817608.0,600512,2.15,0.09
2010-06-22,4.28,4.29,4.32,4.23,129384.0,55277080.0,600512,0.23,0.01
2010-06-23,4.27,4.22,4.29,4.13,118051.0,49669248.0,600512,-1.63,-0.07
2010-06-24,4.22,4.18,4.22,4.16,77531.0,32451832.0,600512,-0.95,-0.04
2010-06-25,4.15,4.06,4.15,4.02,120170.0,49031232.0,600512,-2.87,-0.12
2010-06-28,4.06,3.97,4.08,3.96,83216.0,33405680.0,600512,-2.22,-0.09
2010-06-29,3.96,3.58,4.0,3.57,177648.0,66605928.0,600512,-9.82,-0.39
2010-06-30,3.57,3.47,3.58,3.43,111769.0,39081548.0,600512,-3.07,-0.11
2010-07-01,3.46,3.82,3.82,3.46,512874.0,194268752.0,600512,10.09,0.35
2010-07-02,3.72,3.79,3.82,3.58,382028.0,141741776.0,600512,-0.79,-0.03
2010-07-06,3.73,3.85,3.87,3.67,273837.0,103640176.0,600512,1.58,0.06
2010-07-07,3.81,3.81,3.85,3.73,171888.0,65076296.0,600512,-1.04,-0.04
2010-07-08,3.81,3.71,3.83,3.69,135022.0,50619288.0,600512,-2.62,-0.1
2010-07-09,3.71,3.81,3.85,3.7,171165.0,65054308.0,600512,2.7,0.1
2010-07-12,3.83,3.88,3.94,3.78,169134.0,65570312.0,600512,1.84,0.07
2010-07-13,3.82,3.79,3.85,3.76,108001.0,41033732.0,600512,-2.32,-0.09
2010-07-14,3.79,3.88,3.94,3.77,176328.0,68288000.0,600512,2.37,0.09
2010-07-15,3.84,3.73,3.89,3.72,91996.0,35017112.0,600512,-3.87,-0.15
2010-07-16,3.7,3.74,3.77,3.66,111945.0,41631912.0,600512,0.27,0.01
2010-07-19,3.69,3.79,3.81,3.67,97784.0,36744492.0,600512,1.34,0.05
2010-07-20,3.8,4.02,4.04,3.77,306268.0,119551896.0,600512,6.07,0.23
2010-07-21,3.98,3.97,4.03,3.94,218577.0,87039336.0,600512,-1.24,-0.05
2010-07-22,3.97,4.07,4.13,3.94,267530.0,108524800.0,600512,2.52,0.1
2010-07-23,4.05,4.01,4.07,3.96,161136.0,64579240.0,600512,-1.47,-0.06
2010-07-26,4.01,4.03,4.05,3.98,105981.0,42636204.0,600512,0.5,0.02
2010-07-27,4.04,4.06,4.13,3.98,157929.0,64342100.0,600512,0.74,0.03
2010-07-28,4.05,4.16,4.19,4.01,253797.0,104433672.0,600512,2.46,0.1
2010-07-29,4.15,4.28,4.29,4.12,298492.0,124974584.0,600512,2.88,0.12
2010-07-30,4.25,4.23,4.27,4.16,215450.0,90941408.0,600512,-1.17,-0.05
2010-08-02,4.3,4.65,4.65,4.3,457920.0,209473088.0,600512,9.93,0.42
2010-08-03,4.76,5.03,5.12,4.75,1300802.0,651203584.0,600512,8.17,0.38
2010-08-04,5.18,5.13,5.25,4.96,1215136.0,619885376.0,600512,1.99,0.1
2010-08-05,5.17,5.19,5.4,5.09,959436.0,503127936.0,600512,1.17,0.06
2010-08-06,5.1,5.07,5.11,4.88,691650.0,345928384.0,600512,-2.31,-0.12
2010-08-09,5.01,5.04,5.1,4.93,467840.0,234426176.0,600512,-0.59,-0.03
2010-08-10,5.02,5.0,5.18,4.96,579439.0,293803648.0,600512,-0.79,-0.04
2010-08-11,4.96,4.94,4.99,4.86,301921.0,148562176.0,600512,-1.2,-0.06
2010-08-12,4.87,4.74,4.92,4.73,295591.0,142597184.0,600512,-4.05,-0.2
2010-08-13,4.75,5.0,5.02,4.71,405368.0,198131488.0,600512,5.49,0.26
2010-08-16,5.0,5.05,5.11,4.95,383437.0,193362688.0,600512,1.0,0.05
2010-08-17,5.05,5.01,5.08,4.93,277630.0,138537024.0,600512,-0.79,-0.04
2010-08-18,4.98,5.0,5.07,4.95,214692.0,107461176.0,600512,-0.2,-0.01
2010-08-19,5.0,4.95,5.04,4.9,218454.0,108148224.0,600512,-1.0,-0.05
2010-08-20,4.93,4.85,4.93,4.8,212019.0,102870176.0,600512,-2.02,-0.1
2010-08-23,4.8,4.86,4.91,4.75,193646.0,93251536.0,600512,0.21,0.01
2010-08-24,4.82,4.85,4.89,4.75,170212.0,82396800.0,600512,-0.21,-0.01
2010-08-25,4.8,4.68,4.84,4.66,181497.0,86014416.0,600512,-3.51,-0.17
2010-08-26,4.67,4.69,4.75,4.63,113623.0,53084096.0,600512,0.21,0.01
2010-08-27,4.68,4.63,4.68,4.58,111071.0,51378388.0,600512,-1.28,-0.06
2010-08-30,4.65,4.69,4.72,4.64,136528.0,63987016.0,600512,1.3,0.06
2010-08-31,4.68,4.85,4.9,4.66,241988.0,116946128.0,600512,3.41,0.16
2010-09-01,4.88,4.73,4.89,4.65,170309.0,81157072.0,600512,-2.47,-0.12
2010-09-02,4.75,4.79,4.85,4.67,167958.0,79872248.0,600512,1.27,0.06
2010-09-03,4.77,4.69,4.78,4.66,182214.0,85709392.0,600512,-2.09,-0.1
2010-09-06,4.7,4.69,4.74,4.61,163010.0,76181184.0,600512,0.0,0.0
2010-09-07,4.7,4.73,4.74,4.64,130324.0,61090092.0,600512,0.85,0.04
2010-09-08,4.7,5.04,5.15,4.64,534468.0,262529568.0,600512,6.55,0.31
2010-09-09,4.98,4.87,5.07,4.84,388393.0,191891456.0,600512,-3.37,-0.17
2010-09-10,4.83,4.91,4.98,4.83,220820.0,108249832.0,600512,0.82,0.04
2010-09-13,4.9,4.91,4.97,4.84,188588.0,92510432.0,600512,0.0,0.0
2010-09-14,5.01,4.96,5.15,4.92,354020.0,177971232.0,600512,1.02,0.05
2010-09-15,4.9,4.81,4.91,4.79,213236.0,103286024.0,600512,-3.02,-0.15
2010-09-16,4.8,4.63,4.82,4.58,191477.0,89385552.0,600512,-3.74,-0.18
2010-09-17,4.61,4.62,4.71,4.6,91382.0,42436032.0,600512,-0.22,-0.01
2010-09-20,4.62,4.52,4.67,4.5,93211.0,42614904.0,600512,-2.16,-0.1
2010-09-21,4.51,4.57,4.58,4.51,52698.0,23935992.0,600512,1.11,0.05
2010-09-27,4.59,4.63,4.66,4.55,87784.0,40464936.0,600512,1.31,0.06
2010-09-28,4.62,4.5,4.62,4.46,101531.0,46086864.0,600512,-2.81,-0.13
2010-09-29,4.48,4.48,4.58,4.44,80378.0,36168048.0,600512,-0.44,-0.02
2010-09-30,4.46,4.54,4.58,4.45,73920.0,33480562.0,600512,1.34,0.06
2010-10-08,4.58,4.62,4.64,4.55,119468.0,55098328.0,600512,1.76,0.08
2010-10-11,4.61,4.67,4.69,4.59,148025.0,68894696.0,600512,1.08,0.05
2010-10-12,4.66,4.64,4.69,4.62,136930.0,63565520.0,600512,-0.64,-0.03
2010-10-13,4.64,4.83,4.88,4.64,297710.0,142811360.0,600512,4.09,0.19
2010-10-14,4.85,4.64,4.85,4.63,211104.0,99378848.0,600512,-3.93,-0.19
2010-10-18,4.7,4.74,4.82,4.6,201501.0,94891808.0,600512,2.16,0.1
2010-10-19,4.76,4.79,4.79,4.65,167781.0,79401056.0,600512,1.05,0.05
2010-10-20,4.7,4.66,4.72,4.63,172862.0,80750096.0,600512,-2.71,-0.13
2010-10-21,4.64,4.76,4.8,4.6,234614.0,109826048.0,600512,2.15,0.1
2010-10-22,4.75,4.69,4.75,4.66,135732.0,63783952.0,600512,-1.47,-0.07
2010-10-25,4.7,4.77,4.81,4.7,220948.0,105459736.0,600512,1.71,0.08
2010-10-26,4.77,4.9,4.99,4.74,442948.0,215652016.0,600512,2.73,0.13
2010-10-27,4.87,4.83,4.99,4.82,282480.0,138251264.0,600512,-1.43,-0.07
2010-10-28,4.8,4.76,4.83,4.7,191835.0,91291976.0,600512,-1.45,-0.07
2010-10-29,4.73,4.74,4.79,4.7,114562.0,54296712.0,600512,-0.42,-0.02
2010-11-01,4.75,4.75,4.76,4.7,202068.0,95544600.0,600512,0.21,0.01
2010-11-02,4.75,4.68,4.75,4.64,236371.0,110608768.0,600512,-1.47,-0.07
2010-11-03,4.65,4.66,4.74,4.62,155395.0,72649840.0,600512,-0.43,-0.02
2010-11-04,4.65,4.68,4.72,4.62,147974.0,68954296.0,600512,0.43,0.02
2010-11-05,4.69,4.85,4.9,4.67,417463.0,201109952.0,600512,3.63,0.17
2010-11-08,4.85,4.95,4.98,4.85,384052.0,188970144.0,600512,2.06,0.1
2010-11-09,4.95,4.91,5.03,4.87,354988.0,175620720.0,600512,-0.81,-0.04
2010-11-10,4.94,4.94,4.99,4.82,268795.0,131652496.0,600512,0.61,0.03
2010-11-11,4.94,4.99,5.2,4.9,709352.0,359553664.0,600512,1.01,0.05
2010-11-12,4.98,5.19,5.49,4.94,1377551.0,721625088.0,600512,4.01,0.2
2010-11-15,5.2,5.71,5.71,4.97,1448302.0,786494272.0,600512,10.02,0.52
2010-11-16,5.73,5.99,6.15,5.58,1740936.0,1029011584.0,600512,4.9,0.28
2010-11-17,5.79,5.39,5.92,5.39,619879.0,344941216.0,600512,-10.02,-0.6
2010-11-18,5.23,5.79,5.93,5.0,939231.0,505619072.0,600512,7.42,0.4
2010-11-19,5.59,6.0,6.18,5.53,1230638.0,725313344.0,600512,3.63,0.21
2010-11-22,5.9,5.87,6.25,5.84,921236.0,554888320.0,600512,-2.17,-0.13
2010-11-23,5.8,5.65,5.86,5.56,506536.0,287603168.0,600512,-3.75,-0.22
2010-11-24,5.64,5.8,5.87,5.56,554595.0,317614848.0,600512,2.65,0.15
2010-11-25,5.8,5.67,5.83,5.62,484073.0,276895776.0,600512,-2.24,-0.13
2010-11-26,5.66,5.47,5.67,5.43,432267.0,238800320.0,600512,-3.53,-0.2
2010-11-29,5.44,5.65,5.75,5.33,497602.0,276347616.0,600512,3.29,0.18
2010-11-30,5.55,5.36,5.64,5.21,357964.0,194299040.0,600512,-5.13,-0.29
2010-12-01,5.37,5.38,5.5,5.25,195841.0,105728208.0,600512,0.37,0.02
2010-12-02,5.46,5.53,5.61,5.34,351402.0,193252208.0,600512,2.79,0.15
2010-12-03,5.49,5.4,5.59,5.37,200773.0,109475936.0,600512,-2.35,-0.13
2010-12-06,5.38,5.26,5.45,5.24,196231.0,104030128.0,600512,-2.59,-0.14
2010-12-07,5.25,5.3,5.32,5.12,153841.0,80457704.0,600512,0.76,0.04
2010-12-08,5.3,5.18,5.34,5.17,135382.0,71032952.0,600512,-2.26,-0.12
2010-12-09,5.2,5.14,5.34,5.12,174246.0,91460056.0,600512,-0.77,-0.04
2010-12-10,5.12,5.19,5.24,5.06,125600.0,64684352.0,600512,0.97,0.05
2010-12-13,5.25,5.32,5.33,5.19,176647.0,93121952.0,600512,2.5,0.13
2010-12-14,5.34,5.28,5.34,5.25,184173.0,97153720.0,600512,-0.75,-0.04
2010-12-15,5.29,5.18,5.31,5.15,220198.0,114579744.0,600512,-1.89,-0.1
2010-12-16,5.21,5.32,5.42,5.17,315180.0,168286304.0,600512,2.7,0.14
2010-12-17,5.27,5.27,5.32,5.22,139405.0,73198144.0,600512,-0.94,-0.05
2010-12-20,5.3,5.13,5.33,5.05,190721.0,98243144.0,600512,-2.66,-0.14
2010-12-21,5.17,5.22,5.3,5.1,161221.0,83923424.0,600512,1.75,0.09
2010-12-22,5.2,5.14,5.27,5.12,121392.0,62818304.0,600512,-1.53,-0.08
2010-12-23,5.13,5.06,5.17,5.05,111336.0,56860584.0,600512,-1.56,-0.08
2010-12-24,5.08,4.93,5.1,4.91,134946.0,67150160.0,600512,-2.57,-0.13
2010-12-27,4.95,4.73,5.0,4.7,140791.0,68522744.0,600512,-4.06,-0.2
2010-12-28,4.73,4.55,4.75,4.5,136436.0,62587476.0,600512,-3.81,-0.18
2010-12-29,4.57,4.6,4.63,4.49,82891.0,37872452.0,600512,1.1,0.05
2010-12-30,4.61,4.52,4.62,4.5,92628.0,42013288.0,600512,-1.74,-0.08
2010-12-31,4.52,4.62,4.62,4.52,93786.0,43015536.0,600512,2.21,0.1
2011-01-04,4.66,4.75,4.8,4.6,158371.0,74880344.0,600512,2.81,0.13
2011-01-05,4.75,4.67,4.76,4.65,113430.0,53295848.0,600512,-1.68,-0.08
2011-01-06,4.66,4.69,4.71,4.63,72248.0,33760860.0,600512,0.43,0.02
2011-01-07,4.69,4.74,4.8,4.66,113219.0,53646660.0,600512,1.07,0.05
2011-01-11,4.62,4.59,4.63,4.53,93083.0,42536680.0,600512,-3.16,-0.15
2011-01-12,4.62,4.64,4.64,4.55,60946.0,27999572.0,600512,1.09,0.05
2011-01-13,4.67,4.58,4.67,4.57,60284.0,27843168.0,600512,-1.29,-0.06
2011-01-14,4.63,4.67,4.78,4.6,133762.0,62805436.0,600512,1.97,0.09
2011-01-17,4.6,4.4,4.64,4.39,108658.0,48819516.0,600512,-5.78,-0.27
2011-01-18,4.38,4.53,4.58,4.36,81569.0,36458856.0,600512,2.95,0.13
2011-01-19,4.53,4.57,4.57,4.47,59226.0,26850944.0,600512,0.88,0.04
2011-01-20,4.56,4.39,4.56,4.39,76389.0,34003248.0,600512,-3.94,-0.18
2011-01-21,4.37,4.43,4.48,4.36,61346.0,27188450.0,600512,0.91,0.04
2011-01-24,4.43,4.45,4.48,4.38,56697.0,25069512.0,600512,0.45,0.02
2011-01-25,4.43,4.39,4.46,4.38,37257.0,16391831.0,600512,-1.35,-0.06
2011-01-26,4.4,4.42,4.45,4.39,34483.0,15229034.0,600512,0.68,0.03
2011-01-27,4.4,4.44,4.48,4.3,73167.0,32176030.0,600512,0.45,0.02
2011-01-28,4.42,4.49,4.53,4.4,57859.0,25925552.0,600512,1.13,0.05
2011-01-31,4.52,4.53,4.54,4.46,68545.0,30922248.0,600512,0.89,0.04
2011-02-01,4.53,4.5,4.55,4.45,57138.0,25671096.0,600512,-0.66,-0.03
2011-02-09,4.5,4.57,4.62,4.44,106901.0,48490676.0,600512,1.56,0.07
2011-02-10,4.56,4.7,4.73,4.54,116394.0,54218016.0,600512,2.84,0.13
2011-02-11,4.66,4.71,4.77,4.66,115457.0,54424816.0,600512,0.21,0.01
2011-02-14,4.73,4.78,4.86,4.68,142908.0,67992816.0,600512,1.49,0.07
2011-02-15,4.79,4.72,4.82,4.72,127285.0,60656316.0,600512,-1.26,-0.06
2011-02-16,4.7,4.74,4.77,4.67,109604.0,51671340.0,600512,0.42,0.02
2011-02-17,4.75,4.81,4.83,4.68,179394.0,85546296.0,600512,1.48,0.07
2011-02-18,4.81,4.82,4.95,4.78,202793.0,98571008.0,600512,0.21,0.01
2011-02-21,4.77,4.87,4.89,4.77,127956.0,61906716.0,600512,1.04,0.05
2011-02-22,4.9,4.7,4.91,4.67,163515.0,78389440.0,600512,-3.49,-0.17
2011-02-23,4.68,4.72,4.76,4.66,94535.0,44482680.0,600512,0.43,0.02
2011-02-24,4.71,4.76,4.77,4.67,83149.0,39375440.0,600512,0.85,0.04
2011-02-25,4.76,4.94,4.95,4.75,214598.0,104239656.0,600512,3.78,0.18
2011-02-28,4.95,5.11,5.19,4.9,346672.0,176462304.0,600512,3.44,0.17
2011-03-01,5.11,5.07,5.11,5.01,201051.0,101519584.0,600512,-0.78,-0.04
2011-03-02,5.06,5.16,5.17,5.01,226899.0,116192208.0,600512,1.78,0.09
2011-03-03,5.2,5.01,5.24,5.0,204576.0,104208752.0,600512,-2.91,-0.15
2011-03-04,5.02,5.01,5.08,4.92,152930.0,76304320.0,600512,0.0,0.0
2011-03-07,5.01,5.1,5.13,4.97,208850.0,105463368.0,600512,1.8,0.09
2011-03-08,5.13,5.13,5.17,5.05,142304.0,72636400.0,600512,0.59,0.03
2011-03-09,5.13,5.07,5.14,5.04,144679.0,73358096.0,600512,-1.17,-0.06
2011-03-10,5.11,5.03,5.11,5.03,124487.0,63005000.0,600512,-0.79,-0.04
2011-03-11,5.0,4.9,5.03,4.88,163655.0,81135504.0,600512,-2.58,-0.13
2011-03-14,4.88,4.91,4.92,4.8,131334.0,63891880.0,600512,0.2,0.01
2011-03-15,4.95,4.86,4.95,4.75,128707.0,62182700.0,600512,-1.02,-0.05
2011-03-16,4.85,4.88,4.9,4.79,137934.0,66813240.0,600512,0.41,0.02
2011-03-17,4.83,4.76,4.87,4.73,142731.0,68576288.0,600512,-2.46,-0.12
2011-03-18,4.79,4.81,4.82,4.77,60066.0,28805234.0,600512,1.05,0.05
2011-03-21,4.8,4.81,4.87,4.79,78297.0,37777976.0,600512,0.0,0.0
2011-03-22,4.81,4.79,4.84,4.73,60666.0,28969392.0,600512,-0.42,-0.02
2011-03-23,4.76,4.89,4.97,4.76,132298.0,64561792.0,600512,2.09,0.1
2011-03-24,4.88,4.86,4.94,4.8,126894.0,61812924.0,600512,-0.61,-0.03
2011-03-25,4.86,4.9,4.92,4.83,103145.0,50333076.0,600512,0.82,0.04
2011-03-28,4.9,4.87,4.96,4.85,127149.0,62346912.0,600512,-0.61,-0.03
2011-03-29,4.87,5.0,5.08,4.82,297842.0,148035232.0,600512,2.67,0.13
2011-03-30,5.01,4.91,5.02,4.91,134694.0,66620468.0,600512,-1.8,-0.09
2011-03-31,4.94,4.79,4.96,4.78,101713.0,49454504.0,600512,-2.44,-0.12
2011-04-01,4.82,4.84,4.85,4.78,58660.0,28223100.0,600512,1.04,0.05
2011-04-06,4.8,4.86,4.94,4.79,97962.0,47753828.0,600512,0.41,0.02
2011-04-07,4.83,4.91,4.92,4.78,190467.0,92074880.0,600512,1.03,0.05
2011-04-08,4.88,4.88,4.91,4.85,99219.0,48466744.0,600512,-0.61,-0.03
2011-04-11,4.89,4.82,4.92,4.8,110169.0,53494376.0,600512,-1.23,-0.06
2011-04-12,4.83,4.92,4.92,4.79,190819.0,93099768.0,600512,2.07,0.1
2011-04-13,4.96,5.07,5.12,4.94,399340.0,201625440.0,600512,3.05,0.15
2011-04-14,5.04,5.0,5.06,4.98,182082.0,91221320.0,600512,-1.38,-0.07
2011-04-15,5.0,5.08,5.1,4.99,196404.0,99382472.0,600512,1.6,0.08
2011-04-18,5.09,5.09,5.17,5.03,197990.0,100585520.0,600512,0.2,0.01
2011-04-19,5.06,4.97,5.06,4.93,169340.0,84379472.0,600512,-2.36,-0.12
2011-04-20,4.97,4.99,5.04,4.96,107029.0,53427436.0,600512,0.4,0.02
2011-04-21,5.02,4.98,5.04,4.97,126009.0,62966120.0,600512,-0.2,-0.01
2011-04-22,5.0,5.02,5.03,4.94,139019.0,69099448.0,600512,0.8,0.04
2011-04-25,5.02,5.15,5.28,4.97,582686.0,299519552.0,600512,2.59,0.13
2011-04-26,5.1,5.02,5.16,4.98,230188.0,116074144.0,600512,-2.52,-0.13
2011-04-27,5.01,4.9,5.13,4.85,202679.0,101068440.0,600512,-2.39,-0.12
2011-04-28,4.92,4.54,4.94,4.43,301417.0,139969760.0,600512,-7.35,-0.36
2011-04-29,4.52,4.64,4.71,4.49,131535.0,60380804.0,600512,2.2,0.1
2011-05-03,4.61,4.65,4.68,4.52,107297.0,49435224.0,600512,0.22,0.01
2011-05-04,4.63,4.5,4.63,4.49,115610.0,52475944.0,600512,-3.23,-0.15
2011-05-05,4.51,4.51,4.56,4.44,73128.0,32978912.0,600512,0.22,0.01
2011-05-06,4.49,4.51,4.53,4.46,69803.0,31391976.0,600512,0.0,0.0
2011-05-10,4.55,4.58,4.58,4.5,60072.0,27342604.0,600512,1.55,0.07
2011-05-11,4.58,4.54,4.58,4.5,71379.0,32389500.0,600512,-0.87,-0.04
2011-05-12,4.51,4.54,4.61,4.5,92223.0,42016480.0,600512,0.0,0.0
2011-05-13,4.56,4.63,4.64,4.52,92521.0,42343240.0,600512,1.98,0.09
2011-05-16,4.62,4.62,4.72,4.6,84492.0,39386500.0,600512,-0.22,-0.01
2011-05-17,4.61,4.63,4.66,4.56,60773.0,28045980.0,600512,0.22,0.01
2011-05-18,4.62,4.64,4.67,4.6,57951.0,26886610.0,600512,0.22,0.01
2011-05-19,4.66,4.53,4.66,4.48,82092.0,37578500.0,600512,-2.37,-0.11
2011-05-20,4.54,4.5,4.54,4.48,67776.0,30503508.0,600512,-0.66,-0.03
2011-05-23,4.5,4.35,4.5,4.32,87967.0,38657228.0,600512,-3.33,-0.15
2011-05-24,4.33,4.29,4.34,4.17,69706.0,29701040.0,600512,-1.38,-0.06
2011-05-25,4.29,4.22,4.33,4.19,47024.0,20009848.0,600512,-1.63,-0.07
2011-05-26,4.23,4.23,4.3,4.22,43807.0,18644140.0,600512,0.24,0.01
2011-05-27,4.25,4.1,4.25,4.09,65694.0,27343676.0,600512,-3.07,-0.13
2011-05-30,4.12,4.0,4.13,3.95,64509.0,25942320.0,600512,-2.44,-0.1
2011-05-31,4.01,4.09,4.1,3.98,51978.0,21067848.0,600512,2.25,0.09
2011-06-01,4.09,4.11,4.14,4.06,41995.0,17250480.0,600512,0.49,0.02
2011-06-02,4.07,4.05,4.1,4.0,53193.0,21579896.0,600512,-1.46,-0.06
2011-06-03,4.05,4.32,4.46,4.05,215773.0,92993360.0,600512,6.67,0.27
2011-06-07,4.43,4.37,4.51,4.36,138002.0,61056916.0,600512,1.16,0.05
2011-06-08,4.37,4.39,4.4,4.27,65608.0,28456592.0,600512,0.46,0.02
2011-06-09,4.42,4.51,4.65,4.37,271049.0,123805256.0,600512,2.73,0.12
2011-06-10,4.55,4.62,4.65,4.44,188573.0,86170232.0,600512,2.44,0.11
2011-06-13,4.6,4.53,4.66,4.5,128604.0,58656888.0,600512,-1.95,-0.09
2011-06-14,4.53,4.53,4.66,4.52,99623.0,45600916.0,600512,0.0,0.0
2011-06-15,4.54,4.55,4.6,4.48,89417.0,40556740.0,600512,0.44,0.02
2011-06-16,4.52,4.42,4.65,4.4,121185.0,55306344.0,600512,-2.86,-0.13
2011-06-17,4.4,4.35,4.45,4.26,88589.0,38716740.0,600512,-1.58,-0.07
2011-06-20,4.6,4.46,4.76,4.45,271143.0,125295400.0,600512,2.53,0.11
2011-06-21,4.2,4.32,4.39,4.18,140689.0,60469552.0,600512,-3.14,-0.14
2011-06-22,4.31,4.26,4.33,4.24,55939.0,23961360.0,600512,-1.39,-0.06
2011-06-23,4.26,4.63,4.65,4.23,179635.0,80149232.0,600512,8.69,0.37
2011-06-24,4.64,4.62,4.77,4.52,316558.0,147107728.0,600512,-0.22,-0.01
2011-06-27,4.58,4.63,4.68,4.54,191316.0,88250784.0,600512,0.22,0.01
2011-06-28,4.62,5.09,5.09,4.58,619366.0,303292896.0,600512,9.94,0.46
2011-06-29,5.11,4.98,5.22,4.96,736747.0,373922496.0,600512,-2.16,-0.11
2011-06-30,4.92,4.91,5.02,4.89,343446.0,169957072.0,600512,-1.41,-0.07
2011-07-01,4.95,4.94,5.07,4.92,269241.0,134271520.0,600512,0.61,0.03
2011-07-04,4.92,4.98,5.04,4.88,244026.0,121237768.0,600512,0.81,0.04
2011-07-05,5.01,4.98,5.1,4.95,251811.0,126262600.0,600512,0.0,0.0
2011-07-06,5.02,5.04,5.14,5.0,323902.0,164413072.0,600512,1.2,0.06
2011-07-07,5.0,4.95,5.07,4.92,210662.0,104746576.0,600512,-1.79,-0.09
2011-07-08,4.93,4.8,4.95,4.8,205164.0,99483328.0,600512,-3.03,-0.15
2011-07-11,4.81,4.96,5.02,4.79,179496.0,88570184.0,600512,3.33,0.16
2011-07-12,4.91,4.86,4.94,4.85,109401.0,53483648.0,600512,-2.02,-0.1
2011-07-13,4.85,4.98,4.99,4.84,108863.0,53843840.0,600512,2.47,0.12
2011-07-14,4.97,4.99,5.04,4.92,144354.0,71814352.0,600512,0.2,0.01
2011-07-15,4.97,4.97,5.03,4.93,146929.0,73165952.0,600512,-0.4,-0.02
2011-07-18,5.01,4.87,5.01,4.8,196513.0,96203832.0,600512,-2.01,-0.1
2011-07-19,4.87,4.97,5.0,4.75,252910.0,123755488.0,600512,2.05,0.1
2011-07-20,4.98,5.06,5.15,4.93,394453.0,199350256.0,600512,1.81,0.09
2011-07-21,5.08,4.93,5.13,4.91,257710.0,129637136.0,600512,-2.57,-0.13
2011-07-22,4.96,4.89,4.98,4.83,163476.0,79938632.0,600512,-0.81,-0.04
2011-07-25,4.87,4.66,4.87,4.56,217265.0,102193840.0,600512,-4.7,-0.23
2011-07-26,4.68,4.78,4.8,4.51,164585.0,76462400.0,600512,2.58,0.12
2011-07-27,4.79,4.82,4.9,4.7,166130.0,80128256.0,600512,0.84,0.04
2011-07-28,4.76,4.79,4.84,4.7,120825.0,57486744.0,600512,-0.62,-0.03
2011-07-29,4.78,4.64,4.82,4.64,101507.0,47918288.0,600512,-3.13,-0.15
2011-08-01,4.7,4.7,4.8,4.64,103431.0,48457188.0,600512,1.29,0.06
2011-08-02,4.67,4.61,4.67,4.48,124358.0,56598372.0,600512,-1.91,-0.09
2011-08-03,4.55,4.57,4.67,4.51,73156.0,33669272.0,600512,-0.87,-0.04
2011-08-04,4.57,4.59,4.64,4.56,54002.0,24813420.0,600512,0.44,0.02
2011-08-05,4.41,4.68,4.69,4.41,113787.0,51918188.0,600512,1.96,0.09
2011-08-08,4.64,4.48,4.77,4.38,188023.0,85985680.0,600512,-4.27,-0.2
2011-08-09,4.23,4.46,4.49,4.21,122277.0,53530392.0,600512,-0.45,-0.02
2011-08-10,4.5,4.47,4.56,4.44,70658.0,31835228.0,600512,0.22,0.01
2011-08-11,4.4,4.53,4.55,4.31,94247.0,42393756.0,600512,1.34,0.06
2011-08-12,4.55,4.58,4.67,4.5,131594.0,60560740.0,600512,1.1,0.05
2011-08-15,4.57,4.64,4.73,4.56,94580.0,44010200.0,600512,1.31,0.06
2011-08-16,4.64,4.51,4.66,4.49,88270.0,40263500.0,600512,-2.8,-0.13
2011-08-17,4.58,4.48,4.58,4.45,74672.0,33619704.0,600512,-0.67,-0.03
2011-08-18,4.48,4.44,4.52,4.41,61475.0,27412916.0,600512,-0.89,-0.04
2011-08-19,4.33,4.49,4.54,4.33,52673.0,23289756.0,600512,1.13,0.05
2011-08-22,4.47,4.51,4.53,4.42,56265.0,25147300.0,600512,0.45,0.02
2011-08-23,4.58,4.54,4.65,4.49,119286.0,54260596.0,600512,0.67,0.03
2011-08-24,4.54,4.47,4.59,4.45,71270.0,32185340.0,600512,-1.54,-0.07
2011-08-25,4.49,4.53,4.54,4.45,77374.0,34814856.0,600512,1.34,0.06
2011-08-26,4.52,4.52,4.56,4.49,53236.0,24042808.0,600512,-0.22,-0.01
2011-08-29,4.52,4.43,4.52,4.4,64389.0,28606356.0,600512,-1.99,-0.09
2011-08-30,4.45,4.42,4.49,4.4,50266.0,22374284.0,600512,-0.23,-0.01
2011-08-31,4.42,4.37,4.44,4.33,48998.0,21429420.0,600512,-1.13,-0.05
2011-09-01,4.38,4.35,4.41,4.33,44650.0,19520408.0,600512,-0.46,-0.02
2011-09-02,4.36,4.41,4.56,4.33,149427.0,66758044.0,600512,1.38,0.06
2011-09-05,4.44,4.36,4.48,4.35,92804.0,41022904.0,600512,-1.13,-0.05
2011-09-06,4.3,4.18,4.33,4.05,78939.0,33048964.0,600512,-4.13,-0.18
2011-09-07,4.19,4.24,4.24,4.1,62187.0,26078196.0,600512,1.44,0.06
2011-09-08,4.25,4.16,4.25,4.16,38918.0,16362760.0,600512,-1.89,-0.08
2011-09-09,4.17,4.16,4.2,4.15,20760.0,8656509.0,600512,0.0,0.0
2011-09-13,4.13,4.12,4.14,4.07,30760.0,12621059.0,600512,-0.96,-0.04
2011-09-14,4.12,4.17,4.18,4.05,53182.0,21882324.0,600512,1.21,0.05
2011-09-15,4.16,4.16,4.18,4.14,27315.0,11376273.0,600512,-0.24,-0.01
2011-09-16,4.16,4.23,4.24,4.16,41764.0,17502788.0,600512,1.68,0.07
2011-09-19,4.25,4.24,4.49,4.19,98478.0,42498224.0,600512,0.24,0.01
2011-09-20,4.21,4.23,4.43,4.17,71021.0,30396290.0,600512,-0.24,-0.01
2011-09-21,4.2,4.31,4.33,4.18,79940.0,34067780.0,600512,1.89,0.08
2011-09-22,4.25,4.15,4.27,4.14,48441.0,20405540.0,600512,-3.71,-0.16
2011-09-23,4.05,4.06,4.15,4.01,68536.0,27924096.0,600512,-2.17,-0.09
2011-09-26,4.06,3.95,4.1,3.9,60356.0,24083166.0,600512,-2.71,-0.11
2011-09-27,3.98,3.97,4.02,3.91,44737.0,17710860.0,600512,0.51,0.02
2011-09-28,3.96,3.91,4.0,3.9,47987.0,18946820.0,600512,-1.51,-0.06
2011-09-29,3.91,3.77,3.93,3.75,46703.0,17857434.0,600512,-3.58,-0.14
2011-09-30,3.81,3.79,3.81,3.65,31133.0,11686929.0,600512,0.53,0.02
2011-10-10,3.79,3.79,3.87,3.75,40397.0,15394314.0,600512,0.0,0.0
2011-10-11,3.86,3.79,3.88,3.76,20958.0,8015862.0,600512,0.0,0.0
2011-10-12,3.77,3.88,3.89,3.75,47292.0,18233950.0,600512,2.37,0.09
2011-10-13,3.88,3.9,3.95,3.85,46053.0,17954468.0,600512,0.52,0.02
2011-10-14,3.94,3.94,3.98,3.88,49837.0,19589828.0,600512,1.03,0.04
2011-10-17,3.93,3.9,3.95,3.85,31870.0,12444530.0,600512,-1.02,-0.04
2011-10-18,3.88,3.78,3.89,3.75,29154.0,11100310.0,600512,-3.08,-0.12
2011-10-19,3.78,3.73,3.8,3.7,24597.0,9214302.0,600512,-1.32,-0.05
2011-10-20,3.74,3.6,3.74,3.57,39170.0,14212299.0,600512,-3.49,-0.13
2011-10-21,3.6,3.55,3.63,3.52,28510.0,10176473.0,600512,-1.39,-0.05
2011-10-24,3.57,3.62,3.62,3.51,26019.0,9296206.0,600512,1.97,0.07
2011-10-25,3.6,3.67,3.69,3.57,41277.0,15060712.0,600512,1.38,0.05
2011-10-26,3.63,3.67,3.71,3.63,45422.0,16753143.0,600512,0.0,0.0
2011-10-27,3.67,3.7,3.79,3.66,60180.0,22379904.0,600512,0.82,0.03
2011-10-28,3.74,3.76,3.77,3.7,73475.0,27456798.0,600512,1.62,0.06
2011-10-31,3.76,3.73,3.78,3.7,46078.0,17174800.0,600512,-0.8,-0.03
2011-11-01,3.7,3.71,3.75,3.68,34087.0,12644011.0,600512,-0.54,-0.02
2011-11-02,3.65,3.82,3.85,3.62,85973.0,32020748.0,600512,2.96,0.11
2011-11-03,3.81,3.82,3.95,3.77,121348.0,46981044.0,600512,0.0,0.0
2011-11-04,3.82,3.84,3.87,3.73,49916.0,19034136.0,600512,0.52,0.02
2011-11-07,3.83,3.79,3.85,3.79,30763.0,11717838.0,600512,-1.3,-0.05
2011-11-09,3.79,3.76,3.8,3.68,74210.0,27678308.0,600512,-0.79,-0.03
2011-11-10,3.7,3.67,3.72,3.64,45584.0,16779704.0,600512,-2.39,-0.09
2011-11-11,3.66,3.71,3.75,3.66,40500.0,15014208.0,600512,1.09,0.04
2011-11-14,3.71,3.77,3.79,3.71,49477.0,18595346.0,600512,1.62,0.06
2011-11-15,3.77,3.78,3.79,3.73,46071.0,17356616.0,600512,0.27,0.01
2011-11-16,3.79,3.68,3.79,3.67,43976.0,16355326.0,600512,-2.65,-0.1
2011-11-17,3.66,3.67,3.7,3.66,36178.0,13301515.0,600512,-0.27,-0.01
2011-11-18,3.65,3.56,3.67,3.56,47756.0,17176444.0,600512,-3.0,-0.11
2011-11-21,3.57,3.59,3.59,3.54,21249.0,7558540.0,600512,0.84,0.03
2011-11-22,3.56,3.58,3.61,3.55,29193.0,10437576.0,600512,-0.28,-0.01
2011-11-23,3.6,3.55,3.6,3.55,16680.0,5944509.0,600512,-0.84,-0.03
2011-11-24,3.62,3.65,3.73,3.58,101682.0,37242564.0,600512,2.82,0.1
2011-11-25,3.61,3.54,3.62,3.52,52010.0,18577972.0,600512,-3.01,-0.11
2011-11-28,3.54,3.47,3.55,3.4,40061.0,13975850.0,600512,-1.98,-0.07
2011-11-29,3.5,3.51,3.52,3.46,24364.0,8509578.0,600512,1.15,0.04
2011-11-30,3.51,3.36,3.51,3.32,46215.0,15744605.0,600512,-4.27,-0.15
2011-12-01,3.41,3.44,3.54,3.4,46802.0,16183162.0,600512,2.38,0.08
2011-12-02,3.43,3.39,3.51,3.38,42473.0,14692749.0,600512,-1.45,-0.05
2011-12-05,3.35,3.29,3.39,3.29,25030.0,8315201.0,600512,-2.95,-0.1
2011-12-06,3.28,3.26,3.3,3.2,27596.0,8986346.0,600512,-0.91,-0.03
2011-12-07,3.27,3.23,3.28,3.21,20356.0,6599007.0,600512,-0.92,-0.03
2011-12-08,3.23,3.22,3.26,3.16,27479.0,8819373.0,600512,-0.31,-0.01
2011-12-09,3.21,3.19,3.23,3.17,19912.0,6347452.0,600512,-0.93,-0.03
2011-12-12,3.18,3.15,3.2,3.13,14409.0,4555287.0,600512,-1.25,-0.04
2011-12-13,3.15,3.01,3.15,3.01,33851.0,10347478.0,600512,-4.44,-0.14
2011-12-14,3.01,2.97,3.04,2.96,23951.0,7195541.0,600512,-1.33,-0.04
2011-12-15,2.98,2.87,2.98,2.85,28705.0,8329734.0,600512,-3.37,-0.1
2011-12-16,2.87,2.96,2.96,2.86,28417.0,8241533.0,600512,3.14,0.09
2011-12-19,2.95,3.0,3.01,2.9,39499.0,11685392.0,600512,1.35,0.04
2011-12-20,3.0,3.0,3.07,2.99,31256.0,9435961.0,600512,0.0,0.0
2011-12-21,3.01,2.95,3.09,2.95,54033.0,16445067.0,600512,-1.67,-0.05
2011-12-22,2.95,2.9,2.95,2.85,27050.0,7835766.0,600512,-1.69,-0.05
2011-12-23,2.89,3.03,3.19,2.89,48570.0,14689280.0,600512,4.48,0.13
2011-12-26,3.0,3.01,3.04,2.99,23595.0,7127667.0,600512,-0.66,-0.02
2011-12-27,3.03,2.93,3.03,2.92,20808.0,6153011.0,600512,-2.66,-0.08
2011-12-28,2.89,2.92,2.94,2.85,19136.0,5539147.0,600512,-0.34,-0.01
2011-12-29,2.91,2.91,2.95,2.89,13910.0,4070012.0,600512,-0.34,-0.01
2011-12-30,2.92,2.94,2.97,2.92,19239.0,5653974.0,600512,1.03,0.03
2012-01-04,2.98,2.88,2.98,2.86,18027.0,5271099.0,600512,-2.04,-0.06
2012-01-05,2.9,2.8,2.91,2.79,21875.0,6224602.0,600512,-2.78,-0.08
2012-01-06,2.8,2.79,2.81,2.73,20686.0,5716287.0,600512,-0.36,-0.01
2012-01-09,2.82,2.92,2.92,2.8,32764.0,9402187.0,600512,4.66,0.13
2012-01-10,2.94,3.04,3.04,2.91,56738.0,16975504.0,600512,4.11,0.12
2012-01-11,3.01,3.01,3.03,2.97,36801.0,11035257.0,600512,-0.99,-0.03
2012-01-12,3.0,3.02,3.09,2.99,43857.0,13340615.0,600512,0.33,0.01
2012-01-13,3.01,2.95,3.03,2.89,32006.0,9444733.0,600512,-2.32,-0.07
2012-01-16,2.94,2.88,2.94,2.83,25407.0,7321538.0,600512,-2.37,-0.07
2012-01-17,2.9,3.0,3.01,2.81,35775.0,10567468.0,600512,4.17,0.12
2012-01-18,3.01,2.97,3.03,2.95,30115.0,9004248.0,600512,-1.0,-0.03
2012-01-19,2.97,2.99,3.01,2.95,25338.0,7552980.0,600512,0.67,0.02
2012-01-20,3.01,3.02,3.03,2.99,26210.0,7890780.0,600512,1.0,0.03
2012-01-30,3.02,2.99,3.04,2.99,20026.0,6043071.0,600512,-0.99,-0.03
2012-01-31,2.99,3.03,3.03,2.97,16090.0,4824336.0,600512,1.34,0.04
2012-02-01,3.0,2.98,3.03,2.97,20139.0,6050257.0,600512,-1.65,-0.05
2012-02-02,3.0,3.07,3.08,2.96,36845.0,11145794.0,600512,3.02,0.09
2012-02-03,3.11,3.07,3.11,3.03,42612.0,13043612.0,600512,0.0,0.0
2012-02-06,3.06,3.07,3.08,3.04,34831.0,10671778.0,600512,0.0,0.0
2012-02-07,3.07,3.01,3.07,3.0,27396.0,8276654.0,600512,-1.95,-0.06
2012-02-08,2.99,3.06,3.07,2.99,34987.0,10647744.0,600512,1.66,0.05
2012-02-09,3.07,3.1,3.13,3.05,65569.0,20342076.0,600512,1.31,0.04
2012-02-10,3.1,3.13,3.16,3.08,67574.0,21130432.0,600512,0.97,0.03
2012-02-13,3.1,3.12,3.14,3.07,43721.0,13624791.0,600512,-0.32,-0.01
2012-02-14,3.11,3.16,3.2,3.09,60263.0,18985528.0,600512,1.28,0.04
2012-02-15,3.16,3.27,3.28,3.13,110048.0,35423220.0,600512,3.48,0.11
2012-02-16,3.26,3.23,3.31,3.21,104285.0,34037996.0,600512,-1.22,-0.04
2012-02-17,3.24,3.21,3.27,3.18,50276.0,16180975.0,600512,-0.62,-0.02
2012-02-20,3.25,3.21,3.28,3.21,41691.0,13497634.0,600512,0.0,0.0
2012-02-21,3.21,3.23,3.23,3.16,32747.0,10469039.0,600512,0.62,0.02
2012-02-22,3.23,3.28,3.31,3.23,66371.0,21724256.0,600512,1.55,0.05
2012-02-23,3.26,3.29,3.31,3.24,44955.0,14711393.0,600512,0.3,0.01
2012-02-24,3.29,3.37,3.43,3.28,114030.0,38281932.0,600512,2.43,0.08
2012-02-27,3.38,3.36,3.43,3.36,90237.0,30618232.0,600512,-0.3,-0.01
2012-02-28,3.35,3.31,3.37,3.28,63193.0,20997758.0,600512,-1.49,-0.05
2012-02-29,3.31,3.26,3.31,3.24,39255.0,12839078.0,600512,-1.51,-0.05
2012-03-01,3.25,3.26,3.29,3.22,28869.0,9423396.0,600512,0.0,0.0
2012-03-02,3.25,3.32,3.33,3.25,42749.0,14117344.0,600512,1.84,0.06
2012-03-05,3.32,3.29,3.35,3.29,45550.0,15108340.0,600512,-0.9,-0.03
2012-03-06,3.29,3.22,3.29,3.2,52059.0,16826838.0,600512,-2.13,-0.07
2012-03-07,3.17,3.2,3.25,3.16,53446.0,17204656.0,600512,-0.62,-0.02
2012-03-08,3.21,3.24,3.27,3.21,49888.0,16165852.0,600512,1.25,0.04
2012-03-09,3.25,3.37,3.39,3.24,99072.0,32699830.0,600512,4.01,0.13
2012-03-12,3.35,3.33,3.39,3.3,84671.0,28140480.0,600512,-1.19,-0.04
2012-03-13,3.33,3.35,3.35,3.3,40613.0,13510346.0,600512,0.6,0.02
2012-03-14,3.37,3.21,3.38,3.16,97620.0,32196644.0,600512,-4.18,-0.14
2012-03-15,3.19,3.13,3.22,3.09,57043.0,17897612.0,600512,-2.49,-0.08
2012-03-16,3.17,3.23,3.24,3.1,73945.0,23446072.0,600512,3.19,0.1
2012-03-19,3.22,3.22,3.23,3.16,41943.0,13393102.0,600512,-0.31,-0.01
2012-03-20,3.2,3.22,3.28,3.17,69450.0,22401254.0,600512,0.0,0.0
2012-03-21,3.22,3.22,3.25,3.16,37968.0,12153752.0,600512,0.0,0.0
2012-03-22,3.2,3.24,3.26,3.19,38460.0,12394109.0,600512,0.62,0.02
2012-03-23,3.22,3.14,3.23,3.12,42062.0,13295216.0,600512,-3.09,-0.1
2012-03-26,3.14,3.12,3.15,3.1,23638.0,7383511.0,600512,-0.64,-0.02
2012-03-27,3.14,3.11,3.15,3.1,15906.0,4974653.0,600512,-0.32,-0.01
2012-03-28,3.11,2.97,3.11,2.96,40202.0,12109943.0,600512,-4.5,-0.14
2012-03-29,2.98,2.89,2.99,2.85,35998.0,10480611.0,600512,-2.69,-0.08
2012-03-30,2.88,2.9,2.92,2.87,21200.0,6126992.0,600512,0.35,0.01
2012-04-05,2.89,2.96,2.97,2.88,27553.0,8090241.0,600512,2.07,0.06
2012-04-06,2.96,3.03,3.06,2.94,51169.0,15379681.0,600512,2.36,0.07
2012-04-09,3.02,3.06,3.14,3.0,42763.0,13154212.0,600512,0.99,0.03
2012-04-10,3.06,3.08,3.09,2.99,33050.0,10042808.0,600512,0.65,0.02
2012-04-11,3.06,3.39,3.39,3.04,407364.0,135362800.0,600512,10.06,0.31
2012-04-12,3.5,3.39,3.5,3.34,422782.0,144202912.0,600512,0.0,0.0
2012-04-13,3.37,3.3,3.39,3.29,233039.0,77665176.0,600512,-2.65,-0.09
2012-04-16,3.33,3.34,3.39,3.32,181771.0,61005000.0,600512,1.21,0.04
2012-04-17,3.31,3.22,3.32,3.21,121642.0,39587344.0,600512,-3.59,-0.12
2012-04-18,3.21,3.3,3.34,3.2,105004.0,34452660.0,600512,2.48,0.08
2012-04-19,3.3,3.3,3.32,3.26,64296.0,21142588.0,600512,0.0,0.0
2012-04-20,3.29,3.34,3.4,3.27,146245.0,49000584.0,600512,1.21,0.04
2012-04-23,3.33,3.28,3.36,3.25,78037.0,25740160.0,600512,-1.8,-0.06
2012-04-24,3.28,3.37,3.38,3.2,154494.0,51187276.0,600512,2.74,0.09
2012-04-25,3.36,3.44,3.48,3.34,275263.0,94675792.0,600512,2.08,0.07
2012-04-27,3.4,3.28,3.4,3.27,119153.0,39531732.0,600512,-4.65,-0.16
2012-05-02,3.32,3.31,3.35,3.28,72543.0,24050666.0,600512,0.91,0.03
2012-05-03,3.31,3.28,3.31,3.25,54829.0,17970184.0,600512,-0.91,-0.03
2012-05-04,3.29,3.32,3.34,3.24,58660.0,19307396.0,600512,1.22,0.04
2012-05-07,3.3,3.28,3.31,3.23,63975.0,20870406.0,600512,-1.2,-0.04
2012-05-08,3.27,3.25,3.28,3.24,55170.0,17955424.0,600512,-0.91,-0.03
2012-05-09,3.24,3.23,3.27,3.22,40940.0,13298838.0,600512,-0.62,-0.02
2012-05-10,3.22,3.23,3.26,3.2,41462.0,13386258.0,600512,0.0,0.0
2012-05-11,3.23,3.12,3.23,3.11,75709.0,23957010.0,600512,-3.41,-0.11
2012-05-14,3.14,3.12,3.17,3.11,35298.0,11104939.0,600512,0.0,0.0
2012-05-15,3.1,3.13,3.13,3.08,38824.0,12050989.0,600512,0.32,0.01
2012-05-16,3.12,3.12,3.19,3.11,32301.0,10155079.0,600512,-0.32,-0.01
2012-05-17,3.13,3.19,3.21,3.09,53625.0,16917056.0,600512,2.24,0.07
2012-05-18,3.17,3.15,3.22,3.14,48595.0,15445693.0,600512,-1.25,-0.04
2012-05-21,3.15,3.18,3.22,3.15,40270.0,12834633.0,600512,0.95,0.03
2012-05-22,3.2,3.2,3.21,3.17,32462.0,10332290.0,600512,0.63,0.02
2012-05-23,3.2,3.15,3.2,3.12,32875.0,10389806.0,600512,-1.56,-0.05
2012-05-24,3.15,3.11,3.18,3.1,35291.0,11061666.0,600512,-1.27,-0.04
2012-05-25,3.11,3.09,3.15,3.08,29468.0,9159577.0,600512,-0.64,-0.02
2012-05-28,3.09,3.23,3.24,3.05,101331.0,32114220.0,600512,4.53,0.14
2012-05-29,3.38,3.52,3.55,3.38,686369.0,241773744.0,600512,8.98,0.29
2012-05-30,3.36,3.4,3.45,3.33,380057.0,128646728.0,600512,-3.41,-0.12
2012-05-31,3.39,3.36,3.42,3.33,146865.0,49361284.0,600512,-1.18,-0.04
2012-06-01,3.33,3.31,3.38,3.27,137569.0,45456388.0,600512,-1.49,-0.05
2012-06-04,3.26,3.16,3.27,3.16,111802.0,36116280.0,600512,-4.53,-0.15
2012-06-05,3.15,3.16,3.2,3.14,69293.0,21935468.0,600512,0.0,0.0
2012-06-06,3.16,3.14,3.18,3.11,57477.0,18053094.0,600512,-0.63,-0.02
2012-06-07,3.17,3.12,3.18,3.1,45499.0,14278724.0,600512,-0.64,-0.02
2012-06-08,3.16,3.1,3.16,3.09,51276.0,15997065.0,600512,-0.64,-0.02
2012-06-11,3.12,3.15,3.16,3.09,39449.0,12320339.0,600512,1.61,0.05
2012-06-12,3.14,3.14,3.17,3.11,47058.0,14802575.0,600512,-0.32,-0.01
2012-06-13,3.16,3.21,3.22,3.13,62314.0,19835444.0,600512,2.23,0.07
2012-06-14,3.2,3.16,3.23,3.16,49227.0,15706788.0,600512,-1.56,-0.05
2012-06-15,3.16,3.16,3.2,3.12,41179.0,13003882.0,600512,0.0,0.0
2012-06-18,3.18,3.18,3.23,3.13,45754.0,14598640.0,600512,0.63,0.02
2012-06-19,3.17,3.17,3.19,3.15,35447.0,11235373.0,600512,-0.31,-0.01
2012-06-20,3.17,3.14,3.19,3.13,38341.0,12093269.0,600512,-0.95,-0.03
2012-06-21,3.13,3.09,3.14,3.08,45188.0,13987570.0,600512,-1.59,-0.05
2012-06-25,3.08,3.03,3.11,3.02,37018.0,11370821.0,600512,-1.94,-0.06
2012-06-26,3.04,3.06,3.07,2.99,45675.0,13862870.0,600512,0.99,0.03
2012-06-27,3.08,3.01,3.09,3.01,35338.0,10758491.0,600512,-1.63,-0.05
2012-06-28,3.03,3.01,3.04,3.0,29665.0,8947961.0,600512,0.0,0.0
2012-06-29,3.0,3.05,3.07,2.99,36430.0,11040198.0,600512,1.33,0.04
2012-07-02,3.06,3.06,3.07,3.04,24710.0,7550117.0,600512,0.33,0.01
2012-07-03,3.05,3.05,3.08,3.02,27733.0,8473093.0,600512,-0.33,-0.01
2012-07-04,3.05,3.0,3.06,3.0,25299.0,7643467.0,600512,-1.64,-0.05
2012-07-05,3.01,2.95,3.01,2.95,29010.0,8624325.0,600512,-1.67,-0.05
2012-07-06,2.99,2.99,3.01,2.95,32203.0,9593366.0,600512,1.36,0.04
2012-07-09,2.99,2.89,2.99,2.88,25958.0,7662574.0,600512,-3.34,-0.1
2012-07-10,2.89,2.92,2.95,2.87,25430.0,7389941.0,600512,1.04,0.03
2012-07-11,2.92,2.95,2.97,2.91,26964.0,7920814.0,600512,1.03,0.03
2012-07-12,2.95,2.97,2.99,2.91,26207.0,7736135.0,600512,0.68,0.02
2012-07-13,2.97,2.97,3.04,2.95,23849.0,7142596.0,600512,0.0,0.0
2012-07-16,2.97,2.87,2.99,2.87,28529.0,8346940.0,600512,-3.37,-0.1
2012-07-17,2.87,2.92,2.95,2.86,22975.0,6677798.0,600512,1.74,0.05
2012-07-18,2.92,2.93,2.95,2.89,22758.0,6632697.0,600512,0.34,0.01
2012-07-19,2.93,2.98,3.01,2.93,44268.0,13186881.0,600512,1.71,0.05
2012-07-20,2.99,3.03,3.08,2.96,50612.0,15304389.0,600512,1.68,0.05
2012-07-23,2.99,3.0,3.03,2.98,28498.0,8557401.0,600512,-0.99,-0.03
2012-07-24,3.03,3.02,3.03,2.98,26742.0,8044599.0,600512,0.67,0.02
2012-07-25,3.01,2.97,3.01,2.96,24208.0,7208732.0,600512,-1.66,-0.05
2012-07-26,2.97,2.93,2.97,2.92,20108.0,5925522.0,600512,-1.35,-0.04
2012-07-27,2.95,2.91,2.96,2.9,13392.0,3912667.0,600512,-0.68,-0.02
2012-07-30,2.9,2.87,2.93,2.85,25393.0,7321386.0,600512,-1.37,-0.04
2012-07-31,2.85,2.83,2.89,2.78,31307.0,8802451.0,600512,-1.39,-0.04
2012-08-01,2.83,2.88,2.88,2.81,20355.0,5821996.0,600512,1.77,0.05
2012-08-02,2.88,2.85,2.91,2.84,14956.0,4284885.0,600512,-1.04,-0.03
2012-08-03,2.86,2.9,2.91,2.85,16556.0,4783093.0,600512,1.75,0.05
2012-08-06,2.88,2.96,2.99,2.88,37234.0,10891115.0,600512,2.07,0.06
2012-08-07,2.95,3.0,3.06,2.93,51131.0,15344275.0,600512,1.35,0.04
2012-08-08,3.03,2.96,3.04,2.95,35935.0,10704731.0,600512,-1.33,-0.04
2012-08-09,2.96,2.98,3.01,2.92,33700.0,10010795.0,600512,0.68,0.02
2012-08-10,2.97,2.96,3.0,2.93,22874.0,6777745.0,600512,-0.67,-0.02
2012-08-13,2.95,2.87,2.96,2.86,23849.0,6934700.0,600512,-3.04,-0.09
2012-08-14,2.85,2.9,2.9,2.85,28476.0,8178458.0,600512,1.05,0.03
2012-08-15,2.89,2.87,2.89,2.86,13970.0,4013651.0,600512,-1.03,-0.03
2012-08-16,2.85,2.92,2.95,2.85,28171.0,8176556.0,600512,1.74,0.05
2012-08-17,2.92,2.9,2.92,2.87,13326.0,3856049.0,600512,-0.68,-0.02
2012-08-20,2.88,2.92,2.95,2.86,17348.0,5027468.0,600512,0.69,0.02
2012-08-21,2.91,2.96,2.97,2.91,44192.0,13012231.0,600512,1.37,0.04
2012-08-22,2.98,2.91,2.98,2.89,31798.0,9305328.0,600512,-1.69,-0.05
2012-08-23,2.9,2.93,2.93,2.88,19981.0,5814135.0,600512,0.69,0.02
2012-08-24,2.92,2.89,2.93,2.88,14184.0,4108551.0,600512,-1.37,-0.04
2012-08-27,2.88,2.82,2.89,2.81,16970.0,4830077.0,600512,-2.42,-0.07
2012-08-28,2.8,2.82,2.87,2.8,22203.0,6291858.0,600512,0.0,0.0
2012-08-29,2.83,2.82,2.84,2.81,11435.0,3235018.0,600512,0.0,0.0
2012-08-30,2.82,2.8,2.83,2.78,15576.0,4369098.0,600512,-0.71,-0.02
2012-08-31,2.8,2.8,2.8,2.77,11248.0,3139770.0,600512,0.0,0.0
2012-09-03,2.8,2.83,2.85,2.78,18048.0,5085760.0,600512,1.07,0.03
2012-09-04,2.83,2.79,2.84,2.77,15909.0,4458528.0,600512,-1.41,-0.04
2012-09-05,2.79,2.81,2.83,2.77,14765.0,4144288.0,600512,0.72,0.02
2012-09-06,2.85,2.84,2.88,2.81,24326.0,6915256.0,600512,1.07,0.03
2012-09-07,2.88,2.98,3.09,2.88,146361.0,43570772.0,600512,4.93,0.14
2012-09-10,2.99,3.08,3.14,2.98,205458.0,63099292.0,600512,3.36,0.1
2012-09-11,3.04,3.01,3.04,2.98,77487.0,23271944.0,600512,-2.27,-0.07
2012-09-12,3.01,3.02,3.04,2.97,57620.0,17294044.0,600512,0.33,0.01
2012-09-13,3.01,2.95,3.01,2.95,44473.0,13267253.0,600512,-2.32,-0.07
2012-09-14,2.98,2.96,3.0,2.94,32133.0,9521222.0,600512,0.34,0.01
2012-09-17,2.96,2.88,2.96,2.87,32233.0,9387385.0,600512,-2.7,-0.08
2012-09-18,2.92,2.94,3.03,2.91,91922.0,27336892.0,600512,2.08,0.06
2012-09-19,2.93,2.93,2.94,2.89,42891.0,12469887.0,600512,-0.34,-0.01
2012-09-20,2.91,2.83,2.92,2.83,42558.0,12183518.0,600512,-3.41,-0.1
2012-09-21,2.81,2.83,2.86,2.81,15556.0,4407593.0,600512,0.0,0.0
2012-09-24,2.82,2.85,2.87,2.81,25710.0,7303402.0,600512,0.71,0.02
2012-09-25,2.85,2.87,2.98,2.82,50520.0,14721505.0,600512,0.7,0.02
2012-09-26,2.84,2.8,2.86,2.79,32479.0,9150400.0,600512,-2.44,-0.07
2012-09-27,2.8,2.86,2.88,2.8,31498.0,8957416.0,600512,2.14,0.06
2012-09-28,2.84,2.88,2.89,2.84,34039.0,9771569.0,600512,0.7,0.02
2012-10-08,2.87,2.88,2.9,2.85,17669.0,5078331.0,600512,0.0,0.0
2012-10-09,2.88,2.93,2.94,2.87,38854.0,11347444.0,600512,1.74,0.05
2012-10-10,2.94,2.97,3.0,2.91,49935.0,14778931.0,600512,1.37,0.04
2012-10-11,2.94,2.93,3.06,2.93,52639.0,15720521.0,600512,-1.35,-0.04
2012-10-12,2.93,2.92,2.95,2.88,54143.0,15778362.0,600512,-0.34,-0.01
2012-10-15,2.91,2.88,2.92,2.87,22830.0,6594362.0,600512,-1.37,-0.04
2012-10-16,2.89,2.9,2.94,2.88,31457.0,9177464.0,600512,0.69,0.02
2012-10-17,2.93,2.9,2.93,2.84,32568.0,9389178.0,600512,0.0,0.0
2012-10-18,2.88,2.96,2.97,2.88,60853.0,17975048.0,600512,2.07,0.06
2012-10-19,2.96,2.94,2.98,2.94,34720.0,10245639.0,600512,-0.68,-0.02
2012-10-22,2.92,2.96,2.97,2.92,26723.0,7888802.0,600512,0.68,0.02
2012-10-23,2.97,2.96,3.0,2.95,53671.0,15971257.0,600512,0.0,0.0
2012-10-24,2.94,3.01,3.05,2.94,101060.0,30398730.0,600512,1.69,0.05
2012-10-25,3.0,3.01,3.04,2.98,100207.0,30211618.0,600512,0.0,0.0
2012-10-26,3.01,2.9,3.03,2.9,67202.0,19755204.0,600512,-3.65,-0.11
2012-10-29,2.9,2.9,2.93,2.89,27863.0,8110863.0,600512,0.0,0.0
2012-10-30,2.91,2.89,2.94,2.89,32824.0,9554353.0,600512,-0.34,-0.01
2012-10-31,2.9,2.89,2.9,2.86,54670.0,15740298.0,600512,0.0,0.0
2012-11-01,2.89,2.95,2.96,2.88,71675.0,20983424.0,600512,2.08,0.06
2012-11-02,2.95,2.97,2.98,2.92,59076.0,17461592.0,600512,0.68,0.02
2012-11-05,2.97,2.96,2.99,2.94,37723.0,11175642.0,600512,-0.34,-0.01
2012-11-06,2.96,2.94,2.98,2.89,44873.0,13153147.0,600512,-0.68,-0.02
2012-11-07,2.94,2.93,2.95,2.91,19120.0,5597965.0,600512,-0.34,-0.01
2012-11-08,2.91,2.86,2.91,2.86,40015.0,11546121.0,600512,-2.39,-0.07
2012-11-09,2.86,2.86,2.89,2.86,25015.0,7179666.0,600512,0.0,0.0
2012-11-12,2.88,2.9,2.91,2.87,23378.0,6766559.0,600512,1.4,0.04
2012-11-13,2.9,2.85,2.91,2.85,20067.0,5763228.0,600512,-1.72,-0.05
2012-11-14,2.84,2.86,2.87,2.83,22370.0,6375390.0,600512,0.35,0.01
2012-11-15,2.85,2.82,2.88,2.81,21455.0,6093497.0,600512,-1.4,-0.04
2012-11-16,2.82,2.79,2.82,2.77,29409.0,8200894.0,600512,-1.06,-0.03
2012-11-19,2.8,2.79,2.81,2.76,20746.0,5774251.0,600512,0.0,0.0
2012-11-20,2.8,2.79,2.81,2.78,13037.0,3647439.0,600512,0.0,0.0
2012-11-21,2.8,2.83,2.84,2.78,20044.0,5634098.0,600512,1.43,0.04
2012-11-22,2.82,2.79,2.82,2.78,18330.0,5139475.0,600512,-1.41,-0.04
2012-11-23,2.79,2.81,2.83,2.79,14679.0,4130232.0,600512,0.72,0.02
2012-11-26,2.8,2.78,2.82,2.78,11871.0,3325960.0,600512,-1.07,-0.03
2012-11-27,2.79,2.67,2.8,2.66,27162.0,7397273.0,600512,-3.96,-0.11
2012-11-28,2.66,2.61,2.68,2.59,33168.0,8690512.0,600512,-2.25,-0.06
2012-11-29,2.62,2.55,2.64,2.53,23193.0,6023228.0,600512,-2.3,-0.06
2012-11-30,2.55,2.6,2.63,2.55,26200.0,6799524.0,600512,1.96,0.05
2012-12-03,2.6,2.56,2.62,2.56,21601.0,5592988.0,600512,-1.54,-0.04
2012-12-04,2.6,2.61,2.62,2.57,25700.0,6668277.0,600512,1.95,0.05
2012-12-05,2.82,2.87,2.87,2.8,159098.0,45599936.0,600512,9.96,0.26
2012-12-06,3.16,3.16,3.16,3.07,703893.0,221467136.0,600512,10.1,0.29
2012-12-07,3.2,3.27,3.29,3.09,944732.0,303959744.0,600512,3.48,0.11
2012-12-10,3.22,3.27,3.3,3.16,637533.0,206013376.0,600512,0.0,0.0
2012-12-11,3.21,3.15,3.37,3.15,561025.0,182649696.0,600512,-3.67,-0.12
2012-12-12,3.1,3.18,3.22,3.07,335269.0,104950880.0,600512,0.95,0.03
2012-12-13,3.1,3.09,3.17,3.08,240983.0,74920944.0,600512,-2.83,-0.09
2012-12-14,3.05,3.18,3.25,3.04,438730.0,139552512.0,600512,2.91,0.09
2012-12-17,3.22,3.19,3.31,3.1,349689.0,112208768.0,600512,0.31,0.01
2012-12-18,3.15,3.13,3.24,3.11,236634.0,75053616.0,600512,-1.88,-0.06
2012-12-19,3.12,3.15,3.17,3.09,139870.0,43834240.0,600512,0.64,0.02
2012-12-20,3.1,3.13,3.15,3.02,237684.0,73484016.0,600512,-0.63,-0.02
2012-12-21,3.11,3.06,3.15,3.04,186803.0,57558136.0,600512,-2.24,-0.07
2012-12-24,3.04,3.06,3.09,3.04,94430.0,28961828.0,600512,0.0,0.0
2012-12-25,3.06,3.13,3.16,3.03,210837.0,65856168.0,600512,2.29,0.07
2012-12-26,3.15,3.13,3.16,3.09,177107.0,55212640.0,600512,0.0,0.0
2012-12-27,3.12,3.13,3.24,3.11,244884.0,77785240.0,600512,0.0,0.0
2012-12-28,3.11,3.17,3.19,3.1,168864.0,53137452.0,600512,1.28,0.04
2012-12-31,3.18,3.16,3.23,3.13,162139.0,51379640.0,600512,-0.32,-0.01
2013-01-04,3.25,3.17,3.27,3.14,183439.0,58476008.0,600512,0.32,0.01
2013-01-07,3.14,3.13,3.14,3.08,153408.0,47652688.0,600512,-1.26,-0.04
2013-01-08,3.13,3.19,3.2,3.11,184431.0,58062776.0,600512,1.92,0.06
2013-01-09,3.2,3.13,3.2,3.12,120407.0,37963476.0,600512,-1.88,-0.06
2013-01-10,3.11,3.14,3.16,3.11,77968.0,24430234.0,600512,0.32,0.01
2013-01-11,3.15,3.04,3.15,3.03,108442.0,33455370.0,600512,-3.18,-0.1
2013-01-14,3.02,3.11,3.12,3.02,112623.0,34800084.0,600512,2.3,0.07
2013-01-15,3.15,3.15,3.18,3.13,176520.0,55658600.0,600512,1.29,0.04
2013-01-16,3.15,3.12,3.16,3.08,107367.0,33414756.0,600512,-0.95,-0.03
2013-01-17,3.12,3.17,3.25,3.08,260534.0,82838560.0,600512,1.6,0.05
2013-01-18,3.16,3.21,3.23,3.15,187010.0,59816352.0,600512,1.26,0.04
2013-01-21,3.22,3.25,3.27,3.19,212182.0,68529040.0,600512,1.25,0.04
2013-01-22,3.23,3.13,3.24,3.13,151820.0,48322952.0,600512,-3.69,-0.12
2013-01-23,3.13,3.14,3.17,3.11,83732.0,26263516.0,600512,0.32,0.01
2013-01-24,3.13,3.12,3.19,3.11,114033.0,35882236.0,600512,-0.64,-0.02
2013-01-25,3.11,3.11,3.16,3.09,64259.0,20057628.0,600512,-0.32,-0.01
2013-01-28,3.11,3.17,3.17,3.09,89266.0,28083370.0,600512,1.93,0.06
2013-01-29,3.18,3.19,3.23,3.15,134282.0,42726832.0,600512,0.63,0.02
2013-01-30,3.2,3.24,3.25,3.18,162384.0,52299640.0,600512,1.57,0.05
2013-01-31,3.26,3.2,3.27,3.17,97545.0,31245944.0,600512,-1.23,-0.04
2013-02-01,3.19,3.21,3.22,3.16,95823.0,30643396.0,600512,0.31,0.01
2013-02-04,3.22,3.16,3.22,3.15,86738.0,27517100.0,600512,-1.56,-0.05
2013-02-05,3.15,3.23,3.24,3.14,115887.0,37103668.0,600512,2.22,0.07
2013-02-06,3.21,3.22,3.25,3.18,58982.0,18908028.0,600512,-0.31,-0.01
2013-02-07,3.21,3.31,3.37,3.18,240049.0,78958992.0,600512,2.8,0.09
2013-02-08,3.3,3.34,3.36,3.27,139324.0,46274352.0,600512,0.91,0.03
2013-02-18,3.35,3.35,3.45,3.34,151097.0,51157008.0,600512,0.3,0.01
2013-02-19,3.33,3.27,3.37,3.25,97908.0,32275848.0,600512,-2.39,-0.08
2013-02-20,3.26,3.28,3.29,3.23,70120.0,22844248.0,600512,0.31,0.01
2013-02-21,3.27,3.17,3.28,3.16,85191.0,27325788.0,600512,-3.35,-0.11
2013-02-22,3.16,3.19,3.2,3.16,46519.0,14797407.0,600512,0.63,0.02
2013-02-25,3.19,3.2,3.2,3.16,37842.0,12050321.0,600512,0.31,0.01
2013-02-26,3.18,3.13,3.19,3.11,63870.0,20145696.0,600512,-2.19,-0.07
2013-02-27,3.14,3.15,3.18,3.11,46054.0,14488600.0,600512,0.64,0.02
2013-02-28,3.15,3.21,3.22,3.12,71922.0,22814136.0,600512,1.9,0.06
2013-03-01,3.21,3.18,3.21,3.15,54052.0,17157384.0,600512,-0.93,-0.03
2013-03-04,3.17,3.05,3.17,3.03,98418.0,30257472.0,600512,-4.09,-0.13
2013-03-05,3.05,3.08,3.09,3.03,54064.0,16527763.0,600512,0.98,0.03
2013-03-06,3.09,3.11,3.12,3.06,52170.0,16156967.0,600512,0.97,0.03
2013-03-07,3.28,3.2,3.42,3.19,248917.0,81681416.0,600512,2.89,0.09
2013-03-08,3.15,3.11,3.19,3.04,121398.0,37839240.0,600512,-2.81,-0.09
2013-03-11,3.09,3.1,3.12,3.07,36647.0,11369815.0,600512,-0.32,-0.01
2013-03-12,3.1,3.04,3.13,3.03,67889.0,20815108.0,600512,-1.94,-0.06
2013-03-13,3.04,3.01,3.06,2.99,61564.0,18591152.0,600512,-0.99,-0.03
2013-03-14,3.01,3.02,3.03,2.98,45901.0,13808367.0,600512,0.33,0.01
2013-03-15,3.02,3.01,3.04,2.98,43267.0,13034548.0,600512,-0.33,-0.01
2013-03-18,3.01,2.98,3.01,2.97,34992.0,10455089.0,600512,-1.0,-0.03
2013-03-19,2.99,3.0,3.0,2.9,43339.0,12844977.0,600512,0.67,0.02
2013-03-20,3.0,3.03,3.04,2.98,51995.0,15690300.0,600512,1.0,0.03
2013-03-21,3.03,3.06,3.06,3.02,82195.0,24952072.0,600512,0.99,0.03
2013-03-22,3.05,3.09,3.09,3.02,79023.0,24195460.0,600512,0.98,0.03
2013-03-25,3.09,3.06,3.1,3.04,49569.0,15171199.0,600512,-0.97,-0.03
2013-03-26,3.05,3.03,3.05,2.99,42264.0,12745659.0,600512,-0.98,-0.03
2013-03-27,3.03,2.99,3.04,2.98,51138.0,15379280.0,600512,-1.32,-0.04
2013-03-28,2.98,2.91,2.98,2.9,57182.0,16799920.0,600512,-2.68,-0.08
2013-03-29,2.91,2.96,3.02,2.91,59756.0,17672256.0,600512,1.72,0.05
2013-04-01,2.95,2.93,2.96,2.9,50653.0,14842347.0,600512,-1.01,-0.03
2013-04-02,2.93,2.91,2.95,2.9,32136.0,9385691.0,600512,-0.68,-0.02
2013-04-03,2.92,2.87,2.92,2.86,43900.0,12649757.0,600512,-1.37,-0.04
2013-04-08,2.84,2.82,2.84,2.8,55398.0,15594551.0,600512,-1.74,-0.05
2013-04-09,2.82,2.84,2.85,2.81,42609.0,12070311.0,600512,0.71,0.02
2013-04-10,2.84,2.85,2.86,2.83,25769.0,7322236.0,600512,0.35,0.01
2013-04-11,2.85,2.85,2.88,2.83,35618.0,10160070.0,600512,0.0,0.0
2013-04-12,2.85,2.86,2.87,2.84,25153.0,7177780.0,600512,0.35,0.01
2013-04-15,2.85,2.81,2.86,2.81,23424.0,6603874.0,600512,-1.75,-0.05
2013-04-16,2.8,2.86,2.87,2.78,30568.0,8621995.0,600512,1.78,0.05
2013-04-17,2.84,2.87,2.88,2.84,26531.0,7592485.0,600512,0.35,0.01
2013-04-18,2.86,2.86,2.89,2.83,23558.0,6761626.0,600512,-0.35,-0.01
2013-04-19,2.86,2.9,2.9,2.85,49954.0,14415022.0,600512,1.4,0.04
2013-04-22,2.89,2.91,2.93,2.88,58651.0,17021084.0,600512,0.34,0.01
2013-04-23,2.89,2.81,2.91,2.79,50244.0,14314194.0,600512,-3.44,-0.1
2013-04-24,2.87,2.91,2.94,2.86,93527.0,27141916.0,600512,3.56,0.1
2013-04-25,2.89,2.85,2.91,2.85,59736.0,17246018.0,600512,-2.06,-0.06
2013-04-26,2.85,2.87,2.89,2.85,39639.0,11376020.0,600512,0.7,0.02
2013-05-02,2.86,2.91,2.92,2.86,40020.0,11627771.0,600512,1.39,0.04
2013-05-03,2.91,2.95,2.97,2.9,56883.0,16775911.0,600512,1.37,0.04
2013-05-06,2.98,3.0,3.01,2.94,97743.0,29087054.0,600512,1.69,0.05
2013-05-07,3.0,2.98,3.01,2.96,67340.0,20070332.0,600512,-0.67,-0.02
2013-05-08,2.98,2.98,3.01,2.96,55290.0,16493875.0,600512,0.0,0.0
2013-05-09,2.96,2.99,3.05,2.96,85029.0,25561244.0,600512,0.34,0.01
2013-05-10,2.99,2.99,3.0,2.97,55867.0,16675134.0,600512,0.0,0.0
2013-05-13,3.0,2.99,3.0,2.97,35767.0,10659109.0,600512,0.0,0.0
2013-05-14,2.98,2.94,2.98,2.92,40165.0,11826632.0,600512,-1.67,-0.05
2013-05-15,2.92,2.95,2.95,2.92,30733.0,9017291.0,600512,0.34,0.01
2013-05-16,3.0,3.02,3.06,3.0,128115.0,38800072.0,600512,2.37,0.07
2013-05-17,3.02,3.04,3.04,2.99,89475.0,27031264.0,600512,0.66,0.02
2013-05-20,3.05,3.05,3.06,3.02,98935.0,30109054.0,600512,0.33,0.01
2013-05-21,3.04,3.05,3.06,3.02,71984.0,21856816.0,600512,0.0,0.0
2013-05-22,3.05,3.05,3.1,3.03,90014.0,27582000.0,600512,0.0,0.0
2013-05-23,3.05,3.04,3.06,3.02,50661.0,15392704.0,600512,-0.33,-0.01
2013-05-24,3.02,3.05,3.05,3.02,57791.0,17548884.0,600512,0.33,0.01
2013-05-27,3.05,3.07,3.07,3.03,63174.0,19281616.0,600512,0.66,0.02
2013-05-28,3.06,3.1,3.1,3.05,84211.0,25912872.0,600512,0.98,0.03
2013-05-29,3.09,3.08,3.11,3.08,68126.0,21062178.0,600512,-0.65,-0.02
2013-05-30,3.14,3.15,3.26,3.14,278692.0,88607712.0,600512,2.27,0.07
2013-05-31,3.12,3.11,3.16,3.1,111871.0,34975364.0,600512,-1.27,-0.04
2013-06-03,3.12,3.1,3.15,3.08,82689.0,25675300.0,600512,-0.32,-0.01
2013-06-04,3.09,3.03,3.1,3.02,66964.0,20419144.0,600512,-2.26,-0.07
2013-06-05,3.03,3.03,3.06,3.02,33939.0,10312589.0,600512,0.0,0.0
2013-06-06,3.02,3.02,3.04,3.01,48553.0,14679785.0,600512,-0.33,-0.01
2013-06-07,3.04,2.98,3.04,2.96,50505.0,15124012.0,600512,-1.32,-0.04
2013-06-13,2.96,2.88,2.96,2.85,43079.0,12419549.0,600512,-3.36,-0.1
2013-06-14,2.91,2.9,2.92,2.88,29259.0,8474939.0,600512,0.69,0.02
2013-06-17,2.9,2.86,2.91,2.84,22592.0,6467064.0,600512,-1.38,-0.04
2013-06-18,2.87,2.93,2.96,2.85,41474.0,12059909.0,600512,2.45,0.07
2013-06-19,2.93,3.03,3.04,2.86,73025.0,21616140.0,600512,3.41,0.1
2013-06-21,2.97,3.09,3.13,2.96,189624.0,58160348.0,600512,1.98,0.06
2013-06-24,3.08,2.82,3.08,2.78,136358.0,40114284.0,600512,-8.74,-0.27
2013-06-25,2.82,2.84,2.89,2.55,105933.0,29412512.0,600512,0.71,0.02
2013-06-26,2.82,2.82,2.86,2.75,55544.0,15574255.0,600512,-0.7,-0.02
2013-06-27,2.83,2.78,2.87,2.76,59205.0,16704597.0,600512,-1.42,-0.04
2013-06-28,2.78,2.8,2.84,2.71,42157.0,11767091.0,600512,0.72,0.02
2013-07-01,2.79,2.81,2.81,2.74,50013.0,13910201.0,600512,0.36,0.01
2013-07-02,2.8,2.83,2.83,2.79,35685.0,10009750.0,600512,0.71,0.02
2013-07-03,2.82,2.81,2.82,2.78,29528.0,8253496.0,600512,-0.71,-0.02
2013-07-04,2.8,2.82,2.84,2.78,50128.0,14132622.0,600512,0.36,0.01
2013-07-05,2.82,2.82,2.85,2.81,29045.0,8210544.0,600512,0.0,0.0
2013-07-08,2.81,2.74,2.81,2.72,36839.0,10190842.0,600512,-2.84,-0.08
2013-07-09,2.74,2.74,2.76,2.7,19557.0,5340123.0,600512,0.0,0.0
2013-07-10,2.74,2.8,2.8,2.72,25044.0,6945776.0,600512,2.19,0.06
2013-07-11,2.82,2.87,2.89,2.78,68641.0,19591112.0,600512,2.5,0.07
2013-07-12,2.87,2.81,2.88,2.8,50766.0,14443923.0,600512,-2.09,-0.06
2013-07-15,2.81,2.85,2.86,2.79,37856.0,10736448.0,600512,1.42,0.04
2013-07-16,2.85,2.86,2.87,2.82,44307.0,12628146.0,600512,0.35,0.01
2013-07-17,2.86,2.84,2.88,2.83,34664.0,9880546.0,600512,-0.7,-0.02
2013-07-18,2.85,2.83,2.87,2.81,45889.0,13031644.0,600512,-0.35,-0.01
2013-07-19,2.84,2.74,2.84,2.73,52298.0,14564022.0,600512,-3.18,-0.09
2013-07-22,2.74,2.78,2.78,2.72,22960.0,6329113.0,600512,1.46,0.04
2013-07-23,2.8,2.83,2.84,2.78,37927.0,10710319.0,600512,1.8,0.05
2013-07-24,2.83,2.8,2.83,2.76,43838.0,12233913.0,600512,-1.06,-0.03
2013-07-25,2.84,2.81,2.88,2.8,53575.0,15228460.0,600512,0.36,0.01
2013-07-26,2.79,2.77,2.79,2.75,31095.0,8622869.0,600512,-1.42,-0.04
2013-07-29,2.77,2.73,2.78,2.73,25427.0,6987775.0,600512,-1.44,-0.04
2013-07-30,2.73,2.74,2.76,2.71,27086.0,7414681.0,600512,0.37,0.01
2013-07-31,2.76,2.76,2.79,2.74,22811.0,6314080.0,600512,0.73,0.02
2013-08-01,2.78,2.82,2.82,2.76,45670.0,12787339.0,600512,2.17,0.06
2013-08-02,2.83,2.82,2.86,2.82,52597.0,14894588.0,600512,0.0,0.0
2013-08-05,2.82,2.84,2.84,2.78,33012.0,9285618.0,600512,0.71,0.02
2013-08-06,2.83,2.85,2.86,2.82,49668.0,14101296.0,600512,0.35,0.01
2013-08-07,2.86,2.83,2.87,2.82,37653.0,10712786.0,600512,-0.7,-0.02
2013-08-08,2.83,2.83,2.85,2.8,34222.0,9666883.0,600512,0.0,0.0
2013-08-09,2.84,2.85,2.85,2.81,39626.0,11214234.0,600512,0.71,0.02
2013-08-12,2.84,2.88,2.89,2.83,76057.0,21808920.0,600512,1.05,0.03
2013-08-13,2.89,2.91,2.91,2.87,62256.0,18023360.0,600512,1.04,0.03
2013-08-14,2.91,2.87,2.92,2.86,48556.0,14040695.0,600512,-1.37,-0.04
2013-08-15,2.86,2.84,2.89,2.83,41915.0,11988883.0,600512,-1.05,-0.03
2013-08-16,2.82,2.81,2.9,2.8,71715.0,20302252.0,600512,-1.06,-0.03
2013-08-19,2.8,2.84,2.84,2.77,27164.0,7647958.0,600512,1.07,0.03
2013-08-20,2.83,2.82,2.85,2.82,25254.0,7157377.0,600512,-0.7,-0.02
2013-08-21,2.82,2.84,2.84,2.8,29960.0,8460286.0,600512,0.71,0.02
2013-08-22,2.82,2.91,2.94,2.82,58272.0,16654661.0,600512,2.46,0.07
2013-08-23,2.9,2.93,2.96,2.85,127070.0,37129216.0,600512,0.69,0.02
2013-08-26,2.92,2.95,2.95,2.89,77569.0,22686488.0,600512,0.68,0.02
2013-08-27,2.95,3.02,3.03,2.91,122186.0,36370888.0,600512,2.37,0.07
2013-08-28,3.04,3.0,3.06,2.97,158000.0,47657428.0,600512,-0.66,-0.02
2013-08-29,3.01,2.98,3.03,2.97,73161.0,21870604.0,600512,-0.67,-0.02
2013-08-30,2.98,3.03,3.06,2.97,109194.0,32990726.0,600512,1.68,0.05
2013-09-02,3.02,3.03,3.06,2.99,83038.0,25080468.0,600512,0.0,0.0
2013-09-03,3.03,3.04,3.05,3.0,73423.0,22221082.0,600512,0.33,0.01
2013-09-04,3.04,3.02,3.05,3.01,68501.0,20743636.0,600512,-0.66,-0.02
2013-09-05,3.04,2.97,3.04,2.96,60531.0,18085096.0,600512,-1.66,-0.05
2013-09-06,2.97,2.98,3.0,2.96,43987.0,13116138.0,600512,0.34,0.01
2013-09-09,2.97,3.03,3.06,2.97,97731.0,29658438.0,600512,1.68,0.05
2013-09-10,3.03,3.16,3.23,3.02,259593.0,81893680.0,600512,4.29,0.13
2013-09-11,3.14,3.14,3.17,3.1,138211.0,43297976.0,600512,-0.63,-0.02
2013-09-12,3.14,3.23,3.31,3.11,219358.0,70943384.0,600512,2.87,0.09
2013-09-13,3.19,3.18,3.23,3.16,113448.0,36219584.0,600512,-1.55,-0.05
2013-09-16,3.17,3.15,3.21,3.13,70357.0,22203708.0,600512,-0.94,-0.03
2013-09-17,3.15,3.1,3.17,3.09,55992.0,17514424.0,600512,-1.59,-0.05
2013-09-18,3.1,3.1,3.13,3.08,74393.0,23056658.0,600512,0.0,0.0
2013-09-23,3.1,3.13,3.14,3.09,62520.0,19464208.0,600512,0.97,0.03
2013-09-24,3.13,3.09,3.14,3.09,60372.0,18724794.0,600512,-1.28,-0.04
2013-09-25,3.09,3.05,3.11,3.03,82281.0,25337058.0,600512,-1.29,-0.04
2013-09-26,3.04,2.97,3.05,2.96,62354.0,18727708.0,600512,-2.62,-0.08
2013-09-27,2.99,2.97,2.99,2.95,34815.0,10351542.0,600512,0.0,0.0
2013-09-30,2.96,3.0,3.01,2.96,25109.0,7521328.0,600512,1.01,0.03
2013-10-08,2.99,3.05,3.08,2.98,50082.0,15174196.0,600512,1.67,0.05
2013-10-09,3.05,3.06,3.08,3.03,37459.0,11457157.0,600512,0.33,0.01
2013-10-10,3.05,3.08,3.08,3.03,52444.0,16019045.0,600512,0.65,0.02
2013-10-11,3.08,3.11,3.11,3.06,56744.0,17549584.0,600512,0.97,0.03
2013-10-14,3.11,3.12,3.13,3.09,54702.0,17011498.0,600512,0.32,0.01
2013-10-15,3.12,3.09,3.13,3.06,58366.0,18013172.0,600512,-0.96,-0.03
2013-10-16,3.08,3.02,3.08,3.01,60377.0,18334392.0,600512,-2.27,-0.07
2013-10-17,3.02,3.07,3.08,3.02,53832.0,16426130.0,600512,1.66,0.05
2013-10-18,3.05,3.04,3.07,3.03,29949.0,9122194.0,600512,-0.98,-0.03
2013-10-21,3.03,3.09,3.09,3.02,44133.0,13527878.0,600512,1.64,0.05
2013-10-22,3.08,3.06,3.1,3.05,46266.0,14193678.0,600512,-0.97,-0.03
2013-10-23,3.07,3.1,3.16,3.07,161237.0,50180532.0,600512,1.31,0.04
2013-10-24,3.09,3.04,3.1,3.03,61938.0,18935180.0,600512,-1.94,-0.06
2013-10-25,3.04,3.0,3.06,2.97,58731.0,17687964.0,600512,-1.32,-0.04
2013-10-28,2.98,3.05,3.06,2.98,48953.0,14780140.0,600512,1.67,0.05
2013-10-29,3.06,3.0,3.07,2.95,63574.0,19130964.0,600512,-1.64,-0.05
2013-10-30,3.0,3.02,3.03,2.97,58484.0,17587430.0,600512,0.67,0.02
2013-10-31,3.01,3.03,3.03,2.99,35336.0,10640812.0,600512,0.33,0.01
2013-11-01,3.01,3.06,3.06,2.99,45239.0,13721872.0,600512,0.99,0.03
2013-11-04,3.05,3.05,3.07,3.02,29470.0,8968371.0,600512,-0.33,-0.01
2013-11-05,3.04,3.06,3.06,3.0,33169.0,10031841.0,600512,0.33,0.01
2013-11-06,3.06,3.04,3.1,3.02,64504.0,19809092.0,600512,-0.65,-0.02
2013-11-07,3.03,3.01,3.03,2.99,34771.0,10465168.0,600512,-0.99,-0.03
2013-11-08,3.0,2.95,3.0,2.94,52663.0,15620336.0,600512,-1.99,-0.06
2013-11-11,2.95,2.97,2.98,2.94,17587.0,5204131.0,600512,0.68,0.02
2013-11-12,2.97,2.99,3.01,2.94,34689.0,10318755.0,600512,0.67,0.02
2013-11-13,2.98,2.93,2.99,2.93,26161.0,7751541.0,600512,-2.01,-0.06
2013-11-14,2.92,2.94,2.95,2.9,26654.0,7806062.0,600512,0.34,0.01
2013-11-15,2.94,2.98,3.0,2.93,38519.0,11470006.0,600512,1.36,0.04
2013-11-18,3.0,3.02,3.03,2.99,47982.0,14441853.0,600512,1.34,0.04
2013-11-19,3.03,3.02,3.04,3.01,43259.0,13073159.0,600512,0.0,0.0
2013-11-20,3.03,3.07,3.07,3.02,59840.0,18238304.0,600512,1.66,0.05
2013-11-21,3.07,3.08,3.08,3.03,79495.0,24303972.0,600512,0.33,0.01
2013-11-22,3.08,3.07,3.09,3.05,46026.0,14116939.0,600512,-0.32,-0.01
2013-11-25,3.08,3.07,3.11,3.06,60303.0,18621658.0,600512,0.0,0.0
2013-11-26,3.07,3.08,3.1,3.05,41031.0,12625567.0,600512,0.33,0.01
2013-11-27,3.08,3.08,3.08,3.04,41230.0,12631558.0,600512,0.0,0.0
2013-11-28,3.08,3.08,3.11,3.07,59884.0,18492808.0,600512,0.0,0.0
2013-11-29,3.11,3.13,3.14,3.08,106454.0,33243828.0,600512,1.62,0.05
2013-12-02,3.11,3.02,3.11,2.98,70917.0,21560960.0,600512,-3.51,-0.11
2013-12-03,3.02,3.06,3.08,3.01,41216.0,12558058.0,600512,1.32,0.04
2013-12-04,3.06,3.1,3.12,3.05,57969.0,17977026.0,600512,1.31,0.04
2013-12-05,3.1,3.1,3.13,3.08,44833.0,13921833.0,600512,0.0,0.0
2013-12-06,3.1,3.15,3.18,3.1,141349.0,44643060.0,600512,1.61,0.05
2013-12-09,3.16,3.15,3.17,3.12,51454.0,16162043.0,600512,0.0,0.0
2013-12-10,3.15,3.14,3.17,3.12,53562.0,16814326.0,600512,-0.32,-0.01
2013-12-11,3.14,3.08,3.15,3.06,48391.0,14922548.0,600512,-1.91,-0.06
2013-12-12,3.09,3.09,3.11,3.07,48526.0,14983105.0,600512,0.32,0.01
2013-12-13,3.09,3.08,3.1,3.06,38153.0,11747521.0,600512,-0.32,-0.01
2013-12-16,3.08,3.09,3.11,3.03,61827.0,18999804.0,600512,0.32,0.01
2013-12-17,3.1,3.08,3.1,3.05,38252.0,11771915.0,600512,-0.32,-0.01
2013-12-18,3.07,3.08,3.09,3.06,26985.0,8313656.0,600512,0.0,0.0
2013-12-19,3.09,3.07,3.1,3.05,46778.0,14401529.0,600512,-0.32,-0.01
2013-12-20,3.07,3.03,3.08,3.02,48609.0,14821679.0,600512,-1.3,-0.04
2013-12-23,3.03,3.05,3.05,3.01,33640.0,10201907.0,600512,0.66,0.02
2013-12-24,3.05,3.07,3.08,3.03,24048.0,7343979.0,600512,0.66,0.02
2013-12-25,3.07,3.06,3.07,3.04,19591.0,5985906.0,600512,-0.33,-0.01
2013-12-26,3.06,3.0,3.09,2.99,48130.0,14630850.0,600512,-1.96,-0.06
2013-12-27,3.0,3.05,3.05,3.0,29100.0,8825892.0,600512,1.67,0.05
2013-12-30,3.11,3.08,3.14,3.06,87453.0,27076580.0,600512,0.98,0.03
2013-12-31,3.06,3.05,3.07,3.01,53113.0,16140644.0,600512,-0.97,-0.03
2014-01-02,3.07,3.04,3.07,3.03,32796.0,9994043.0,600512,-0.33,-0.01
2014-01-03,3.05,3.01,3.05,3.0,39457.0,11900392.0,600512,-0.99,-0.03
2014-01-06,3.01,2.96,3.04,2.96,46224.0,13807397.0,600512,-1.66,-0.05
2014-01-07,2.97,2.96,2.98,2.93,18977.0,5612881.0,600512,0.0,0.0
2014-01-08,2.97,2.91,2.97,2.89,41287.0,12060975.0,600512,-1.69,-0.05
2014-01-09,2.92,2.86,2.93,2.85,30204.0,8725487.0,600512,-1.72,-0.05
2014-01-10,2.84,2.86,2.89,2.83,31249.0,8930761.0,600512,0.0,0.0
2014-01-13,2.87,2.98,3.0,2.87,92166.0,27330922.0,600512,4.2,0.12
2014-01-14,3.0,2.98,3.0,2.96,34623.0,10328502.0,600512,0.0,0.0
2014-01-15,2.99,2.96,2.99,2.94,23341.0,6910856.0,600512,-0.67,-0.02
2014-01-16,2.95,2.98,2.99,2.95,31883.0,9454305.0,600512,0.68,0.02
2014-01-17,3.0,2.95,3.0,2.95,31571.0,9392702.0,600512,-1.01,-0.03
2014-01-20,2.95,2.96,2.99,2.91,21519.0,6382045.0,600512,0.34,0.01
2014-01-21,2.96,2.98,2.99,2.96,18060.0,5367900.0,600512,0.68,0.02
2014-01-22,2.96,3.03,3.04,2.96,41595.0,12548477.0,600512,1.68,0.05
2014-01-23,3.03,3.03,3.05,3.02,37933.0,11530895.0,600512,0.0,0.0
2014-01-24,3.03,3.05,3.06,3.03,41932.0,12790695.0,600512,0.66,0.02
2014-01-27,3.07,3.05,3.13,3.05,54212.0,16703186.0,600512,0.0,0.0
2014-01-28,3.06,3.07,3.08,3.05,27619.0,8458072.0,600512,0.66,0.02
2014-01-29,3.08,3.06,3.08,3.05,26768.0,8203002.0,600512,-0.33,-0.01
2014-01-30,3.06,3.03,3.06,3.03,25921.0,7876489.0,600512,-0.98,-0.03
2014-02-07,3.0,3.07,3.07,3.0,36364.0,11102811.0,600512,1.32,0.04
2014-02-10,3.06,3.1,3.11,3.06,72702.0,22429150.0,600512,0.98,0.03
2014-02-11,3.1,3.09,3.13,3.08,53116.0,16464276.0,600512,-0.32,-0.01
2014-02-12,3.09,3.1,3.11,3.07,65319.0,20195322.0,600512,0.32,0.01
2014-02-13,3.1,3.08,3.11,3.08,43047.0,13313441.0,600512,-0.65,-0.02
2014-02-14,3.08,3.1,3.11,3.06,66927.0,20651364.0,600512,0.65,0.02
2014-02-17,3.1,3.12,3.12,3.08,65805.0,20424968.0,600512,0.65,0.02
2014-02-18,3.11,3.14,3.14,3.09,85457.0,26594044.0,600512,0.64,0.02
2014-02-19,3.13,3.18,3.27,3.11,226487.0,72786064.0,600512,1.27,0.04
2014-02-20,3.18,3.14,3.22,3.12,106127.0,33429120.0,600512,-1.26,-0.04
2014-02-21,3.14,3.11,3.15,3.08,61609.0,19167852.0,600512,-0.96,-0.03
2014-02-24,3.11,3.09,3.12,3.06,73635.0,22670520.0,600512,-0.64,-0.02
2014-02-25,3.1,3.03,3.12,3.02,65422.0,20097896.0,600512,-1.94,-0.06
2014-02-26,3.03,2.99,3.05,2.96,74703.0,22348704.0,600512,-1.32,-0.04
2014-02-27,3.0,2.98,3.03,2.97,44906.0,13468463.0,600512,-0.33,-0.01
2014-02-28,2.97,3.05,3.05,2.92,75077.0,22354534.0,600512,2.35,0.07
2014-03-03,3.03,3.07,3.08,3.02,53953.0,16460241.0,600512,0.66,0.02
2014-03-04,3.06,3.07,3.07,3.03,53691.0,16345783.0,600512,0.0,0.0
2014-03-05,3.06,3.04,3.08,3.03,41379.0,12645169.0,600512,-0.98,-0.03
2014-03-06,3.04,3.02,3.06,2.99,46185.0,13908445.0,600512,-0.66,-0.02
2014-03-07,3.02,3.0,3.04,2.99,34668.0,10443865.0,600512,-0.66,-0.02
2014-03-10,2.99,2.93,2.99,2.93,48338.0,14303676.0,600512,-2.33,-0.07
2014-03-11,2.93,2.95,2.96,2.91,23217.0,6810040.0,600512,0.68,0.02
2014-03-12,2.95,2.93,2.95,2.89,45963.0,13410847.0,600512,-0.68,-0.02
2014-03-13,2.93,2.95,2.95,2.92,22139.0,6505402.0,600512,0.68,0.02
2014-03-14,2.94,2.94,2.94,2.9,31348.0,9162777.0,600512,-0.34,-0.01
2014-03-17,2.95,2.99,2.99,2.94,35625.0,10567722.0,600512,1.7,0.05
2014-03-18,2.99,2.97,2.99,2.96,32727.0,9719352.0,600512,-0.67,-0.02
2014-03-19,2.98,2.98,2.98,2.93,38310.0,11306717.0,600512,0.34,0.01
2014-03-20,2.98,2.92,2.98,2.92,36164.0,10699627.0,600512,-2.01,-0.06
2014-03-21,2.91,2.98,2.98,2.89,41223.0,12149597.0,600512,2.05,0.06
2014-03-24,2.98,3.02,3.04,2.96,65704.0,19687996.0,600512,1.34,0.04
2014-03-25,3.0,3.03,3.04,3.0,54126.0,16335726.0,600512,0.33,0.01
2014-03-26,3.03,3.02,3.03,2.99,29914.0,9006641.0,600512,-0.33,-0.01
2014-03-27,3.02,2.98,3.02,2.96,51121.0,15251423.0,600512,-1.32,-0.04
2014-03-28,2.98,3.04,3.12,2.96,126418.0,38558792.0,600512,2.01,0.06
2014-03-31,3.03,2.95,3.03,2.94,95501.0,28440696.0,600512,-2.96,-0.09
2014-04-01,2.95,2.98,2.98,2.95,36134.0,10720375.0,600512,1.02,0.03
2014-04-02,2.98,3.02,3.04,2.96,62483.0,18808072.0,600512,1.34,0.04
2014-04-03,3.03,2.99,3.04,2.97,40760.0,12237301.0,600512,-0.99,-0.03
2014-04-04,2.98,3.0,3.01,2.97,19561.0,5861046.0,600512,0.33,0.01
2014-04-08,3.0,3.03,3.03,2.99,37377.0,11270980.0,600512,1.0,0.03
2014-04-09,3.03,3.03,3.04,3.01,32448.0,9806998.0,600512,0.0,0.0
2014-04-10,3.03,3.05,3.05,3.02,50535.0,15344284.0,600512,0.66,0.02
2014-04-11,3.05,3.04,3.05,3.02,32920.0,9988112.0,600512,-0.33,-0.01
2014-04-14,3.04,3.04,3.04,3.02,36292.0,10996622.0,600512,0.0,0.0
2014-04-15,3.04,3.0,3.04,2.99,40869.0,12292059.0,600512,-1.32,-0.04
2014-04-16,2.99,3.02,3.03,2.99,35403.0,10648752.0,600512,0.67,0.02
2014-04-17,3.02,3.0,3.03,2.99,33339.0,10036115.0,600512,-0.66,-0.02
2014-04-18,3.0,3.02,3.02,2.99,31272.0,9398205.0,600512,0.67,0.02
2014-04-21,3.02,2.96,3.02,2.95,40978.0,12235271.0,600512,-1.99,-0.06
2014-04-22,2.97,2.96,2.98,2.94,32187.0,9506386.0,600512,0.0,0.0
2014-04-23,2.96,2.94,2.97,2.93,24018.0,7075799.0,600512,-0.68,-0.02
2014-04-24,2.94,2.93,2.96,2.92,19153.0,5624586.0,600512,-0.34,-0.01
2014-04-25,2.93,2.93,2.95,2.92,30008.0,8798285.0,600512,0.0,0.0
2014-04-28,2.91,2.86,2.93,2.85,40923.0,11793915.0,600512,-2.39,-0.07
2014-04-29,2.86,2.89,2.9,2.85,18853.0,5414278.0,600512,1.05,0.03
2014-04-30,2.87,2.88,2.88,2.85,26209.0,7512528.0,600512,-0.35,-0.01
2014-05-05,2.87,2.89,2.89,2.85,27827.0,7981937.0,600512,0.35,0.01
2014-05-06,2.89,2.89,2.91,2.88,18612.0,5382995.0,600512,0.0,0.0
2014-05-07,2.88,2.84,2.88,2.83,29910.0,8532311.0,600512,-1.73,-0.05
2014-05-08,2.85,2.84,2.88,2.83,20750.0,5917549.0,600512,0.0,0.0
2014-05-09,2.84,2.88,2.9,2.82,39711.0,11352522.0,600512,1.41,0.04
2014-05-12,2.87,2.92,2.92,2.87,26741.0,7773023.0,600512,1.39,0.04
2014-05-13,2.9,2.9,2.93,2.89,18420.0,5347836.0,600512,-0.68,-0.02
2014-05-14,2.91,2.89,2.91,2.88,14100.0,4079593.0,600512,-0.34,-0.01
2014-05-15,2.88,2.86,2.9,2.86,14997.0,4319930.0,600512,-1.04,-0.03
2014-05-16,2.86,2.87,2.89,2.82,17160.0,4881051.0,600512,0.35,0.01
2014-05-19,2.86,2.86,2.86,2.83,11291.0,3214794.0,600512,-0.35,-0.01
2014-05-20,2.86,2.85,2.88,2.84,8532.0,2437474.0,600512,-0.35,-0.01
2014-05-21,2.86,2.87,2.87,2.83,14908.0,4247318.0,600512,0.7,0.02
2014-05-22,2.86,2.85,2.88,2.84,14690.0,4206456.0,600512,-0.7,-0.02
2014-05-23,2.85,2.87,2.87,2.84,11134.0,3181824.0,600512,0.7,0.02
2014-05-26,2.87,2.89,2.94,2.86,25943.0,7520348.0,600512,0.7,0.02
2014-05-27,2.88,2.87,2.9,2.86,14646.0,4211122.0,600512,-0.69,-0.02
2014-05-28,2.88,2.88,2.89,2.86,16089.0,4626284.0,600512,0.35,0.01
2014-05-29,2.88,2.84,2.88,2.83,19982.0,5698233.0,600512,-1.39,-0.04
2014-05-30,2.84,2.85,2.86,2.83,9968.0,2832530.0,600512,0.35,0.01
2014-06-03,2.85,2.88,2.9,2.83,27487.0,7888679.0,600512,1.05,0.03
2014-06-04,2.87,2.85,2.87,2.84,13766.0,3929145.0,600512,-1.04,-0.03
2014-06-05,2.84,2.87,2.87,2.84,12286.0,3513453.0,600512,0.7,0.02
2014-06-06,2.87,2.84,2.87,2.84,9816.0,2798729.0,600512,-1.05,-0.03
2014-06-13,2.89,2.86,2.89,2.85,36041.0,10331782.0,600512,0.7,0.02
2014-06-16,2.86,2.86,2.87,2.84,24725.0,7054842.0,600512,0.0,0.0
2014-06-17,2.86,2.81,2.86,2.8,38041.0,10736370.0,600512,-1.75,-0.05
2014-06-18,2.8,2.76,2.82,2.76,40553.0,11299343.0,600512,-1.78,-0.05
2014-06-19,2.76,2.72,2.78,2.68,31620.0,8664201.0,600512,-1.45,-0.04
2014-06-20,2.71,2.75,2.75,2.7,14941.0,4071232.0,600512,1.1,0.03
2014-06-23,2.75,2.77,2.81,2.75,23511.0,6548045.0,600512,0.73,0.02
2014-06-24,2.76,2.78,2.79,2.75,14798.0,4109234.0,600512,0.36,0.01
2014-06-25,2.78,2.78,2.8,2.77,14825.0,4126806.0,600512,0.0,0.0
2014-06-26,2.73,2.74,2.75,2.72,25179.0,6889963.0,600512,-1.44,-0.04
2014-06-27,2.73,2.78,2.8,2.73,32697.0,9081462.0,600512,1.46,0.04
2014-06-30,2.78,2.8,2.83,2.77,32609.0,9147386.0,600512,0.72,0.02
2014-07-01,2.82,2.8,2.82,2.77,46393.0,12945982.0,600512,0.0,0.0
2014-07-02,2.79,2.81,2.81,2.78,24311.0,6795993.0,600512,0.36,0.01
2014-07-03,2.81,2.82,2.83,2.79,41453.0,11661725.0,600512,0.36,0.01
2014-07-04,2.82,2.8,2.82,2.79,23241.0,6515155.0,600512,-0.71,-0.02
2014-07-07,2.8,2.79,2.81,2.78,23072.0,6450315.0,600512,-0.36,-0.01
2014-07-08,2.79,2.81,2.82,2.78,24356.0,6807841.0,600512,0.72,0.02
2014-07-09,2.81,2.77,2.81,2.76,23945.0,6658809.0,600512,-1.42,-0.04
2014-07-10,2.76,2.76,2.78,2.75,27737.0,7668759.0,600512,-0.36,-0.01
2014-07-11,2.76,2.79,2.79,2.76,21391.0,5949257.0,600512,1.09,0.03
2014-07-14,2.79,2.82,2.82,2.76,40050.0,11221043.0,600512,1.08,0.03
2014-07-15,2.82,2.83,2.84,2.79,49805.0,14027718.0,600512,0.35,0.01
2014-07-16,2.83,2.84,2.85,2.82,51328.0,14548302.0,600512,0.35,0.01
2014-07-17,2.84,2.82,2.84,2.79,24752.0,6965606.0,600512,-0.7,-0.02
2014-07-18,2.81,2.84,2.85,2.8,42847.0,12164318.0,600512,0.71,0.02
2014-07-21,2.84,2.82,2.84,2.8,26738.0,7524959.0,600512,-0.7,-0.02
2014-07-22,2.82,2.84,2.85,2.8,38490.0,10898765.0,600512,0.71,0.02
2014-07-23,2.84,2.84,2.86,2.82,46119.0,13104536.0,600512,0.0,0.0
2014-07-24,2.85,2.86,2.86,2.83,65788.0,18746032.0,600512,0.7,0.02
2014-07-25,2.87,2.89,2.89,2.84,60253.0,17314644.0,600512,1.05,0.03
2014-07-28,2.89,2.92,2.93,2.89,89239.0,26015696.0,600512,1.04,0.03
2014-07-29,2.92,2.94,2.96,2.9,87737.0,25703966.0,600512,0.68,0.02
2014-07-30,2.96,2.99,3.01,2.95,164045.0,48889176.0,600512,1.7,0.05
2014-07-31,2.99,2.99,2.99,2.95,61013.0,18116976.0,600512,0.0,0.0
2014-08-01,2.97,2.93,2.98,2.92,80945.0,23957240.0,600512,-2.01,-0.06
2014-08-04,2.93,2.98,2.99,2.93,52604.0,15606523.0,600512,1.71,0.05
2014-08-05,2.98,2.99,3.0,2.96,63232.0,18850396.0,600512,0.34,0.01
2014-08-06,2.99,3.02,3.02,2.96,89020.0,26709026.0,600512,1.0,0.03
2014-08-07,3.02,2.97,3.02,2.96,66472.0,19867664.0,600512,-1.66,-0.05
2014-08-08,2.97,2.97,2.99,2.95,43138.0,12791011.0,600512,0.0,0.0
2014-08-11,2.97,3.0,3.02,2.95,99481.0,29731166.0,600512,1.01,0.03
2014-08-12,3.0,3.02,3.03,2.98,68817.0,20694048.0,600512,0.67,0.02
2014-08-13,3.02,3.02,3.04,2.99,69038.0,20782396.0,600512,0.0,0.0
2014-08-14,3.02,2.98,3.03,2.97,74563.0,22412884.0,600512,-1.32,-0.04
2014-08-15,2.98,3.01,3.02,2.97,80056.0,23977976.0,600512,1.01,0.03
2014-08-18,3.01,3.07,3.08,3.0,123391.0,37530304.0,600512,1.99,0.06
2014-08-19,3.06,3.06,3.07,3.03,63443.0,19350476.0,600512,-0.33,-0.01
2014-08-20,3.06,3.07,3.09,3.05,79375.0,24384620.0,600512,0.33,0.01
2014-08-21,3.07,3.05,3.07,3.01,82290.0,25007226.0,600512,-0.65,-0.02
2014-08-22,3.04,3.06,3.06,3.03,78684.0,23948214.0,600512,0.33,0.01
2014-08-25,3.07,3.02,3.08,3.01,69105.0,20947388.0,600512,-1.31,-0.04
2014-08-26,3.02,2.95,3.03,2.93,96549.0,28794308.0,600512,-2.32,-0.07
2014-08-27,2.95,2.97,2.97,2.94,51057.0,15087353.0,600512,0.68,0.02
2014-08-28,2.95,2.94,2.97,2.93,46956.0,13836123.0,600512,-1.01,-0.03
2014-08-29,2.94,2.98,2.98,2.93,47382.0,14009505.0,600512,1.36,0.04
2014-09-01,2.98,3.01,3.01,2.97,71277.0,21366822.0,600512,1.01,0.03
2014-09-02,3.02,3.04,3.05,3.01,77170.0,23360218.0,600512,1.0,0.03
2014-09-03,3.04,3.07,3.07,3.03,114696.0,35003144.0,600512,0.99,0.03
2014-09-04,3.07,3.08,3.09,3.05,100275.0,30748032.0,600512,0.33,0.01
2014-09-05,3.08,3.08,3.09,3.05,78891.0,24222116.0,600512,0.0,0.0
2014-09-09,3.09,3.09,3.09,3.06,73008.0,22464246.0,600512,0.32,0.01
2014-09-10,3.08,3.12,3.13,3.06,120349.0,37341884.0,600512,0.97,0.03
2014-09-11,3.11,3.43,3.43,3.1,749233.0,254542512.0,600512,9.94,0.31
2014-09-12,3.47,3.53,3.68,3.45,1089767.0,384781120.0,600512,2.92,0.1
2014-09-15,3.47,3.51,3.52,3.39,468294.0,162208848.0,600512,-0.57,-0.02
2014-09-16,3.48,3.61,3.84,3.43,829868.0,300824704.0,600512,2.85,0.1
2014-09-17,3.6,3.74,3.83,3.5,688091.0,252226352.0,600512,3.6,0.13
2014-09-18,3.68,3.63,3.72,3.6,391837.0,142802144.0,600512,-2.94,-0.11
2014-09-19,3.63,3.59,3.63,3.53,248944.0,88876544.0,600512,-1.1,-0.04
2014-09-22,3.59,3.62,3.63,3.56,200604.0,72115464.0,600512,0.84,0.03
2014-09-23,3.63,3.62,3.65,3.55,213116.0,76701024.0,600512,0.0,0.0
2014-09-24,3.6,3.63,3.65,3.56,233225.0,84458200.0,600512,0.28,0.01
2014-09-25,3.63,3.63,3.78,3.6,328169.0,120616992.0,600512,0.0,0.0
2014-09-26,3.6,3.67,3.74,3.57,236758.0,86780056.0,600512,1.1,0.04
2014-09-29,3.66,3.65,3.71,3.63,202226.0,73997920.0,600512,-0.54,-0.02
2014-09-30,3.66,3.68,3.71,3.64,156063.0,57254672.0,600512,0.82,0.03
2014-10-08,3.69,3.7,3.71,3.65,154013.0,56696196.0,600512,0.54,0.02
2014-10-09,3.76,3.8,3.92,3.73,414849.0,158261584.0,600512,2.7,0.1
2014-10-10,3.85,3.79,3.88,3.75,239938.0,91524984.0,600512,-0.26,-0.01
2014-10-13,3.77,3.75,3.78,3.7,170036.0,63368944.0,600512,-1.06,-0.04
2014-10-14,3.72,3.72,3.79,3.71,158057.0,59177924.0,600512,-0.8,-0.03
2014-10-15,3.72,3.73,3.74,3.66,137044.0,50807852.0,600512,0.27,0.01
2014-10-16,3.74,3.71,3.79,3.7,206708.0,77637584.0,600512,-0.54,-0.02
2014-10-17,3.69,3.56,3.74,3.46,207533.0,74396384.0,600512,-4.04,-0.15
2014-10-20,3.57,3.61,3.61,3.53,116388.0,41568124.0,600512,1.4,0.05
2014-10-21,3.6,3.57,3.62,3.54,90037.0,32219632.0,600512,-1.11,-0.04
2014-10-22,3.56,3.47,3.6,3.47,112227.0,39637372.0,600512,-2.8,-0.1
2014-10-23,3.46,3.37,3.49,3.35,130276.0,44259688.0,600512,-2.88,-0.1
2014-10-24,3.38,3.4,3.42,3.33,90403.0,30569404.0,600512,0.89,0.03
2014-10-27,3.39,3.43,3.48,3.35,88004.0,30155720.0,600512,0.88,0.03
2014-10-28,3.45,3.52,3.53,3.44,110255.0,38537260.0,600512,2.62,0.09
2014-10-29,3.53,3.58,3.59,3.52,134359.0,47925832.0,600512,1.7,0.06
2014-10-30,3.59,3.62,3.67,3.56,172976.0,62569548.0,600512,1.12,0.04
2014-10-31,3.6,3.64,3.67,3.59,169320.0,61539684.0,600512,0.55,0.02
2014-11-03,3.64,3.81,3.83,3.62,369761.0,138245888.0,600512,4.67,0.17
2014-11-04,3.79,3.84,3.85,3.74,413106.0,157057952.0,600512,0.79,0.03
2014-11-05,3.88,3.81,4.11,3.8,488480.0,192294032.0,600512,-0.78,-0.03
2014-11-06,3.77,3.8,3.85,3.68,257149.0,96854520.0,600512,-0.26,-0.01
2014-11-07,3.8,3.7,3.87,3.68,215536.0,81405472.0,600512,-2.63,-0.1
2014-11-10,3.71,3.77,3.81,3.7,169153.0,63622168.0,600512,1.89,0.07
2014-11-11,3.78,3.61,3.79,3.56,237941.0,87221824.0,600512,-4.24,-0.16
2014-11-12,3.63,3.65,3.67,3.55,114364.0,41345672.0,600512,1.11,0.04
2014-11-13,3.65,3.67,3.75,3.63,164507.0,60642308.0,600512,0.55,0.02
2014-11-14,3.63,3.71,3.72,3.62,101889.0,37269476.0,600512,1.09,0.04
2014-11-17,3.72,3.7,3.75,3.66,101284.0,37571616.0,600512,-0.27,-0.01
2014-11-18,3.67,3.72,3.73,3.67,73905.0,27347756.0,600512,0.54,0.02
2014-11-19,3.72,3.73,3.74,3.69,77593.0,28850402.0,600512,0.27,0.01
2014-11-20,3.73,3.71,3.74,3.67,80847.0,29918910.0,600512,-0.54,-0.02
2014-11-21,3.71,3.71,3.72,3.66,96676.0,35680480.0,600512,0.0,0.0
2014-11-24,3.75,3.79,3.83,3.73,232332.0,87784160.0,600512,2.16,0.08
2014-11-25,3.79,3.83,3.85,3.78,222081.0,84779888.0,600512,1.06,0.04
2014-11-26,3.83,3.87,3.91,3.8,212513.0,82004416.0,600512,1.04,0.04
2014-11-27,3.88,3.93,3.94,3.85,294994.0,115133128.0,600512,1.55,0.06
2014-11-28,3.93,3.95,3.95,3.87,227629.0,88941200.0,600512,0.51,0.02
2014-12-01,3.95,3.85,3.97,3.82,204315.0,79489648.0,600512,-2.53,-0.1
2014-12-02,3.85,3.9,3.92,3.83,176569.0,68599632.0,600512,1.3,0.05
2014-12-03,3.89,3.98,4.07,3.88,325781.0,129550224.0,600512,2.05,0.08
2014-12-04,4.06,4.08,4.19,4.03,367688.0,150352512.0,600512,2.51,0.1
2014-12-05,4.07,3.89,4.07,3.79,304604.0,119824336.0,600512,-4.66,-0.19
2014-12-08,3.89,4.04,4.05,3.81,278095.0,110381896.0,600512,3.86,0.15
2014-12-09,4.02,3.87,4.11,3.85,385334.0,154224672.0,600512,-4.21,-0.17
2014-12-10,3.87,4.0,4.0,3.83,202682.0,79669904.0,600512,3.36,0.13
2014-12-11,3.98,4.15,4.16,3.92,355097.0,143985856.0,600512,3.75,0.15
2014-12-12,4.17,4.16,4.21,4.06,271156.0,112170224.0,600512,0.24,0.01
2014-12-15,4.19,4.41,4.43,4.12,451807.0,193587280.0,600512,6.01,0.25
2014-12-16,4.5,4.35,4.7,4.28,810164.0,359875648.0,600512,-1.36,-0.06
2014-12-17,4.3,4.26,4.38,4.2,327186.0,140377136.0,600512,-2.07,-0.09
2014-12-18,4.22,4.29,4.35,4.18,236854.0,101011296.0,600512,0.7,0.03
2014-12-19,4.28,4.49,4.58,4.21,683272.0,304612064.0,600512,4.66,0.2
2014-12-22,4.56,4.28,4.6,4.2,506296.0,222556384.0,600512,-4.68,-0.21
2014-12-23,4.15,4.04,4.22,4.01,253680.0,104201240.0,600512,-5.61,-0.24
2014-12-24,4.01,4.07,4.09,4.0,173560.0,70211112.0,600512,0.74,0.03
2014-12-25,4.05,4.28,4.28,4.05,241454.0,101129112.0,600512,5.16,0.21
2014-12-26,4.28,4.27,4.37,4.23,243110.0,104409032.0,600512,-0.23,-0.01
2014-12-29,4.27,4.33,4.39,4.19,290002.0,124207152.0,600512,1.41,0.06
2014-12-30,4.3,4.19,4.36,4.17,168402.0,71595456.0,600512,-3.23,-0.14
2014-12-31,4.17,4.21,4.22,4.08,172229.0,71560728.0,600512,0.48,0.02
2015-01-05,4.21,4.26,4.29,4.15,205669.0,87288688.0,600512,1.19,0.05
2015-01-06,4.23,4.25,4.27,4.19,175689.0,74281416.0,600512,-0.23,-0.01
2015-01-07,4.25,4.3,4.33,4.23,212680.0,91258088.0,600512,1.18,0.05
2015-01-08,4.3,4.18,4.31,4.16,153010.0,64373672.0,600512,-2.79,-0.12
2015-01-09,4.19,4.08,4.23,4.04,120130.0,50179984.0,600512,-2.39,-0.1
2015-01-12,4.07,3.94,4.08,3.9,158972.0,63222576.0,600512,-3.43,-0.14
2015-01-13,3.91,3.96,3.99,3.91,76941.0,30464768.0,600512,0.51,0.02
2015-01-14,3.96,3.85,3.99,3.84,89428.0,35025404.0,600512,-2.78,-0.11
2015-01-15,3.85,3.94,3.94,3.82,99737.0,38939056.0,600512,2.34,0.09
2015-01-16,3.97,3.94,3.97,3.91,95729.0,37676696.0,600512,0.0,0.0
2015-01-19,3.85,3.63,3.88,3.56,201722.0,75774088.0,600512,-7.87,-0.31
2015-01-20,3.63,3.74,3.75,3.63,111055.0,41175600.0,600512,3.03,0.11
2015-01-21,3.76,3.85,3.86,3.75,102014.0,38981620.0,600512,2.94,0.11
2015-01-22,3.85,3.89,3.9,3.84,109193.0,42272648.0,600512,1.04,0.04
2015-01-23,3.89,3.87,3.92,3.85,93102.0,36082040.0,600512,-0.51,-0.02
2015-01-26,3.86,3.94,3.95,3.85,91190.0,35622476.0,600512,1.81,0.07
2015-01-27,3.94,4.0,4.01,3.86,164040.0,64756128.0,600512,1.52,0.06
2015-01-28,3.95,3.94,4.0,3.89,134104.0,52909424.0,600512,-1.5,-0.06
2015-01-29,3.93,3.89,3.95,3.88,101411.0,39659832.0,600512,-1.27,-0.05
2015-01-30,3.9,3.86,3.93,3.86,79848.0,31079370.0,600512,-0.77,-0.03
2015-02-02,3.8,3.89,3.91,3.75,104702.0,40383704.0,600512,0.78,0.03
2015-02-03,3.87,4.08,4.09,3.86,212567.0,84915824.0,600512,4.88,0.19
2015-02-04,4.1,4.02,4.2,4.01,236010.0,96988248.0,600512,-1.47,-0.06
2015-02-05,4.08,3.95,4.12,3.94,106591.0,42622708.0,600512,-1.74,-0.07
2015-02-06,3.95,3.82,3.96,3.81,85510.0,33346786.0,600512,-3.29,-0.13
2015-02-09,3.78,3.85,3.92,3.78,60068.0,23085396.0,600512,0.79,0.03
2015-02-10,3.85,3.92,4.0,3.85,72715.0,28627800.0,600512,1.82,0.07
2015-02-11,3.92,3.95,4.0,3.92,59393.0,23534460.0,600512,0.77,0.03
2015-02-12,3.97,3.96,3.99,3.92,49999.0,19759192.0,600512,0.25,0.01
2015-02-13,4.0,4.03,4.07,3.98,102723.0,41326984.0,600512,1.77,0.07
2015-02-16,4.04,4.1,4.12,4.04,107692.0,44090276.0,600512,1.74,0.07
2015-02-17,4.13,4.09,4.13,4.06,76425.0,31305940.0,600512,-0.24,-0.01
2015-02-25,4.11,4.06,4.12,4.05,79862.0,32580740.0,600512,-0.73,-0.03
2015-02-26,4.05,4.13,4.15,4.01,183116.0,74749944.0,600512,1.72,0.07
2015-02-27,4.12,4.11,4.12,4.08,114471.0,46944080.0,600512,-0.48,-0.02
2015-03-02,4.14,4.15,4.16,4.11,165682.0,68461216.0,600512,0.97,0.04
2015-03-03,4.16,4.34,4.56,4.14,537744.0,233651008.0,600512,4.58,0.19
2015-03-04,4.3,4.38,4.53,4.28,292947.0,127763072.0,600512,0.92,0.04
2015-03-05,4.37,4.3,4.38,4.26,192282.0,82633520.0,600512,-1.83,-0.08
2015-03-06,4.35,4.35,4.43,4.32,256313.0,112256032.0,600512,1.16,0.05
2015-03-09,4.35,4.47,4.48,4.34,262937.0,116405216.0,600512,2.76,0.12
2015-03-10,4.48,4.43,4.5,4.42,162167.0,72241832.0,600512,-0.89,-0.04
2015-03-11,4.44,4.37,4.45,4.32,184201.0,80440072.0,600512,-1.35,-0.06
2015-03-12,4.36,4.37,4.43,4.34,159857.0,70034168.0,600512,0.0,0.0
2015-03-13,4.37,4.41,4.42,4.35,154919.0,67816736.0,600512,0.92,0.04
2015-03-16,4.46,4.53,4.55,4.43,282277.0,126976984.0,600512,2.72,0.12
2015-03-17,4.53,4.67,4.75,4.53,392437.0,182617648.0,600512,3.09,0.14
2015-03-18,4.67,4.85,4.91,4.63,338074.0,162043840.0,600512,3.85,0.18
2015-03-19,4.85,4.92,5.09,4.75,418119.0,206155504.0,600512,1.44,0.07
2015-03-20,4.96,4.92,5.05,4.87,259693.0,127822280.0,600512,0.0,0.0
2015-03-23,4.92,5.19,5.29,4.9,387490.0,198933760.0,600512,5.49,0.27
2015-03-24,5.2,5.15,5.24,4.86,456737.0,233535376.0,600512,-0.77,-0.04
2015-03-25,5.15,5.17,5.21,5.03,329002.0,169265024.0,600512,0.39,0.02
2015-03-26,5.1,5.17,5.25,5.06,245730.0,126790216.0,600512,0.0,0.0
2015-03-27,5.16,5.23,5.23,5.07,240224.0,124585088.0,600512,1.16,0.06
2015-03-30,5.25,5.35,5.55,5.25,428907.0,231538512.0,600512,2.29,0.12
2015-03-31,5.38,5.25,5.47,5.2,315391.0,166840192.0,600512,-1.87,-0.1
2015-04-01,5.24,5.37,5.42,5.2,269292.0,142926656.0,600512,2.29,0.12
2015-04-02,5.35,5.5,5.58,5.3,359679.0,196789888.0,600512,2.42,0.13
2015-04-03,5.48,5.8,5.84,5.4,421618.0,238269376.0,600512,5.45,0.3
2015-04-07,5.78,5.93,5.95,5.72,412687.0,241683856.0,600512,2.24,0.13
2015-04-08,5.92,5.8,5.92,5.68,335540.0,194850800.0,600512,-2.19,-0.13
2015-04-09,5.8,5.63,5.85,5.45,295230.0,165618208.0,600512,-2.93,-0.17
2015-04-10,5.61,5.87,5.88,5.52,295560.0,170649824.0,600512,4.26,0.24
2015-04-13,5.93,6.46,6.46,5.93,621147.0,395290400.0,600512,10.05,0.59
2015-04-14,6.68,6.51,6.98,6.47,1090418.0,731557760.0,600512,0.77,0.05
2015-04-15,6.4,6.26,6.47,6.07,574765.0,361161504.0,600512,-3.84,-0.25
2015-04-16,6.16,6.44,6.5,5.95,414924.0,262627664.0,600512,2.88,0.18
2015-04-17,6.49,6.47,6.6,6.3,533537.0,344984608.0,600512,0.47,0.03
2015-04-20,6.4,6.84,6.96,6.2,947715.0,617075712.0,600512,5.72,0.37
2015-04-21,6.8,7.13,7.15,6.65,996868.0,689204736.0,600512,4.24,0.29
2015-04-22,7.55,7.84,7.84,7.24,603856.0,462078720.0,600512,9.96,0.71
2015-04-23,8.0,7.66,8.19,7.46,1129200.0,876255552.0,600512,-2.3,-0.18
2015-04-24,7.48,7.54,7.77,7.3,535392.0,402961696.0,600512,-1.57,-0.12
2015-04-27,7.55,7.74,7.8,7.54,538610.0,415028672.0,600512,2.65,0.2
2015-04-28,7.66,7.24,7.67,7.15,570715.0,420625984.0,600512,-6.46,-0.5
2015-04-29,7.14,7.29,7.45,6.91,396914.0,283829184.0,600512,0.69,0.05
2015-04-30,7.28,7.26,7.45,7.21,286398.0,209471056.0,600512,-0.41,-0.03
2015-05-04,7.26,7.2,7.26,7.01,272243.0,194857920.0,600512,-0.83,-0.06
2015-05-05,7.21,6.79,7.25,6.7,347545.0,242350608.0,600512,-5.69,-0.41
2015-05-06,6.79,6.43,6.9,6.37,304857.0,203321744.0,600512,-5.3,-0.36
2015-05-07,6.39,5.9,6.42,5.88,336120.0,206228064.0,600512,-8.24,-0.53
2015-05-08,5.99,6.49,6.49,5.99,383348.0,238124064.0,600512,10.0,0.59
2015-05-11,6.65,7.14,7.14,6.65,712458.0,497128896.0,600512,10.02,0.65
2015-05-12,7.46,7.17,7.66,7.14,839250.0,618311616.0,600512,0.42,0.03
2015-05-13,7.07,7.43,7.45,6.86,696311.0,500535328.0,600512,3.63,0.26
2015-05-14,7.36,7.27,7.49,7.15,541258.0,394954496.0,600512,-2.15,-0.16
2015-05-15,7.28,7.04,7.28,7.01,333381.0,236037680.0,600512,-3.16,-0.23
2015-05-18,7.0,6.89,7.11,6.85,263158.0,183119024.0,600512,-2.13,-0.15
2015-05-19,6.85,7.05,7.09,6.82,265180.0,186244512.0,600512,2.32,0.16
2015-05-20,7.07,7.18,7.35,7.02,489246.0,352716448.0,600512,1.84,0.13
2015-05-21,7.14,7.29,7.31,7.1,388511.0,281426496.0,600512,1.53,0.11
2015-05-22,7.36,7.6,7.65,7.32,746671.0,560643584.0,600512,4.25,0.31
2015-05-25,7.6,7.89,7.99,7.5,754438.0,589472320.0,600512,3.82,0.29
2015-05-26,7.98,7.92,8.08,7.65,751891.0,591058368.0,600512,0.38,0.03
2015-05-27,7.91,8.08,8.18,7.62,871438.0,685235776.0,600512,2.02,0.16
2015-05-28,8.13,7.47,8.45,7.32,875927.0,707797248.0,600512,-7.55,-0.61
2015-05-29,7.4,7.47,7.75,6.9,541079.0,400348352.0,600512,0.0,0.0
2015-06-01,7.47,7.87,7.94,7.42,474266.0,364859424.0,600512,5.35,0.4
2015-06-02,7.9,8.35,8.42,7.8,734682.0,593865280.0,600512,6.1,0.48
2015-06-03,8.35,8.94,8.96,8.12,862310.0,734251328.0,600512,7.07,0.59
2015-06-04,8.78,8.59,8.8,8.05,626723.0,533121664.0,600512,-3.91,-0.35
2015-06-05,8.71,8.84,9.01,8.48,721827.0,635718720.0,600512,2.91,0.25
2015-06-08,8.84,8.67,8.9,8.5,548661.0,476480480.0,600512,-1.92,-0.17
2015-06-09,8.67,8.48,8.76,8.33,479030.0,408183744.0,600512,-2.19,-0.19
2015-06-10,8.6,8.84,9.19,8.6,880705.0,786280064.0,600512,4.25,0.36
2015-06-11,8.66,9.06,9.1,8.53,720371.0,638546624.0,600512,2.49,0.22
2015-06-12,9.07,9.35,9.57,8.91,767315.0,710467968.0,600512,3.2,0.29
2015-06-15,9.5,9.46,9.83,9.24,652515.0,617105152.0,600512,1.18,0.11
2015-06-16,9.48,8.89,9.48,8.7,536422.0,487959168.0,600512,-6.03,-0.57
2015-06-17,8.8,9.07,9.14,8.4,473130.0,414205024.0,600512,2.02,0.18
2015-06-18,9.06,8.8,9.34,8.76,501638.0,453331872.0,600512,-2.98,-0.27
2015-06-19,8.51,7.9,8.56,7.9,388248.0,320007552.0,600512,-10.23,-0.9
2015-06-23,7.9,7.89,8.09,7.11,344589.0,262774368.0,600512,-0.13,-0.01
2015-06-24,7.96,8.08,8.12,7.81,391194.0,313087136.0,600512,2.41,0.19
2015-06-25,8.09,7.65,8.11,7.52,378540.0,297315456.0,600512,-5.32,-0.43
2015-06-26,7.43,6.89,7.46,6.89,367422.0,262204192.0,600512,-9.93,-0.76
2015-06-29,7.11,6.2,7.17,6.2,440891.0,289124000.0,600512,-10.01,-0.69
2015-06-30,6.15,6.68,6.71,5.6,492685.0,303510336.0,600512,7.74,0.48
2015-07-01,6.6,6.21,6.89,6.12,419268.0,276326528.0,600512,-7.04,-0.47
2015-07-02,6.3,5.66,6.38,5.6,340633.0,202165264.0,600512,-8.86,-0.55
2015-07-03,5.45,5.09,5.91,5.09,368047.0,194719200.0,600512,-10.07,-0.57
2015-07-06,5.6,4.89,5.6,4.66,439945.0,224589440.0,600512,-3.93,-0.2
2015-07-07,4.71,4.4,4.77,4.4,320063.0,143754000.0,600512,-10.02,-0.49
2015-07-08,3.96,3.96,4.09,3.96,279263.0,110940984.0,600512,-10.0,-0.44
2015-07-16,4.36,4.36,4.36,4.36,18764.0,8181344.0,600512,10.1,0.4
2015-07-17,4.8,4.8,4.8,4.8,24521.0,11770104.0,600512,10.09,0.44
2015-07-20,5.28,5.28,5.28,5.12,413231.0,217599072.0,600512,10.0,0.48
2015-07-21,5.58,5.81,5.81,5.28,1109151.0,625542336.0,600512,10.04,0.53
2015-07-22,6.11,6.2,6.32,5.92,1154892.0,710000960.0,600512,6.71,0.39
2015-07-23,6.12,6.58,6.82,5.94,986758.0,616634368.0,600512,6.13,0.38
2015-07-24,6.46,6.34,6.7,6.13,779579.0,505033344.0,600512,-3.65,-0.24
2015-07-27,6.14,5.71,6.29,5.71,482750.0,290931520.0,600512,-9.94,-0.63
2015-07-28,5.2,5.33,5.8,5.15,454104.0,243737536.0,600512,-6.65,-0.38
2015-07-29,5.44,5.84,5.85,5.27,346848.0,191022064.0,600512,9.57,0.51
2015-07-30,5.9,5.75,6.08,5.6,394884.0,233810592.0,600512,-1.54,-0.09
2015-07-31,5.53,5.55,5.78,5.4,242102.0,135349152.0,600512,-3.48,-0.2
2015-08-03,5.51,5.26,5.54,5.06,252042.0,132161352.0,600512,-5.23,-0.29
2015-08-04,5.25,5.77,5.79,5.23,332206.0,182217440.0,600512,9.7,0.51
2015-08-05,5.83,5.92,6.12,5.79,561516.0,334799520.0,600512,2.6,0.15
2015-08-06,5.78,5.73,5.92,5.63,283593.0,163654176.0,600512,-3.21,-0.19
2015-08-07,5.75,5.81,5.89,5.75,290189.0,169048736.0,600512,1.4,0.08
2015-08-10,5.89,6.09,6.15,5.82,500149.0,300166816.0,600512,4.82,0.28
2015-08-11,6.1,6.04,6.16,5.94,515054.0,311470176.0,600512,-0.82,-0.05
2015-08-12,5.96,5.88,6.04,5.87,312198.0,185809616.0,600512,-2.65,-0.16
2015-08-13,5.83,6.23,6.25,5.81,550162.0,334802848.0,600512,5.95,0.35
2015-08-14,6.29,6.22,6.46,6.17,643930.0,406511936.0,600512,-0.16,-0.01
2015-08-17,6.08,6.29,6.3,5.97,491986.0,302644320.0,600512,1.13,0.07
2015-08-18,6.3,5.66,6.34,5.66,493291.0,295844384.0,600512,-10.02,-0.63
2015-08-19,5.41,5.86,5.9,5.27,375511.0,210851552.0,600512,3.53,0.2
2015-08-20,5.8,5.71,6.0,5.69,284060.0,165527184.0,600512,-2.56,-0.15
2015-08-21,5.6,5.37,5.72,5.27,232273.0,127916320.0,600512,-5.95,-0.34
2015-08-24,5.16,4.83,5.2,4.83,233807.0,114570368.0,600512,-10.06,-0.54
2015-08-25,4.36,4.35,4.62,4.35,214938.0,94849416.0,600512,-9.94,-0.48
2015-08-26,4.4,4.24,4.6,4.11,274932.0,120582992.0,600512,-2.53,-0.11
2015-08-27,4.35,4.44,4.45,4.09,232814.0,100567328.0,600512,4.72,0.2
2015-08-28,4.5,4.84,4.85,4.45,303211.0,139751776.0,600512,9.01,0.4
2015-08-31,4.8,4.68,4.8,4.59,264745.0,124231304.0,600512,-3.31,-0.16
2015-09-01,4.65,4.31,4.65,4.27,193858.0,85667952.0,600512,-7.91,-0.37
2015-09-02,4.12,4.12,4.41,4.02,196493.0,82299744.0,600512,-4.41,-0.19
2015-09-07,4.2,4.24,4.35,4.2,151907.0,65004616.0,600512,2.91,0.12
2015-09-08,4.26,4.47,4.48,4.18,143897.0,62461176.0,600512,5.42,0.23
2015-09-09,4.48,4.77,4.85,4.4,353474.0,165886128.0,600512,6.71,0.3
2015-09-10,4.66,4.54,4.75,4.53,242929.0,112828400.0,600512,-4.82,-0.23
2015-09-11,4.57,4.65,4.65,4.5,171380.0,78346384.0,600512,2.42,0.11
2015-09-14,4.69,4.19,4.7,4.19,232917.0,101779312.0,600512,-9.89,-0.46
2015-09-15,3.83,4.01,4.19,3.78,249979.0,99328856.0,600512,-4.3,-0.18
2015-09-16,4.0,4.38,4.41,3.98,312562.0,131059720.0,600512,9.23,0.37
2015-09-17,4.4,4.41,4.62,4.26,484735.0,215957232.0,600512,0.68,0.03
2015-09-18,4.36,4.36,4.43,4.2,310117.0,133816376.0,600512,-1.13,-0.05
2015-09-21,4.3,4.45,4.52,4.23,241941.0,106329488.0,600512,2.06,0.09
2015-09-22,4.41,4.43,4.5,4.37,231552.0,102576984.0,600512,-0.45,-0.02
2015-09-23,4.35,4.25,4.38,4.22,168746.0,72522840.0,600512,-4.06,-0.18
2015-09-24,4.27,4.53,4.59,4.27,307942.0,136120624.0,600512,6.59,0.28
2015-09-25,4.48,4.56,4.66,4.33,449100.0,203102176.0,600512,0.66,0.03
2015-09-28,4.52,4.72,4.83,4.48,458652.0,213571264.0,600512,3.51,0.16
2015-09-29,4.63,4.41,4.66,4.38,257882.0,116006328.0,600512,-6.57,-0.31
2015-09-30,4.55,4.4,4.65,4.36,209794.0,93182512.0,600512,-0.23,-0.01
2015-10-08,4.53,4.63,4.64,4.43,356882.0,161240976.0,600512,5.23,0.23
2015-10-09,4.57,4.59,4.65,4.5,249158.0,114041192.0,600512,-0.86,-0.04
2015-10-12,4.59,4.85,4.91,4.59,436728.0,207822016.0,600512,5.66,0.26
2015-10-13,4.78,4.83,4.85,4.73,395825.0,189424992.0,600512,-0.41,-0.02
2015-10-14,4.87,4.74,4.9,4.73,289627.0,139698656.0,600512,-1.86,-0.09
2015-10-15,4.7,4.94,4.95,4.69,337654.0,163114544.0,600512,4.22,0.2
2015-10-16,4.95,4.93,4.98,4.85,359719.0,176824592.0,600512,-0.2,-0.01
2015-10-29,5.42,5.42,5.42,5.42,118269.0,64101816.0,600512,9.94,0.49
2015-10-30,5.41,5.13,5.41,5.11,531639.0,276937600.0,600512,-5.35,-0.29
2015-11-02,4.95,4.84,5.04,4.83,277670.0,136958816.0,600512,-5.65,-0.29
2015-11-03,4.84,4.82,4.9,4.74,160070.0,76928176.0,600512,-0.41,-0.02
2015-11-04,4.85,5.04,5.05,4.83,261748.0,129641584.0,600512,4.56,0.22
2015-11-05,5.03,5.05,5.12,4.99,330473.0,167068496.0,600512,0.2,0.01
2015-11-06,5.06,5.14,5.15,5.03,306780.0,156723712.0,600512,1.78,0.09
2015-11-09,5.07,5.14,5.19,5.02,246462.0,126264272.0,600512,0.0,0.0
2015-11-10,5.14,5.17,5.2,5.09,235052.0,121247144.0,600512,0.58,0.03
2015-11-11,5.17,5.24,5.25,5.15,253213.0,131957680.0,600512,1.35,0.07
2015-11-12,5.24,5.13,5.25,5.08,223520.0,115261408.0,600512,-2.1,-0.11
2015-11-13,5.09,5.07,5.14,5.03,201791.0,102460680.0,600512,-1.17,-0.06
2015-11-16,4.99,5.16,5.17,4.93,149631.0,76010784.0,600512,1.78,0.09
2015-11-17,5.18,5.09,5.27,5.08,250357.0,130194392.0,600512,-1.36,-0.07
2015-11-18,5.1,5.14,5.25,5.08,213697.0,110366888.0,600512,0.98,0.05
2015-11-19,5.16,5.17,5.19,5.08,163399.0,83883920.0,600512,0.58,0.03
2015-11-20,5.17,5.24,5.25,5.15,231925.0,120886936.0,600512,1.35,0.07
2015-11-23,5.24,5.3,5.4,5.23,352516.0,188083568.0,600512,1.15,0.06
2015-11-24,5.34,5.56,5.7,5.31,561458.0,311114944.0,600512,4.91,0.26
2015-11-25,5.51,5.54,5.55,5.4,283711.0,155950336.0,600512,-0.36,-0.02
2015-11-26,5.57,5.45,5.6,5.41,256967.0,141714576.0,600512,-1.62,-0.09
2015-11-27,5.45,5.05,5.46,4.95,318284.0,167496320.0,600512,-7.34,-0.4
2015-11-30,5.05,5.19,5.22,4.97,267932.0,137497904.0,600512,2.77,0.14
2015-12-01,5.2,5.49,5.68,5.17,377946.0,206485936.0,600512,5.78,0.3
2015-12-02,5.59,5.5,5.77,5.35,470956.0,263359856.0,600512,0.18,0.01
2015-12-03,5.41,5.52,5.55,5.41,249367.0,136545136.0,600512,0.36,0.02
2015-12-04,5.49,5.42,5.5,5.35,225558.0,122842680.0,600512,-1.81,-0.1
2015-12-07,5.4,5.35,5.45,5.28,178025.0,95469184.0,600512,-1.29,-0.07
2015-12-08,5.3,5.16,5.35,5.15,197909.0,103332096.0,600512,-3.55,-0.19
2015-12-09,5.16,5.15,5.2,5.11,101332.0,52330504.0,600512,-0.19,-0.01
2015-12-10,5.14,5.04,5.19,5.03,140126.0,71663728.0,600512,-2.14,-0.11
2015-12-11,5.01,5.03,5.07,5.0,79470.0,39936644.0,600512,-0.2,-0.01
2015-12-14,5.02,5.15,5.16,4.98,133451.0,67578456.0,600512,2.39,0.12
2015-12-15,5.15,5.16,5.25,5.12,102220.0,52838776.0,600512,0.19,0.01
2015-12-16,5.17,5.25,5.26,5.15,158528.0,82787888.0,600512,1.74,0.09
2015-12-17,5.24,5.42,5.49,5.23,309342.0,167457968.0,600512,3.24,0.17
2015-12-18,5.39,5.28,5.4,5.24,238343.0,126698472.0,600512,-2.58,-0.14
2015-12-21,5.28,5.35,5.38,5.25,165783.0,88161344.0,600512,1.33,0.07
2015-12-22,5.38,5.38,5.38,5.31,159841.0,85527680.0,600512,0.56,0.03
2015-12-23,5.38,5.41,5.53,5.36,353067.0,192423648.0,600512,0.56,0.03
2015-12-24,5.53,5.51,5.75,5.48,494711.0,276068864.0,600512,1.85,0.1
2015-12-25,5.43,5.5,5.53,5.41,217236.0,119046208.0,600512,-0.18,-0.01
2015-12-28,5.47,5.36,5.63,5.35,262230.0,144155536.0,600512,-2.55,-0.14
2015-12-29,5.36,5.62,5.65,5.33,296701.0,163246576.0,600512,4.85,0.26
2015-12-30,5.58,5.56,5.61,5.46,215376.0,119418840.0,600512,-1.07,-0.06
2015-12-31,5.53,5.49,5.69,5.46,231270.0,129056408.0,600512,-1.26,-0.07
2016-01-04,5.5,4.95,5.52,4.95,193581.0,101257696.0,600512,-9.84,-0.54
2016-01-05,4.81,5.03,5.09,4.7,197379.0,97609208.0,600512,1.62,0.08
2016-01-06,5.06,5.18,5.19,4.99,153827.0,78264048.0,600512,2.98,0.15
2016-01-07,5.08,4.71,5.09,4.69,34110.0,16717726.0,600512,-9.07,-0.47
2016-01-08,4.94,4.91,4.97,4.6,193081.0,93702456.0,600512,4.25,0.2
2016-01-11,4.81,4.84,5.18,4.75,295267.0,147336048.0,600512,-1.43,-0.07
2016-01-12,4.84,4.97,4.98,4.76,126522.0,61776896.0,600512,2.69,0.13
2016-01-13,4.93,4.85,5.01,4.8,116837.0,57567764.0,600512,-2.41,-0.12
2016-01-14,4.75,4.95,4.95,4.69,100964.0,48765576.0,600512,2.06,0.1
2016-01-15,4.88,4.54,4.94,4.46,124694.0,58789804.0,600512,-8.28,-0.41
2016-01-18,4.5,4.55,4.63,4.42,81412.0,37002704.0,600512,0.22,0.01
2016-01-19,4.53,4.71,4.75,4.49,94346.0,43740020.0,600512,3.52,0.16
2016-01-20,4.68,4.63,4.76,4.6,69858.0,32635882.0,600512,-1.7,-0.08
2016-01-21,4.57,4.51,4.68,4.5,62859.0,28858780.0,600512,-2.59,-0.12
2016-01-22,4.54,4.52,4.61,4.41,63696.0,28686468.0,600512,0.22,0.01
2016-01-25,4.6,4.56,4.63,4.52,50937.0,23259104.0,600512,0.88,0.04
2016-01-26,4.54,4.11,4.54,4.1,120465.0,51825932.0,600512,-9.87,-0.45
2016-01-27,4.11,4.05,4.15,3.89,96638.0,38711756.0,600512,-1.46,-0.06
2016-01-28,4.05,3.87,4.09,3.85,57812.0,23022992.0,600512,-4.44,-0.18
2016-01-29,3.9,4.0,4.04,3.87,64506.0,25690742.0,600512,3.36,0.13
2016-02-01,3.96,3.88,3.98,3.81,54647.0,21333196.0,600512,-3.0,-0.12
2016-02-02,3.88,4.0,4.02,3.87,58417.0,23210950.0,600512,3.09,0.12
2016-02-03,3.99,3.98,4.0,3.9,73894.0,29068404.0,600512,-0.5,-0.02
2016-02-04,3.98,4.04,4.09,3.96,80854.0,32628832.0,600512,1.51,0.06
2016-02-05,4.04,4.0,4.07,3.99,52054.0,20917542.0,600512,-0.99,-0.04
2016-02-15,3.85,3.99,4.03,3.8,64529.0,25458440.0,600512,-0.25,-0.01
2016-02-16,4.02,4.15,4.17,3.93,84801.0,34807800.0,600512,4.01,0.16
2016-02-17,4.13,4.18,4.19,4.09,80381.0,33394376.0,600512,0.72,0.03
2016-02-18,4.19,4.17,4.23,4.16,90330.0,37859716.0,600512,-0.24,-0.01
2016-02-19,4.13,4.2,4.24,4.13,77779.0,32667428.0,600512,0.72,0.03
2016-02-22,4.22,4.53,4.62,4.22,241392.0,108822240.0,600512,7.86,0.33
2016-02-23,4.48,4.55,4.61,4.38,186646.0,83886688.0,600512,0.44,0.02
2016-02-24,4.53,4.59,4.64,4.5,119429.0,54473672.0,600512,0.88,0.04
2016-02-25,4.58,4.29,4.58,4.16,161356.0,70150552.0,600512,-6.54,-0.3
2016-02-26,4.28,4.27,4.35,4.17,75692.0,32250308.0,600512,-0.47,-0.02
2016-02-29,4.25,4.04,4.27,3.9,93780.0,37714984.0,600512,-5.39,-0.23
2016-03-01,4.06,4.16,4.19,4.02,70908.0,29104544.0,600512,2.97,0.12
2016-03-02,4.15,4.39,4.39,4.14,93628.0,40316228.0,600512,5.53,0.23
2016-03-03,4.42,4.37,4.44,4.34,91894.0,40306528.0,600512,-0.46,-0.02
2016-03-04,4.35,4.18,4.39,4.13,71974.0,30650416.0,600512,-4.35,-0.19
2016-03-07,4.22,4.26,4.36,4.2,63861.0,27240772.0,600512,1.91,0.08
2016-03-08,4.26,4.26,4.29,4.1,72128.0,30082004.0,600512,0.0,0.0
2016-03-09,4.18,4.15,4.18,4.1,45302.0,18787826.0,600512,-2.58,-0.11
2016-03-10,4.15,4.1,4.22,4.09,55084.0,22918662.0,600512,-1.2,-0.05
2016-03-11,4.1,4.09,4.12,4.06,40798.0,16687170.0,600512,-0.24,-0.01
2016-03-14,4.11,4.18,4.25,4.1,96738.0,40517336.0,600512,2.2,0.09
2016-03-15,4.15,4.08,4.18,4.04,94992.0,38881316.0,600512,-2.39,-0.1
2016-03-16,4.07,4.01,4.12,4.0,89468.0,36279908.0,600512,-1.72,-0.07
2016-03-17,4.02,4.1,4.12,3.99,109250.0,44307096.0,600512,2.24,0.09
2016-03-18,4.09,4.21,4.23,4.08,148607.0,62098680.0,600512,2.68,0.11
2016-03-21,4.25,4.34,4.35,4.23,160577.0,68930064.0,600512,3.09,0.13
2016-03-22,4.31,4.28,4.42,4.27,232181.0,100639360.0,600512,-1.38,-0.06
2016-03-23,4.28,4.29,4.31,4.25,181764.0,77664880.0,600512,0.23,0.01
2016-03-24,4.27,4.18,4.27,4.16,221745.0,93312008.0,600512,-2.56,-0.11
2016-03-25,4.16,4.17,4.21,4.11,184624.0,76781400.0,600512,-0.24,-0.01
2016-03-28,4.19,4.13,4.23,4.08,255531.0,106638240.0,600512,-0.96,-0.04
2016-03-29,4.12,4.04,4.15,4.0,194013.0,78501856.0,600512,-2.18,-0.09
2016-03-30,4.06,4.18,4.2,4.05,178406.0,73862128.0,600512,3.47,0.14
2016-03-31,4.19,4.16,4.21,4.14,127878.0,53363832.0,600512,-0.48,-0.02
2016-04-01,4.15,4.26,4.27,4.1,189817.0,79361232.0,600512,2.4,0.1
2016-04-05,4.26,4.36,4.38,4.22,240757.0,103911560.0,600512,2.35,0.1
2016-04-06,4.33,4.41,4.47,4.3,239430.0,104791152.0,600512,1.15,0.05
2016-04-07,4.4,4.35,4.41,4.33,139663.0,61051632.0,600512,-1.36,-0.06
2016-04-08,4.3,4.31,4.35,4.26,96363.0,41421728.0,600512,-0.92,-0.04
2016-04-11,4.32,4.4,4.42,4.32,119266.0,52310228.0,600512,2.09,0.09
2016-04-12,4.39,4.34,4.39,4.28,93000.0,40276468.0,600512,-1.36,-0.06
2016-04-13,4.35,4.41,4.47,4.35,188560.0,83632600.0,600512,1.61,0.07
2016-04-14,4.43,4.47,4.48,4.41,92986.0,41298128.0,600512,1.36,0.06
2016-04-15,4.46,4.54,4.55,4.44,164172.0,73835264.0,600512,1.57,0.07
2016-04-18,4.5,4.49,4.52,4.39,169345.0,75337432.0,600512,-1.1,-0.05
2016-04-19,4.49,4.47,4.54,4.44,137980.0,61821768.0,600512,-0.45,-0.02
2016-04-20,4.47,4.27,4.49,4.15,175350.0,75776584.0,600512,-4.47,-0.2
2016-04-21,4.25,4.24,4.32,4.21,85913.0,36627452.0,600512,-0.7,-0.03
2016-04-22,4.23,4.26,4.27,4.18,55891.0,23621620.0,600512,0.47,0.02
2016-04-25,4.23,4.28,4.29,4.16,59200.0,25007236.0,600512,0.47,0.02
2016-04-26,4.25,4.31,4.31,4.22,68349.0,29221812.0,600512,0.7,0.03
2016-04-27,4.32,4.28,4.36,4.28,63837.0,27602426.0,600512,-0.7,-0.03
2016-04-28,4.3,4.25,4.31,4.13,116439.0,49156868.0,600512,-0.7,-0.03
2016-04-29,4.23,4.28,4.29,4.21,44370.0,18898898.0,600512,0.71,0.03
2016-05-03,4.28,4.44,4.47,4.27,150572.0,66299108.0,600512,3.74,0.16
2016-05-04,4.46,4.4,4.47,4.37,111217.0,49031092.0,600512,-0.9,-0.04
2016-05-05,4.4,4.57,4.59,4.37,235093.0,106466960.0,600512,3.86,0.17
2016-05-06,4.52,4.42,4.58,4.42,156547.0,70305744.0,600512,-3.28,-0.15
2016-05-09,4.39,4.21,4.46,4.17,122300.0,52112716.0,600512,-4.75,-0.21
2016-05-10,4.23,4.23,4.25,4.18,76567.0,32291928.0,600512,0.48,0.02
2016-05-11,4.23,4.21,4.29,4.18,63440.0,26921232.0,600512,-0.47,-0.02
2016-05-12,4.16,4.21,4.22,4.09,76302.0,31607588.0,600512,0.0,0.0
2016-05-13,4.18,4.07,4.21,4.04,166643.0,68555480.0,600512,-3.33,-0.14
2016-05-16,4.09,4.12,4.13,4.03,69608.0,28468328.0,600512,1.23,0.05
2016-05-17,4.12,4.1,4.15,4.07,149587.0,61288320.0,600512,-0.49,-0.02
2016-05-18,4.09,3.94,4.1,3.86,121441.0,48320028.0,600512,-3.9,-0.16
2016-05-19,3.94,3.96,3.99,3.91,104542.0,41245988.0,600512,0.51,0.02
2016-05-20,3.92,3.96,3.97,3.89,62535.0,24592522.0,600512,0.0,0.0
2016-05-23,3.96,3.98,3.99,3.93,137928.0,54586424.0,600512,0.51,0.02
2016-05-24,3.97,4.0,4.02,3.96,93314.0,37227284.0,600512,0.5,0.02
2016-05-25,4.01,3.97,4.02,3.96,58190.0,23227432.0,600512,-0.75,-0.03
2016-05-26,3.99,3.98,3.99,3.9,60318.0,23772518.0,600512,0.25,0.01
2016-05-27,3.97,3.97,3.98,3.94,50297.0,19921540.0,600512,-0.25,-0.01
2016-05-30,3.98,3.93,3.98,3.92,32825.0,12932954.0,600512,-1.01,-0.04
2016-05-31,3.95,4.03,4.04,3.94,134879.0,54096060.0,600512,2.54,0.1
2016-06-01,4.04,4.04,4.05,4.02,130946.0,52813140.0,600512,0.25,0.01
2016-06-02,4.03,4.06,4.06,4.01,102883.0,41560528.0,600512,0.5,0.02
2016-06-03,4.05,4.05,4.06,4.02,100760.0,40676960.0,600512,-0.25,-0.01
2016-06-06,4.07,4.04,4.07,4.02,93579.0,37807464.0,600512,-0.25,-0.01
2016-06-07,4.04,4.03,4.06,4.01,89207.0,35989136.0,600512,-0.25,-0.01
2016-06-08,4.02,4.06,4.08,4.02,94463.0,38213468.0,600512,0.74,0.03
2016-06-13,4.04,3.95,4.04,3.94,115781.0,46281536.0,600512,-2.71,-0.11
2016-06-14,3.92,3.95,3.97,3.91,62618.0,24652294.0,600512,0.0,0.0
2016-06-15,3.91,4.02,4.02,3.91,87839.0,35090096.0,600512,1.77,0.07
2016-06-16,4.01,3.98,4.03,3.98,74619.0,29884444.0,600512,-1.0,-0.04
2016-06-17,3.98,4.01,4.03,3.98,60575.0,24302440.0,600512,0.75,0.03
2016-06-21,4.17,4.05,4.21,4.02,193579.0,79625192.0,600512,1.0,0.04
2016-06-22,4.01,4.04,4.05,3.99,101783.0,40845384.0,600512,-0.25,-0.01
2016-06-23,4.05,4.02,4.05,3.95,119336.0,47760928.0,600512,-0.5,-0.02
2016-06-24,3.99,4.01,4.02,3.91,128179.0,51114400.0,600512,-0.25,-0.01
2016-06-27,3.98,4.03,4.03,3.95,117499.0,47049808.0,600512,0.5,0.02
2016-06-28,4.05,4.04,4.06,4.01,140564.0,56713696.0,600512,0.25,0.01
2016-06-29,4.05,4.05,4.15,4.04,207686.0,84941672.0,600512,0.25,0.01
2016-06-30,4.07,4.1,4.21,4.05,219658.0,90750968.0,600512,1.23,0.05
2016-07-01,4.12,4.11,4.21,4.1,193945.0,80708632.0,600512,0.24,0.01
2016-07-04,4.14,4.18,4.23,4.14,276881.0,116004784.0,600512,1.7,0.07
2016-07-05,4.22,4.17,4.22,4.16,209317.0,87455264.0,600512,-0.24,-0.01
2016-07-06,4.18,4.17,4.19,4.13,192952.0,80380000.0,600512,0.0,0.0
2016-07-07,4.16,4.42,4.5,4.13,392721.0,169370272.0,600512,6.0,0.25
2016-07-08,4.42,4.36,4.42,4.27,305750.0,132147528.0,600512,-1.36,-0.06
2016-07-11,4.36,4.35,4.38,4.32,259511.0,112749968.0,600512,-0.23,-0.01
2016-07-12,4.31,4.41,4.44,4.31,208967.0,91693528.0,600512,1.38,0.06
2016-07-13,4.41,4.43,4.52,4.39,193841.0,86299528.0,600512,0.45,0.02
2016-07-14,4.43,4.37,4.43,4.36,107559.0,47132920.0,600512,-1.35,-0.06
2016-07-15,4.37,4.36,4.39,4.34,149603.0,65192136.0,600512,-0.23,-0.01
2016-07-18,4.36,4.38,4.39,4.33,135846.0,59278068.0,600512,0.46,0.02
2016-07-19,4.39,4.44,4.45,4.35,155586.0,68249048.0,600512,1.37,0.06
2016-07-21,4.88,4.88,4.88,4.78,393840.0,192137616.0,600512,9.91,0.44
2016-07-22,4.98,4.7,4.98,4.57,707428.0,336549248.0,600512,-3.69,-0.18
2016-07-25,4.66,4.55,4.66,4.52,365128.0,166930176.0,600512,-3.19,-0.15
2016-07-26,4.53,4.56,4.61,4.5,278857.0,126593520.0,600512,0.22,0.01
2016-07-27,4.55,4.41,4.55,4.33,479498.0,212306896.0,600512,-3.29,-0.15
2016-07-28,4.4,4.44,4.45,4.34,204137.0,89586064.0,600512,0.68,0.03
2016-07-29,4.41,4.37,4.42,4.35,171883.0,75243384.0,600512,-1.58,-0.07
2016-08-01,4.39,4.25,4.39,4.23,243535.0,103704504.0,600512,-2.75,-0.12
2016-08-02,4.27,4.34,4.38,4.25,151360.0,65221376.0,600512,2.12,0.09
2016-08-03,4.32,4.43,4.5,4.31,242613.0,107580000.0,600512,2.07,0.09
2016-08-04,4.43,4.57,4.73,4.4,415583.0,189347264.0,600512,3.16,0.14
2016-08-05,4.77,4.56,4.99,4.55,674761.0,315431904.0,600512,-0.22,-0.01
2016-08-08,4.57,5.02,5.02,4.53,1134748.0,558471936.0,600512,10.09,0.46
2016-08-09,5.06,5.46,5.52,5.0,2112039.0,1099912704.0,600512,8.76,0.44
2016-08-10,5.25,5.13,5.32,5.1,1607256.0,834773568.0,600512,-6.04,-0.33
2016-08-11,5.14,5.01,5.25,5.0,1034064.0,528554208.0,600512,-2.34,-0.12
2016-08-12,5.05,5.37,5.48,4.99,1627838.0,855148096.0,600512,7.19,0.36
2016-08-15,5.33,5.46,5.82,5.27,1639737.0,913391232.0,600512,1.68,0.09
2016-08-16,5.48,5.55,5.74,5.3,1293000.0,717345664.0,600512,1.65,0.09
2016-08-17,5.45,5.33,5.54,5.22,1023972.0,548334144.0,600512,-3.96,-0.22
2016-08-18,5.3,5.86,5.86,5.23,2172055.0,1241986944.0,600512,9.94,0.53
2016-08-19,5.69,5.64,5.75,5.55,1345650.0,758063936.0,600512,-3.75,-0.22
2016-08-22,5.6,5.5,5.7,5.45,690939.0,383046944.0,600512,-2.48,-0.14
2016-08-23,5.46,5.49,5.58,5.4,505448.0,277310688.0,600512,-0.18,-0.01
2016-08-24,5.43,5.48,5.53,5.4,471630.0,257723136.0,600512,-0.18,-0.01
2016-08-25,5.4,5.25,5.4,5.13,687945.0,359867552.0,600512,-4.2,-0.23
2016-08-26,5.23,5.31,5.44,5.21,498566.0,266276432.0,600512,1.14,0.06
2016-08-29,5.34,5.55,5.66,5.31,694536.0,383819328.0,600512,4.52,0.24
2016-08-30,5.58,5.48,5.61,5.43,457375.0,250974176.0,600512,-1.26,-0.07
2016-08-31,5.48,5.73,5.84,5.45,1161410.0,660396800.0,600512,4.56,0.25
2016-09-01,5.65,5.54,5.69,5.5,672566.0,374595168.0,600512,-3.32,-0.19
2016-09-02,5.47,5.46,5.62,5.45,362700.0,200123472.0,600512,-1.44,-0.08
2016-09-05,5.48,5.42,5.58,5.39,403631.0,220977856.0,600512,-0.73,-0.04
2016-09-06,5.42,5.63,5.66,5.38,755573.0,420802304.0,600512,3.87,0.21
2016-09-07,5.63,5.8,6.18,5.56,1201520.0,703061504.0,600512,3.02,0.17
2016-09-08,5.8,5.85,6.05,5.76,866308.0,510106976.0,600512,0.86,0.05
2016-09-09,5.8,5.73,5.95,5.71,559058.0,325356736.0,600512,-2.05,-0.12
2016-09-12,5.55,5.56,5.72,5.5,510725.0,285571104.0,600512,-2.97,-0.17
2016-09-13,5.63,5.7,5.83,5.62,497014.0,284593568.0,600512,2.52,0.14
2016-09-14,5.6,5.6,5.76,5.58,321054.0,181280720.0,600512,-1.75,-0.1
2016-09-19,5.63,5.63,5.73,5.58,288251.0,162460960.0,600512,0.54,0.03
2016-09-20,5.71,5.86,5.9,5.68,713297.0,412721440.0,600512,4.09,0.23
2016-09-21,5.79,5.76,5.93,5.7,544511.0,316136512.0,600512,-1.71,-0.1
2016-09-22,5.84,5.87,5.95,5.73,627490.0,368548288.0,600512,1.91,0.11
2016-09-23,5.81,5.78,5.91,5.75,472445.0,274363936.0,600512,-1.53,-0.09
2016-09-26,5.75,5.61,5.76,5.58,394237.0,223004960.0,600512,-2.94,-0.17
2016-09-27,5.55,5.54,5.58,5.38,470754.0,257814816.0,600512,-1.25,-0.07
2016-09-28,5.5,5.39,5.53,5.35,327209.0,177083664.0,600512,-2.71,-0.15
2016-09-29,5.36,5.28,5.42,5.27,419795.0,223401424.0,600512,-2.04,-0.11
2016-09-30,5.3,5.22,5.31,5.17,410431.0,213957648.0,600512,-1.14,-0.06
2016-10-10,5.23,5.43,5.44,5.23,437918.0,234520512.0,600512,4.02,0.21
2016-10-11,5.42,5.38,5.46,5.35,287376.0,154660240.0,600512,-0.92,-0.05
2016-10-12,5.35,5.37,5.38,5.28,231535.0,123590160.0,600512,-0.19,-0.01
2016-10-13,5.35,5.39,5.45,5.33,255522.0,137944416.0,600512,0.37,0.02
2016-10-14,5.44,5.48,5.55,5.43,429422.0,235474784.0,600512,1.67,0.09
2016-10-17,5.44,5.33,5.48,5.29,318364.0,170987120.0,600512,-2.74,-0.15
2016-10-18,5.3,5.41,5.42,5.29,251479.0,134641952.0,600512,1.5,0.08
2016-10-19,5.43,5.37,5.43,5.32,206119.0,110572640.0,600512,-0.74,-0.04
2016-10-20,5.35,5.39,5.45,5.33,222710.0,119939408.0,600512,0.37,0.02
2016-10-21,5.38,5.34,5.4,5.3,220436.0,117572312.0,600512,-0.93,-0.05
2016-10-24,5.34,5.31,5.34,5.24,314700.0,166508128.0,600512,-0.56,-0.03
2016-10-25,5.34,5.32,5.34,5.29,199448.0,105911616.0,600512,0.19,0.01
2016-10-26,5.32,5.47,5.5,5.32,661075.0,359546624.0,600512,2.82,0.15
2016-10-27,5.5,5.61,5.77,5.43,755784.0,424742432.0,600512,2.56,0.14
2016-10-28,5.45,5.37,5.54,5.36,570833.0,308944704.0,600512,-4.28,-0.24
2016-10-31,5.31,5.18,5.32,5.12,514596.0,267737136.0,600512,-3.54,-0.19
2016-11-01,5.24,5.22,5.25,5.14,292978.0,152021360.0,600512,0.77,0.04
2016-11-02,5.2,5.14,5.2,5.12,260176.0,133803168.0,600512,-1.53,-0.08
2016-11-03,5.14,5.19,5.21,5.11,229120.0,118546200.0,600512,0.97,0.05
2016-11-04,5.19,5.16,5.25,5.12,187888.0,97209728.0,600512,-0.58,-0.03
2016-11-07,5.16,5.11,5.16,5.08,179090.0,91478464.0,600512,-0.97,-0.05
2016-11-08,5.11,5.14,5.15,5.09,140309.0,71926144.0,600512,0.59,0.03
2016-11-09,5.14,5.08,5.14,5.01,231294.0,117430904.0,600512,-1.17,-0.06
2016-11-10,5.1,5.12,5.15,5.09,193562.0,99135216.0,600512,0.79,0.04
2016-11-11,5.12,5.16,5.16,5.08,237826.0,121882488.0,600512,0.78,0.04
2016-11-14,5.15,5.19,5.23,5.15,275362.0,142740976.0,600512,0.58,0.03
2016-11-15,5.18,5.18,5.2,5.15,146537.0,75803632.0,600512,-0.19,-0.01
2016-11-16,5.18,5.17,5.2,5.15,195103.0,100819664.0,600512,-0.19,-0.01
2016-11-17,5.16,5.17,5.17,5.12,141350.0,72662480.0,600512,0.0,0.0
2016-11-18,5.17,5.13,5.17,5.12,129513.0,66612168.0,600512,-0.77,-0.04
2016-11-21,5.14,5.18,5.19,5.12,275182.0,141999248.0,600512,0.97,0.05
2016-11-22,5.17,5.2,5.22,5.17,230916.0,119816368.0,600512,0.39,0.02
2016-11-23,5.19,5.2,5.23,5.17,185460.0,96421104.0,600512,0.0,0.0
2016-11-24,5.2,5.14,5.2,5.13,141540.0,73084432.0,600512,-1.15,-0.06
2016-11-25,5.13,5.19,5.19,5.11,182332.0,94080528.0,600512,0.97,0.05
2016-11-28,5.21,5.3,5.32,5.21,375502.0,197789824.0,600512,2.12,0.11
2016-11-29,5.28,5.27,5.35,5.26,291680.0,154665584.0,600512,-0.57,-0.03
2016-11-30,5.24,5.36,5.37,5.23,265745.0,140388960.0,600512,1.71,0.09
2016-12-01,5.37,5.35,5.38,5.31,187923.0,100510840.0,600512,-0.19,-0.01
2016-12-02,5.36,5.29,5.37,5.25,219697.0,116496752.0,600512,-1.12,-0.06
2016-12-05,5.25,5.3,5.33,5.22,139751.0,73963128.0,600512,0.19,0.01
2016-12-06,5.32,5.29,5.35,5.25,116357.0,61650496.0,600512,-0.19,-0.01
2016-12-07,5.27,5.28,5.29,5.18,188155.0,98335888.0,600512,-0.19,-0.01
2016-12-08,5.26,5.24,5.28,5.21,84151.0,44127648.0,600512,-0.76,-0.04
2016-12-09,5.26,5.33,5.35,5.2,196794.0,104120856.0,600512,1.72,0.09
2016-12-12,5.33,5.3,5.44,5.24,328731.0,175466864.0,600512,-0.56,-0.03
2016-12-13,5.3,5.25,5.3,5.02,167045.0,86716896.0,600512,-0.94,-0.05
2016-12-14,5.19,5.19,5.28,5.12,147604.0,76476008.0,600512,-1.14,-0.06
2016-12-15,5.18,5.21,5.29,5.14,123271.0,64372240.0,600512,0.39,0.02
2016-12-16,5.23,5.22,5.26,5.17,112175.0,58378440.0,600512,0.19,0.01
2016-12-19,5.23,5.19,5.23,5.13,103404.0,53386120.0,600512,-0.57,-0.03
2016-12-20,5.19,5.12,5.19,5.11,75682.0,38797248.0,600512,-1.35,-0.07
2016-12-21,5.12,5.14,5.17,5.12,66403.0,34133656.0,600512,0.39,0.02
2016-12-22,5.15,5.14,5.16,5.11,65727.0,33684544.0,600512,0.0,0.0
2016-12-23,5.12,5.03,5.13,4.98,154542.0,77907496.0,600512,-2.14,-0.11
2016-12-26,5.05,5.05,5.05,4.98,72095.0,36165020.0,600512,0.4,0.02
2016-12-27,5.2,5.14,5.3,5.14,214270.0,111697032.0,600512,1.78,0.09
2016-12-28,5.1,5.19,5.24,5.1,148438.0,76948640.0,600512,0.97,0.05
2016-12-29,5.2,5.26,5.26,5.11,212910.0,111102520.0,600512,1.35,0.07
2016-12-30,5.24,5.3,5.39,5.24,250060.0,132908416.0,600512,0.76,0.04
2017-01-03,5.32,5.32,5.37,5.29,119423.0,63614608.0,600512,0.38,0.02
2017-01-04,5.34,5.33,5.34,5.28,156163.0,82905232.0,600512,0.19,0.01
2017-01-05,5.33,5.32,5.35,5.29,112580.0,59862604.0,600512,-0.19,-0.01
2017-01-06,5.3,5.36,5.39,5.24,216427.0,114914816.0,600512,0.75,0.04
2017-01-09,5.36,5.37,5.45,5.35,134652.0,72592344.0,600512,0.19,0.01
2017-01-10,5.35,5.34,5.4,5.33,81425.0,43669316.0,600512,-0.56,-0.03
2017-01-11,5.34,5.34,5.4,5.31,98156.0,52540396.0,600512,0.0,0.0
2017-01-12,5.3,5.37,5.38,5.29,147938.0,79149552.0,600512,0.56,0.03
2017-01-13,5.37,5.39,5.39,5.33,143623.0,76966848.0,600512,0.37,0.02
2017-01-16,5.41,5.36,5.43,5.09,243084.0,129591688.0,600512,-0.56,-0.03
2017-01-17,5.32,5.4,5.41,5.28,143010.0,76878448.0,600512,0.75,0.04
2017-01-18,5.4,5.62,5.94,5.37,961225.0,553887040.0,600512,4.07,0.22
2017-01-19,5.55,5.41,5.58,5.31,508483.0,276129888.0,600512,-3.74,-0.21
2017-01-20,5.39,5.45,5.51,5.35,214545.0,116771160.0,600512,0.74,0.04
2017-01-23,5.51,5.49,5.66,5.47,246337.0,136251392.0,600512,0.73,0.04
2017-01-24,5.46,5.5,5.62,5.42,329798.0,182254368.0,600512,0.18,0.01
2017-01-25,5.47,5.41,5.51,5.39,239500.0,130262664.0,600512,-1.64,-0.09
2017-01-26,5.42,5.48,5.49,5.41,108147.0,58976784.0,600512,1.29,0.07
2017-02-03,5.46,5.36,5.51,5.35,156519.0,84679608.0,600512,-2.19,-0.12
2017-02-06,5.36,5.37,5.41,5.31,123316.0,66127872.0,600512,0.19,0.01
2017-02-07,5.37,5.38,5.4,5.33,100513.0,53895492.0,600512,0.19,0.01
2017-02-08,5.38,5.4,5.41,5.32,119364.0,64098960.0,600512,0.37,0.02
2017-02-09,5.4,5.51,5.56,5.38,293905.0,161455936.0,600512,2.04,0.11
2017-02-10,5.52,5.57,5.61,5.49,323577.0,179713520.0,600512,1.09,0.06
2017-02-13,5.56,5.58,5.7,5.53,239274.0,134377296.0,600512,0.18,0.01
2017-02-14,5.58,5.54,5.63,5.52,147821.0,82076128.0,600512,-0.72,-0.04
2017-02-15,5.55,5.43,5.55,5.36,209700.0,114593544.0,600512,-1.99,-0.11
2017-02-16,5.43,5.47,5.5,5.39,144737.0,78863288.0,600512,0.74,0.04
2017-02-17,5.47,5.44,5.5,5.4,135900.0,73976632.0,600512,-0.55,-0.03
2017-02-20,5.41,5.46,5.48,5.41,162191.0,88408208.0,600512,0.37,0.02
2017-02-21,5.48,5.55,5.58,5.44,275774.0,152522192.0,600512,1.65,0.09
2017-02-22,5.54,5.66,5.69,5.52,415686.0,233550432.0,600512,1.98,0.11
2017-02-23,5.67,5.61,5.7,5.55,260337.0,145619776.0,600512,-0.88,-0.05
2017-02-24,5.59,5.64,5.65,5.59,175426.0,98628648.0,600512,0.53,0.03
2017-02-27,5.64,5.49,5.65,5.47,269007.0,148955232.0,600512,-2.66,-0.15
2017-02-28,5.49,5.45,5.53,5.41,233668.0,127601528.0,600512,-0.73,-0.04
2017-03-01,5.44,5.46,5.52,5.43,116715.0,64009108.0,600512,0.18,0.01
2017-03-02,5.46,5.41,5.51,5.4,123837.0,67629960.0,600512,-0.92,-0.05
2017-03-03,5.43,5.53,5.54,5.4,179350.0,98437952.0,600512,2.22,0.12
2017-03-06,5.56,5.52,5.57,5.49,125521.0,69413648.0,600512,-0.18,-0.01
2017-03-07,5.53,5.56,5.58,5.51,133667.0,74036056.0,600512,0.72,0.04
2017-03-08,5.58,5.52,5.58,5.5,98623.0,54502912.0,600512,-0.72,-0.04
2017-03-09,5.51,5.47,5.53,5.43,158507.0,86508392.0,600512,-0.91,-0.05
2017-03-10,5.45,5.47,5.52,5.44,101244.0,55436704.0,600512,0.0,0.0
2017-03-13,5.48,5.49,5.5,5.43,95525.0,52183720.0,600512,0.37,0.02
2017-03-14,5.52,5.56,5.57,5.48,191026.0,105686240.0,600512,1.28,0.07
2017-03-15,5.53,5.58,5.64,5.52,258683.0,144819392.0,600512,0.36,0.02
2017-03-16,5.58,5.59,5.63,5.53,223722.0,125002408.0,600512,0.18,0.01
2017-03-17,5.58,5.49,5.59,5.47,257505.0,142118320.0,600512,-1.79,-0.1
2017-03-20,5.44,5.47,5.49,5.44,153472.0,83724096.0,600512,-0.36,-0.02
2017-03-21,5.45,5.46,5.51,5.44,122459.0,66962816.0,600512,-0.18,-0.01
2017-03-22,5.42,5.44,5.46,5.39,113327.0,61450660.0,600512,-0.37,-0.02
2017-03-23,5.45,5.46,5.48,5.4,108369.0,58994848.0,600512,0.37,0.02
2017-03-24,5.5,5.58,5.59,5.44,258104.0,142535312.0,600512,2.2,0.12
2017-03-29,5.55,5.48,5.59,5.41,297293.0,163547056.0,600512,-1.79,-0.1
2017-03-30,5.45,5.22,5.46,5.19,294794.0,156948016.0,600512,-4.74,-0.26
2017-03-31,5.23,5.24,5.28,5.2,100850.0,52779836.0,600512,0.38,0.02
2017-04-05,5.26,5.34,5.36,5.26,109040.0,57979812.0,600512,1.91,0.1
2017-04-06,5.35,5.37,5.43,5.3,125554.0,67273936.0,600512,0.56,0.03
2017-04-07,5.36,5.34,5.41,5.32,112156.0,60071932.0,600512,-0.56,-0.03
2017-04-10,5.34,5.38,5.42,5.3,147656.0,79319104.0,600512,0.75,0.04
2017-04-11,5.38,5.37,5.42,5.27,145587.0,77822608.0,600512,-0.19,-0.01
2017-04-12,5.35,5.37,5.41,5.3,158392.0,84814344.0,600512,0.0,0.0
2017-04-13,5.33,5.43,5.44,5.33,186564.0,100788024.0,600512,1.12,0.06
2017-04-14,5.46,5.42,5.49,5.39,166365.0,90434880.0,600512,-0.18,-0.01
2017-04-17,5.49,5.5,5.59,5.45,312316.0,172708352.0,600512,1.48,0.08
2017-04-18,5.5,5.59,5.95,5.47,576663.0,328116608.0,600512,1.64,0.09
2017-04-19,5.61,5.68,5.72,5.52,415586.0,234019008.0,600512,1.61,0.09
2017-04-20,5.68,5.63,5.68,5.48,295962.0,165005920.0,600512,-0.88,-0.05
2017-04-21,5.6,5.43,5.61,5.42,182494.0,100416216.0,600512,-3.55,-0.2
2017-04-24,5.48,5.07,5.52,5.02,232658.0,122559176.0,600512,-6.63,-0.36
2017-04-25,5.12,5.15,5.2,5.1,115303.0,59326984.0,600512,1.58,0.08
2017-04-26,5.16,5.2,5.26,5.12,112351.0,58560632.0,600512,0.97,0.05
2017-04-27,5.17,5.14,5.18,5.0,199874.0,101438936.0,600512,-1.15,-0.06
2017-04-28,5.13,5.18,5.18,5.1,65474.0,33663808.0,600512,0.78,0.04
2017-05-02,5.15,5.12,5.18,5.1,77521.0,39801636.0,600512,-1.16,-0.06
2017-05-03,5.13,5.11,5.17,5.02,97002.0,49621088.0,600512,-0.2,-0.01
2017-05-04,5.12,5.06,5.12,5.03,90068.0,45613588.0,600512,-0.98,-0.05
2017-05-05,5.06,4.99,5.11,4.98,113378.0,57194424.0,600512,-1.38,-0.07
2017-05-08,4.94,4.82,4.97,4.81,109934.0,53980456.0,600512,-3.41,-0.17
2017-05-09,4.82,4.78,4.86,4.65,115926.0,54991112.0,600512,-0.83,-0.04
2017-05-10,4.78,4.61,4.82,4.6,101581.0,48035140.0,600512,-3.56,-0.17
2017-05-11,4.61,4.55,4.61,4.32,150836.0,67653008.0,600512,-1.3,-0.06
2017-05-12,4.52,4.57,4.61,4.46,97760.0,44392708.0,600512,0.44,0.02
2017-05-15,4.61,4.58,4.62,4.56,54435.0,24966866.0,600512,0.22,0.01
2017-05-16,4.6,4.7,4.72,4.5,94938.0,43553564.0,600512,2.62,0.12
2017-05-17,4.69,4.7,4.76,4.66,82619.0,38957408.0,600512,0.0,0.0
2017-05-18,4.66,4.58,4.69,4.55,87949.0,40777908.0,600512,-2.55,-0.12
2017-05-19,4.57,4.53,4.62,4.51,68964.0,31418138.0,600512,-1.09,-0.05
2017-05-22,4.52,4.51,4.57,4.48,55991.0,25364264.0,600512,-0.44,-0.02
2017-05-23,4.49,4.51,4.57,4.47,75985.0,34218864.0,600512,0.0,0.0
2017-05-24,4.52,4.63,4.64,4.39,132878.0,60395096.0,600512,2.66,0.12
2017-05-25,4.63,4.73,4.82,4.58,143947.0,67708464.0,600512,2.16,0.1
2017-05-26,4.73,4.72,4.75,4.7,51577.0,24343600.0,600512,-0.21,-0.01
2017-05-31,4.73,4.83,4.84,4.7,95359.0,45454336.0,600512,2.33,0.11
2017-06-01,4.8,4.81,4.83,4.73,174560.0,83688760.0,600512,-0.41,-0.02
2017-06-02,4.78,4.82,4.87,4.73,78073.0,37454140.0,600512,0.21,0.01
2017-06-05,4.85,4.85,4.96,4.8,79909.0,38950976.0,600512,0.62,0.03
2017-06-06,4.81,4.82,4.85,4.79,45553.0,21909458.0,600512,-0.62,-0.03
2017-06-07,4.8,4.87,4.89,4.8,68537.0,33300704.0,600512,1.04,0.05
2017-06-08,4.9,4.95,4.98,4.85,79186.0,39055164.0,600512,1.64,0.08
2017-06-09,4.92,4.88,4.96,4.86,46957.0,22987896.0,600512,-1.41,-0.07
2017-06-12,4.88,4.91,4.94,4.85,57754.0,28252420.0,600512,0.61,0.03
2017-06-13,4.9,5.0,5.02,4.87,81593.0,40542616.0,600512,1.83,0.09
2017-06-14,5.0,4.99,5.02,4.95,60434.0,30119304.0,600512,-0.2,-0.01
2017-06-15,4.98,5.01,5.02,4.98,63432.0,31699316.0,600512,0.4,0.02
2017-06-16,5.01,4.93,5.01,4.89,57615.0,28410644.0,600512,-1.6,-0.08
2017-06-19,4.93,4.93,4.94,4.85,55786.0,27350132.0,600512,0.0,0.0
2017-06-20,4.92,4.88,4.92,4.85,75431.0,36754160.0,600512,-1.01,-0.05
2017-06-21,4.87,4.91,4.98,4.85,66034.0,32411520.0,600512,0.61,0.03
2017-06-22,4.92,4.86,4.94,4.84,45551.0,22315164.0,600512,-1.02,-0.05
2017-06-23,4.86,4.83,4.87,4.78,39825.0,19205612.0,600512,-0.62,-0.03
2017-06-26,4.82,4.85,4.86,4.78,46988.0,22723040.0,600512,0.41,0.02
2017-06-27,4.86,4.94,4.99,4.85,91219.0,45009588.0,600512,1.86,0.09
2017-06-28,4.92,4.9,4.96,4.88,42029.0,20649796.0,600512,-0.81,-0.04
2017-06-29,4.92,5.07,5.08,4.91,177562.0,88753696.0,600512,3.47,0.17
2017-06-30,4.99,4.93,4.99,4.91,132152.0,65329252.0,600512,-2.76,-0.14
2017-07-03,4.92,4.93,4.94,4.87,62779.0,30771892.0,600512,0.0,0.0
2017-07-04,4.93,4.9,4.94,4.87,60294.0,29586672.0,600512,-0.61,-0.03
2017-07-05,4.9,4.92,4.93,4.88,42830.0,21021968.0,600512,0.41,0.02
2017-07-06,4.93,4.93,4.95,4.91,48107.0,23722464.0,600512,0.2,0.01
2017-07-07,4.93,5.09,5.14,4.93,214217.0,108109192.0,600512,3.25,0.16
2017-07-10,5.03,4.98,5.06,4.96,179422.0,89959432.0,600512,-2.16,-0.11
2017-07-11,4.98,4.95,5.04,4.94,82459.0,41236464.0,600512,-0.6,-0.03
2017-07-12,4.99,4.91,4.99,4.86,78156.0,38370684.0,600512,-0.81,-0.04
2017-07-13,4.92,4.88,4.98,4.84,92872.0,45612728.0,600512,-0.61,-0.03
2017-07-14,4.88,4.88,4.91,4.85,48403.0,23630056.0,600512,0.0,0.0
2017-07-17,4.88,4.62,4.91,4.6,126932.0,59957192.0,600512,-5.33,-0.26
2017-07-18,4.61,4.61,4.67,4.53,122269.0,55992976.0,600512,-0.22,-0.01
2017-07-19,4.65,4.71,4.73,4.6,83675.0,39086616.0,600512,2.17,0.1
2017-07-20,4.7,4.71,4.78,4.69,60315.0,28595540.0,600512,0.0,0.0
2017-07-21,4.71,4.72,4.76,4.7,38215.0,18027024.0,600512,0.21,0.01
2017-07-24,4.72,4.73,4.75,4.7,66645.0,31485446.0,600512,0.21,0.01
2017-07-25,4.73,4.72,4.76,4.7,51659.0,24422688.0,600512,-0.21,-0.01
2017-07-26,4.71,4.71,4.75,4.67,60876.0,28639896.0,600512,-0.21,-0.01
2017-07-27,4.7,4.76,4.79,4.66,67997.0,31996376.0,600512,1.06,0.05
2017-07-28,4.75,4.72,4.76,4.7,43283.0,20475804.0,600512,-0.84,-0.04
2017-07-31,4.72,4.73,4.76,4.7,54201.0,25716206.0,600512,0.21,0.01
2017-08-01,4.72,4.76,4.77,4.72,45507.0,21567536.0,600512,0.63,0.03
2017-08-02,4.75,4.71,4.77,4.7,54953.0,25976144.0,600512,-1.05,-0.05
2017-08-03,4.71,4.69,4.73,4.66,49828.0,23353108.0,600512,-0.42,-0.02
2017-08-04,4.74,4.75,4.81,4.74,94358.0,45038784.0,600512,1.28,0.06
2017-08-07,4.75,4.74,4.76,4.7,49992.0,23607210.0,600512,-0.21,-0.01
2017-08-08,4.73,4.73,4.76,4.71,39903.0,18888470.0,600512,-0.21,-0.01
2017-08-09,4.73,4.75,4.75,4.71,46711.0,22081170.0,600512,0.42,0.02
2017-08-10,4.73,4.67,4.74,4.65,89328.0,41820008.0,600512,-1.68,-0.08
2017-08-11,4.65,4.58,4.65,4.55,57323.0,26393780.0,600512,-1.93,-0.09
2017-08-14,4.58,4.68,4.69,4.57,38017.0,17629098.0,600512,2.18,0.1
2017-08-15,4.67,4.7,4.75,4.65,47563.0,22304654.0,600512,0.43,0.02
2017-08-16,4.7,4.72,4.74,4.67,49904.0,23485472.0,600512,0.43,0.02
2017-08-17,4.72,4.72,4.75,4.69,127400.0,60115132.0,600512,0.0,0.0
2017-08-18,4.71,4.7,4.72,4.68,40104.0,18850962.0,600512,-0.42,-0.02
2017-08-21,4.7,4.72,4.72,4.69,40630.0,19115900.0,600512,0.43,0.02
2017-08-22,4.71,4.75,4.77,4.69,86290.0,40891936.0,600512,0.64,0.03
2017-08-23,4.75,4.68,4.75,4.67,63981.0,30057022.0,600512,-1.47,-0.07
2017-08-24,4.68,4.7,4.71,4.67,34429.0,16145248.0,600512,0.43,0.02
2017-08-25,4.69,4.71,4.74,4.67,52342.0,24646020.0,600512,0.21,0.01
2017-08-28,4.71,4.73,4.75,4.7,55806.0,26393626.0,600512,0.42,0.02
2017-08-29,4.73,4.71,4.75,4.69,56115.0,26511956.0,600512,-0.42,-0.02
2017-08-30,4.71,4.71,4.71,4.68,60717.0,28502098.0,600512,0.0,0.0
2017-08-31,4.71,4.69,4.71,4.66,52093.0,24384514.0,600512,-0.42,-0.02
2017-09-01,4.69,4.71,4.73,4.63,108695.0,50938968.0,600512,0.43,0.02
2017-09-04,4.71,4.77,4.81,4.7,146846.0,69709432.0,600512,1.27,0.06
2017-09-05,4.75,4.81,4.81,4.75,97716.0,46750948.0,600512,0.84,0.04
2017-09-06,4.8,4.89,4.92,4.78,144200.0,69831608.0,600512,1.66,0.08
2017-09-07,4.89,4.91,4.92,4.82,118004.0,57598020.0,600512,0.41,0.02
2017-09-08,4.92,4.92,4.93,4.85,93479.0,45838904.0,600512,0.2,0.01
2017-09-11,4.93,5.04,5.06,4.93,176079.0,88429568.0,600512,2.44,0.12
2017-09-12,5.03,5.07,5.08,4.98,134602.0,67853288.0,600512,0.6,0.03
2017-09-13,5.08,5.07,5.13,5.03,84462.0,42875832.0,600512,0.0,0.0
2017-09-14,5.07,4.89,5.09,4.88,187086.0,92868600.0,600512,-3.55,-0.18
2017-09-15,4.92,4.97,5.08,4.9,202288.0,100998624.0,600512,1.64,0.08
2017-09-18,4.92,4.94,4.97,4.88,147510.0,72759560.0,600512,-0.6,-0.03
2017-09-19,4.94,4.98,5.03,4.93,71437.0,35534352.0,600512,0.81,0.04
2017-09-20,4.97,4.97,5.02,4.89,97145.0,48128068.0,600512,-0.2,-0.01
2017-09-21,4.98,4.97,5.03,4.94,47091.0,23437308.0,600512,0.0,0.0
2017-09-22,4.95,4.96,4.99,4.91,61067.0,30252884.0,600512,-0.2,-0.01
2017-09-25,4.95,4.97,4.98,4.88,111129.0,54728020.0,600512,0.2,0.01
2017-09-26,4.95,4.92,4.97,4.86,79140.0,38770432.0,600512,-1.01,-0.05
2017-09-27,4.9,4.89,4.9,4.85,48877.0,23815420.0,600512,-0.61,-0.03
2017-09-28,4.88,4.89,4.9,4.81,101090.0,49019260.0,600512,0.0,0.0
2017-09-29,4.86,4.88,4.88,4.83,49768.0,24156820.0,600512,-0.2,-0.01
2017-10-09,4.92,4.9,4.92,4.83,125140.0,60987712.0,600512,0.41,0.02
2017-10-10,4.89,4.89,4.92,4.83,80954.0,39396160.0,600512,-0.2,-0.01
2017-10-11,4.86,4.85,4.88,4.83,68242.0,33059268.0,600512,-0.82,-0.04
2017-10-12,4.84,4.83,4.85,4.76,80641.0,38663176.0,600512,-0.41,-0.02
2017-10-13,4.8,4.83,4.83,4.76,49791.0,23867040.0,600512,0.0,0.0
2017-10-16,4.82,4.81,4.82,4.76,56679.0,27149360.0,600512,-0.41,-0.02
2017-10-17,4.78,4.81,4.82,4.77,28476.0,13671351.0,600512,0.0,0.0
2017-10-18,4.82,4.81,4.82,4.79,31103.0,14935543.0,600512,0.0,0.0
2017-10-19,4.79,4.8,4.83,4.77,42581.0,20375668.0,600512,-0.21,-0.01
2017-10-20,4.79,4.8,4.82,4.78,70955.0,34061048.0,600512,0.0,0.0
2017-10-23,4.79,4.8,4.82,4.4,113913.0,54435812.0,600512,0.0,0.0
2017-10-24,4.79,4.82,4.84,4.77,109758.0,52831528.0,600512,0.42,0.02
2017-10-25,4.8,4.82,4.82,4.78,73596.0,35359348.0,600512,0.0,0.0
2017-10-26,4.82,4.8,4.82,4.77,49635.0,23793976.0,600512,-0.41,-0.02
2017-10-27,4.78,4.8,4.82,4.77,65707.0,31516604.0,600512,0.0,0.0
2017-10-30,4.79,4.79,4.8,4.62,75670.0,35712100.0,600512,-0.21,-0.01
2017-10-31,4.75,4.8,4.8,4.72,51357.0,24507916.0,600512,0.21,0.01
2017-11-01,4.79,4.8,4.8,4.76,68767.0,32920400.0,600512,0.0,0.0
2017-11-02,4.78,4.79,4.79,4.76,27275.0,13010071.0,600512,-0.21,-0.01
2017-11-03,4.76,4.76,4.78,4.67,70965.0,33552352.0,600512,-0.63,-0.03
2017-11-06,4.74,4.76,4.79,4.71,108244.0,51575392.0,600512,0.0,0.0
2017-11-07,4.76,4.73,4.77,4.69,73542.0,34811816.0,600512,-0.63,-0.03
2017-11-08,4.68,4.74,4.74,4.67,61446.0,28922056.0,600512,0.21,0.01
2017-11-09,4.71,4.72,4.72,4.69,30330.0,14281039.0,600512,-0.42,-0.02
2017-11-10,4.71,4.7,4.72,4.66,38964.0,18261196.0,600512,-0.42,-0.02
2017-11-13,4.7,4.69,4.75,4.68,49549.0,23328500.0,600512,-0.21,-0.01
2017-11-14,4.67,4.68,4.7,4.63,101929.0,47447928.0,600512,-0.21,-0.01
2017-11-15,4.68,4.64,4.7,4.61,52529.0,24374240.0,600512,-0.85,-0.04
2017-11-16,4.62,4.59,4.62,4.5,113251.0,51702652.0,600512,-1.08,-0.05
2017-11-17,4.55,4.53,4.61,4.49,80976.0,36810248.0,600512,-1.31,-0.06
2017-11-20,4.52,4.43,4.58,4.4,64782.0,28778920.0,600512,-2.21,-0.1
2017-11-21,4.44,4.41,4.46,4.38,78471.0,34651588.0,600512,-0.45,-0.02
2017-11-22,4.39,4.34,4.41,4.25,129249.0,56116748.0,600512,-1.59,-0.07
2017-11-23,4.3,4.29,4.36,4.24,106152.0,45651224.0,600512,-1.15,-0.05
2017-11-24,4.26,4.34,4.37,4.22,53958.0,23079104.0,600512,1.17,0.05
2017-11-27,4.33,4.32,4.36,4.26,43826.0,18847108.0,600512,-0.46,-0.02
2017-11-28,4.31,4.34,4.34,4.25,71043.0,30585696.0,600512,0.46,0.02
2017-11-29,4.32,4.35,4.36,4.26,73107.0,31584552.0,600512,0.23,0.01
2017-11-30,4.31,4.48,4.5,4.3,124810.0,54588256.0,600512,2.99,0.13
2017-12-01,4.41,4.61,4.69,4.41,163901.0,75224792.0,600512,2.9,0.13
2017-12-04,4.6,4.62,4.66,4.56,109384.0,50478940.0,600512,0.22,0.01
2017-12-05,4.64,4.63,4.71,4.58,92606.0,42964236.0,600512,0.22,0.01
2017-12-06,4.63,4.67,4.68,4.56,71620.0,33134078.0,600512,0.86,0.04
2017-12-07,4.69,4.73,4.74,4.64,85733.0,40383192.0,600512,1.28,0.06
2017-12-08,4.67,4.69,4.79,4.66,133616.0,63084656.0,600512,-0.85,-0.04
2017-12-11,4.68,4.7,4.77,4.67,45813.0,21565010.0,600512,0.21,0.01
2017-12-12,4.72,4.78,4.86,4.71,100418.0,48170520.0,600512,1.7,0.08
2017-12-13,4.76,4.84,4.89,4.76,105433.0,51035384.0,600512,1.26,0.06
2017-12-14,4.84,4.81,4.9,4.72,189202.0,90783848.0,600512,-0.62,-0.03
2017-12-15,4.78,4.79,4.81,4.7,155730.0,74153448.0,600512,-0.42,-0.02
2017-12-18,4.76,4.72,4.81,4.7,59977.0,28495196.0,600512,-1.46,-0.07
2017-12-19,4.69,4.73,4.85,4.67,104337.0,49573996.0,600512,0.21,0.01
2017-12-20,4.73,4.76,4.78,4.61,96450.0,45269532.0,600512,0.63,0.03
2017-12-21,4.74,4.75,4.79,4.68,105578.0,49949192.0,600512,-0.21,-0.01
2017-12-22,4.76,4.7,4.76,4.7,62366.0,29426428.0,600512,-1.05,-0.05
2017-12-25,4.69,4.73,4.81,4.68,239171.0,113448136.0,600512,0.64,0.03
2017-12-26,4.7,4.72,4.76,4.45,244451.0,113251400.0,600512,-0.21,-0.01
2017-12-27,4.7,4.68,4.72,4.55,88836.0,41239896.0,600512,-0.85,-0.04
2017-12-28,4.64,4.51,4.64,4.51,155887.0,71442496.0,600512,-3.63,-0.17
2017-12-29,4.52,4.44,4.6,4.32,254817.0,112559872.0,600512,-1.55,-0.07
2018-01-02,4.42,4.54,4.55,4.36,192220.0,85563512.0,600512,2.25,0.1
2018-01-03,4.5,4.6,4.62,4.49,186238.0,84806472.0,600512,1.32,0.06
2018-01-04,4.7,4.65,4.72,4.62,133009.0,61909892.0,600512,1.09,0.05
2018-01-05,4.67,4.69,4.69,4.63,73469.0,34255984.0,600512,0.86,0.04
2018-01-08,4.68,4.65,4.68,4.6,159632.0,73843024.0,600512,-0.85,-0.04
2018-01-09,4.66,4.74,4.76,4.62,199237.0,93178080.0,600512,1.94,0.09
2018-01-10,4.75,4.72,4.75,4.68,102559.0,48220556.0,600512,-0.42,-0.02
2018-01-11,4.7,4.78,4.81,4.68,137514.0,65266248.0,600512,1.27,0.06
2018-01-12,4.78,4.7,4.79,4.65,97575.0,45952464.0,600512,-1.67,-0.08
2018-01-15,4.68,4.65,4.69,4.57,121260.0,56165336.0,600512,-1.06,-0.05
2018-01-16,4.64,4.67,4.72,4.6,150456.0,69870864.0,600512,0.43,0.02
2018-01-17,4.67,4.65,4.7,4.6,113034.0,52432796.0,600512,-0.43,-0.02
2018-01-18,4.65,4.66,4.66,4.61,84477.0,39167280.0,600512,0.22,0.01
2018-01-19,4.66,4.69,4.74,4.62,91664.0,42955808.0,600512,0.64,0.03
2018-01-22,4.7,4.59,4.72,4.58,97212.0,44793688.0,600512,-2.13,-0.1
2018-01-23,4.59,4.54,4.6,4.46,153554.0,69173920.0,600512,-1.09,-0.05
2018-01-24,4.55,4.52,4.55,4.44,203369.0,91206960.0,600512,-0.44,-0.02
2018-01-25,4.54,4.48,4.54,4.45,82265.0,36860068.0,600512,-0.88,-0.04
2018-01-26,4.45,4.48,4.49,4.44,94315.0,42101704.0,600512,0.0,0.0
2018-01-29,4.46,4.52,4.54,4.42,124227.0,55730168.0,600512,0.89,0.04
2018-01-30,4.53,4.52,4.56,4.47,91586.0,41189304.0,600512,0.0,0.0
2018-01-31,4.51,4.4,4.51,4.32,127087.0,55883900.0,600512,-2.65,-0.12
2018-02-01,4.34,3.96,4.36,3.96,512938.0,206531584.0,600512,-10.0,-0.44
2018-02-02,3.79,3.98,3.99,3.75,141801.0,54997544.0,600512,0.51,0.02
2018-02-05,3.94,3.96,3.97,3.87,149086.0,58312256.0,600512,-0.5,-0.02
2018-02-06,3.89,3.69,3.91,3.6,89447.0,34214184.0,600512,-6.82,-0.27
2018-02-07,3.75,3.83,3.87,3.58,261040.0,97827832.0,600512,3.79,0.14
2018-04-10,4.08,3.99,4.15,3.9,169566.0,68030568.0,600512,4.18,0.16
2018-04-11,4.0,4.01,4.05,3.92,103146.0,41031996.0,600512,0.5,0.02
2018-04-12,3.99,3.91,3.99,3.91,56915.0,22397548.0,600512,-2.49,-0.1
2018-04-13,3.91,3.91,3.95,3.89,50894.0,19924770.0,600512,0.0,0.0
2018-04-16,3.91,3.88,3.92,3.75,76102.0,29143776.0,600512,-0.77,-0.03
2018-04-17,3.88,3.81,3.9,3.79,39392.0,15122277.0,600512,-1.8,-0.07
2018-04-18,3.83,3.84,3.85,3.72,58102.0,21986056.0,600512,0.79,0.03
2018-04-19,3.83,3.81,3.84,3.76,56507.0,21531712.0,600512,-0.78,-0.03
2018-04-20,3.78,3.77,3.8,3.74,34376.0,12925452.0,600512,-1.05,-0.04
2018-04-23,3.76,3.74,3.78,3.72,25142.0,9410669.0,600512,-0.8,-0.03
2018-04-24,3.75,3.75,3.77,3.59,145017.0,53382772.0,600512,0.27,0.01
2018-04-25,3.65,3.69,3.7,3.61,248390.0,90600448.0,600512,-1.6,-0.06
2018-04-26,3.7,3.68,3.73,3.62,105908.0,38937088.0,600512,-0.27,-0.01
2018-04-27,3.68,3.67,3.7,3.64,26640.0,9780139.0,600512,-0.27,-0.01
2018-05-02,3.61,3.64,3.66,3.57,152001.0,54902772.0,600512,-0.82,-0.03
2018-05-03,3.64,3.64,3.65,3.55,116568.0,42008316.0,600512,0.0,0.0
2018-05-04,3.63,3.64,3.65,3.61,39990.0,14491497.0,600512,0.0,0.0
2018-05-07,3.63,3.65,3.66,3.61,92289.0,33539676.0,600512,0.27,0.01
2018-05-08,3.64,3.64,3.64,3.59,89714.0,32417844.0,600512,-0.27,-0.01
2018-05-09,3.64,3.62,3.65,3.59,56251.0,20289944.0,600512,-0.55,-0.02
2018-05-10,3.64,3.62,3.66,3.6,82366.0,29854236.0,600512,0.0,0.0
2018-05-11,3.61,3.56,3.62,3.48,129756.0,46073704.0,600512,-1.66,-0.06
2018-05-14,3.5,3.44,3.52,3.39,176274.0,60816752.0,600512,-3.37,-0.12
2018-05-15,3.4,3.35,3.42,3.28,199640.0,66413912.0,600512,-2.62,-0.09
2018-05-16,3.35,3.3,3.36,3.29,124039.0,41009664.0,600512,-1.49,-0.05
2018-05-17,3.28,3.06,3.29,2.97,751054.0,228356928.0,600512,-7.27,-0.24
2018-05-18,3.0,2.96,3.0,2.91,440342.0,129802080.0,600512,-3.27,-0.1
2018-05-21,2.98,2.97,2.98,2.92,261640.0,77355968.0,600512,0.34,0.01
2018-05-22,2.95,2.97,2.99,2.93,270907.0,80236808.0,600512,0.0,0.0
2018-05-23,2.96,2.94,2.97,2.92,163239.0,48008348.0,600512,-1.01,-0.03
2018-05-24,2.93,2.89,2.94,2.88,161630.0,47105076.0,600512,-1.7,-0.05
2018-05-25,2.87,2.82,2.88,2.8,206107.0,58499236.0,600512,-2.42,-0.07
2018-05-28,2.81,2.74,2.82,2.73,175000.0,48441780.0,600512,-2.84,-0.08
2018-05-29,2.73,2.79,2.8,2.72,135946.0,37627332.0,600512,1.82,0.05
2018-05-30,2.74,2.64,2.75,2.63,160188.0,42825392.0,600512,-5.38,-0.15
2018-05-31,2.66,2.67,2.69,2.64,83374.0,22227802.0,600512,1.14,0.03
2018-06-01,2.65,2.65,2.69,2.64,83339.0,22127504.0,600512,-0.75,-0.02
2018-06-04,2.66,2.64,2.67,2.63,71190.0,18872368.0,600512,-0.38,-0.01
2018-06-05,2.65,2.65,2.66,2.63,83525.0,22132964.0,600512,0.38,0.01
2018-06-06,2.65,2.61,2.65,2.58,152344.0,39765472.0,600512,-1.51,-0.04
2018-06-07,2.6,2.56,2.6,2.54,163195.0,41886000.0,600512,-1.92,-0.05
2018-06-08,2.54,2.49,2.56,2.46,195460.0,48837976.0,600512,-2.73,-0.07
2018-06-11,2.48,2.47,2.5,2.45,118158.0,29250768.0,600512,-0.8,-0.02
2018-06-12,2.48,2.46,2.48,2.44,130919.0,32188488.0,600512,-0.4,-0.01
2018-06-13,2.46,2.43,2.46,2.4,234747.0,57164320.0,600512,-1.22,-0.03
2018-06-14,2.42,2.39,2.43,2.38,202681.0,48699932.0,600512,-1.65,-0.04
2018-06-15,2.4,2.43,2.54,2.38,313170.0,76773816.0,600512,1.67,0.04
2018-06-19,2.39,2.27,2.42,2.19,289062.0,66519008.0,600512,-6.58,-0.16
2018-06-20,2.25,2.21,2.25,2.16,334205.0,73621976.0,600512,-2.64,-0.06
2018-06-21,2.2,2.16,2.23,2.1,316445.0,68848584.0,600512,-2.26,-0.05
2018-06-22,2.12,2.18,2.19,2.1,153552.0,33186824.0,600512,0.93,0.02
2018-06-25,2.2,2.16,2.22,2.15,97645.0,21286488.0,600512,-0.92,-0.02
2018-06-26,2.13,2.19,2.27,2.11,249143.0,54911440.0,600512,1.39,0.03
2018-06-27,2.19,2.22,2.24,2.17,199330.0,43988688.0,600512,1.37,0.03
2018-06-28,2.21,2.21,2.28,2.19,222779.0,49619372.0,600512,-0.45,-0.01
2018-06-29,2.21,2.25,2.26,2.19,151162.0,33813764.0,600512,1.81,0.04
2018-07-02,2.25,2.19,2.26,2.18,159058.0,35293872.0,600512,-2.67,-0.06
2018-07-03,2.19,2.24,2.24,2.18,90910.0,20102518.0,600512,2.28,0.05
2018-07-04,2.23,2.2,2.24,2.18,96817.0,21376982.0,600512,-1.79,-0.04
2018-07-05,2.2,2.16,2.21,2.15,84969.0,18512252.0,600512,-1.82,-0.04
2018-07-06,2.16,2.18,2.22,2.11,129368.0,28000640.0,600512,0.93,0.02
2018-07-09,2.18,2.21,2.22,2.18,90595.0,19988688.0,600512,1.38,0.03
2018-07-10,2.22,2.21,2.23,2.19,94565.0,20852052.0,600512,0.0,0.0
2018-07-11,2.19,2.15,2.19,2.12,120741.0,25983176.0,600512,-2.71,-0.06
2018-07-12,2.14,2.22,2.22,2.14,167880.0,36820408.0,600512,3.26,0.07
2018-07-13,2.21,2.22,2.23,2.2,87332.0,19346980.0,600512,0.0,0.0
2018-07-16,2.22,2.2,2.22,2.17,81712.0,17925628.0,600512,-0.9,-0.02
2018-07-17,2.2,2.22,2.23,2.18,93689.0,20659158.0,600512,0.91,0.02
2018-07-18,2.21,2.2,2.24,2.2,112551.0,25030340.0,600512,-0.9,-0.02
2018-07-19,2.21,2.2,2.24,2.17,133599.0,29438956.0,600512,0.0,0.0
2018-07-20,2.2,2.22,2.23,2.17,80455.0,17730792.0,600512,0.91,0.02
2018-07-23,2.22,2.3,2.36,2.21,320820.0,73482656.0,600512,3.6,0.08
2018-07-24,2.3,2.53,2.53,2.28,546248.0,132749072.0,600512,10.0,0.23
2018-07-25,2.6,2.78,2.78,2.6,604489.0,163427360.0,600512,9.88,0.25
2018-07-26,3.06,3.06,3.06,3.06,331685.0,101495824.0,600512,10.07,0.28
2018-07-27,3.15,2.77,3.19,2.75,1499573.0,440433088.0,600512,-9.48,-0.29
2018-07-30,2.62,2.57,2.74,2.53,789190.0,206845680.0,600512,-7.22,-0.2
2018-07-31,2.53,2.55,2.63,2.49,526523.0,134222064.0,600512,-0.78,-0.02
2018-08-01,2.59,2.56,2.7,2.56,726374.0,190322896.0,600512,0.39,0.01
2018-08-02,2.49,2.57,2.59,2.36,591541.0,145829056.0,600512,0.39,0.01
2018-08-03,2.55,2.46,2.57,2.45,334628.0,83854856.0,600512,-4.28,-0.11
2018-08-06,2.46,2.45,2.53,2.4,273912.0,67596608.0,600512,-0.41,-0.01
2018-08-07,2.53,2.56,2.64,2.47,393565.0,100133432.0,600512,4.49,0.11
2018-08-08,2.53,2.57,2.65,2.52,445842.0,115218712.0,600512,0.39,0.01
2018-08-09,2.55,2.56,2.6,2.5,407722.0,104284144.0,600512,-0.39,-0.01
2018-08-10,2.56,2.56,2.62,2.53,252222.0,64815940.0,600512,0.0,0.0
2018-08-13,2.5,2.52,2.53,2.47,235900.0,58825080.0,600512,-1.56,-0.04
2018-08-14,2.52,2.53,2.56,2.5,180329.0,45717608.0,600512,0.4,0.01
2018-08-15,2.52,2.49,2.58,2.48,220101.0,55471300.0,600512,-1.58,-0.04
2018-08-16,2.44,2.43,2.47,2.38,185347.0,45027536.0,600512,-2.41,-0.06
2018-08-17,2.46,2.3,2.46,2.29,183027.0,43555176.0,600512,-5.35,-0.13
2018-08-20,2.29,2.32,2.33,2.27,113179.0,26001484.0,600512,0.87,0.02
2018-08-21,2.3,2.33,2.35,2.3,134503.0,31311380.0,600512,0.43,0.01
2018-08-22,2.33,2.28,2.33,2.27,115824.0,26576352.0,600512,-2.15,-0.05
2018-08-23,2.28,2.28,2.29,2.24,111764.0,25417488.0,600512,0.0,0.0
2018-08-24,2.28,2.29,2.31,2.26,91211.0,20849188.0,600512,0.44,0.01
2018-08-27,2.29,2.33,2.34,2.28,130645.0,30268228.0,600512,1.75,0.04
2018-08-28,2.32,2.31,2.33,2.31,97948.0,22715136.0,600512,-0.86,-0.02
2018-08-29,2.32,2.34,2.35,2.31,112635.0,26262694.0,600512,1.3,0.03
2018-08-30,2.34,2.3,2.36,2.29,96554.0,22449332.0,600512,-1.71,-0.04
2018-08-31,2.3,2.28,2.34,2.27,122972.0,28283690.0,600512,-0.87,-0.02
2018-09-03,2.3,2.3,2.3,2.25,87290.0,19887878.0,600512,0.88,0.02
2018-09-04,2.31,2.32,2.34,2.29,123271.0,28587098.0,600512,0.87,0.02
2018-09-05,2.32,2.35,2.36,2.31,197688.0,46197212.0,600512,1.29,0.03
2018-09-06,2.34,2.31,2.35,2.3,109924.0,25545288.0,600512,-1.7,-0.04
2018-09-07,2.3,2.38,2.45,2.3,219521.0,52088860.0,600512,3.03,0.07
2018-09-10,2.36,2.34,2.39,2.33,144747.0,34117320.0,600512,-1.68,-0.04
2018-09-11,2.33,2.33,2.36,2.3,83430.0,19390096.0,600512,-0.43,-0.01
2018-09-12,2.32,2.31,2.34,2.3,62488.0,14488237.0,600512,-0.86,-0.02
2018-09-13,2.32,2.33,2.34,2.3,66765.0,15475476.0,600512,0.87,0.02
2018-09-14,2.33,2.29,2.33,2.28,77252.0,17837108.0,600512,-1.72,-0.04
2018-09-17,2.28,2.23,2.29,2.2,137107.0,30724468.0,600512,-2.62,-0.06
2018-09-18,2.24,2.45,2.45,2.22,374093.0,88847416.0,600512,9.87,0.22
2018-09-19,2.5,2.42,2.58,2.41,674083.0,168756272.0,600512,-1.22,-0.03
2018-09-20,2.4,2.46,2.52,2.37,428322.0,103991872.0,600512,1.65,0.04
2018-09-21,2.43,2.42,2.45,2.4,307308.0,74356304.0,600512,-1.63,-0.04
2018-09-25,2.4,2.43,2.47,2.38,223720.0,54189556.0,600512,0.41,0.01
2018-09-26,2.41,2.4,2.43,2.39,190367.0,45812468.0,600512,-1.23,-0.03
2018-09-27,2.39,2.35,2.42,2.34,175898.0,41954308.0,600512,-2.08,-0.05
2018-09-28,2.36,2.34,2.37,2.29,187256.0,43540368.0,600512,-0.43,-0.01
2018-10-08,2.31,2.28,2.31,2.27,118057.0,27042018.0,600512,-2.56,-0.06
2018-10-09,2.3,2.33,2.36,2.27,116797.0,27043796.0,600512,2.19,0.05
2018-10-10,2.34,2.38,2.41,2.31,228671.0,54134880.0,600512,2.15,0.05
2018-10-11,2.31,2.2,2.34,2.15,274176.0,61719600.0,600512,-7.56,-0.18
2018-10-12,2.2,2.22,2.25,2.09,221961.0,48478204.0,600512,0.91,0.02
2018-10-15,2.23,2.17,2.25,2.16,111340.0,24505472.0,600512,-2.25,-0.05
2018-10-16,2.16,2.14,2.19,2.11,98405.0,21081616.0,600512,-1.38,-0.03
2018-10-17,2.17,2.15,2.18,2.1,131592.0,28249156.0,600512,0.47,0.01
2018-10-18,2.14,2.07,2.14,2.05,119531.0,25018026.0,600512,-3.72,-0.08
2018-10-19,2.02,2.09,2.1,2.02,122890.0,25305396.0,600512,0.97,0.02
2018-10-22,2.13,2.19,2.21,2.11,188961.0,40991860.0,600512,4.78,0.1
2018-10-23,2.2,2.13,2.2,2.12,166271.0,35801708.0,600512,-2.74,-0.06
2018-10-24,2.13,2.14,2.16,2.11,117629.0,25108546.0,600512,0.47,0.01
2018-10-25,2.09,2.12,2.13,2.05,123607.0,25826968.0,600512,-0.93,-0.02
2018-10-26,2.13,2.16,2.21,2.13,216822.0,46918348.0,600512,1.89,0.04
2018-10-29,2.15,2.12,2.17,2.11,94823.0,20279720.0,600512,-1.85,-0.04
2018-10-30,2.12,2.15,2.16,2.1,120562.0,25775826.0,600512,1.42,0.03
2018-10-31,2.15,2.19,2.24,2.15,292772.0,64216152.0,600512,1.86,0.04
2018-11-01,2.19,2.17,2.21,2.16,319309.0,69731504.0,600512,-0.91,-0.02
2018-11-02,2.18,2.21,2.21,2.17,263947.0,57797336.0,600512,1.84,0.04
2018-11-05,2.2,2.21,2.22,2.18,256911.0,56430984.0,600512,0.0,0.0
2018-11-06,2.2,2.19,2.2,2.17,237999.0,52025048.0,600512,-0.9,-0.02
2018-11-07,2.19,2.18,2.21,2.17,248148.0,54251168.0,600512,-0.46,-0.01
2018-11-08,2.19,2.22,2.25,2.17,459512.0,101555656.0,600512,1.83,0.04
2018-11-09,2.2,2.22,2.29,2.18,416937.0,92838136.0,600512,0.0,0.0
2018-11-12,2.22,2.35,2.35,2.21,640795.0,146290352.0,600512,5.86,0.13
2018-11-13,2.32,2.42,2.47,2.29,848126.0,202461152.0,600512,2.98,0.07
2018-11-14,2.42,2.39,2.5,2.38,794182.0,193503648.0,600512,-1.24,-0.03
2018-11-15,2.35,2.63,2.63,2.34,858820.0,211594032.0,600512,10.04,0.24
2018-11-16,2.7,2.56,2.74,2.52,1196070.0,312682432.0,600512,-2.66,-0.07
2018-11-19,2.52,2.49,2.55,2.44,645444.0,160467312.0,600512,-2.73,-0.07
2018-11-20,2.47,2.41,2.49,2.37,488575.0,118884016.0,600512,-3.21,-0.08
2018-11-21,2.37,2.44,2.44,2.35,451909.0,108167576.0,600512,1.24,0.03
2018-11-22,2.44,2.4,2.44,2.39,326135.0,78647488.0,600512,-1.64,-0.04
2018-11-23,2.4,2.26,2.4,2.25,419801.0,96983136.0,600512,-5.83,-0.14
2018-11-26,2.27,2.26,2.28,2.24,213956.0,48389992.0,600512,0.0,0.0
2018-11-27,2.27,2.36,2.38,2.26,395385.0,91465264.0,600512,4.42,0.1
2018-11-28,2.31,2.35,2.37,2.3,303330.0,70768352.0,600512,-0.42,-0.01
2018-11-29,2.35,2.27,2.37,2.25,247459.0,57181008.0,600512,-3.4,-0.08
2018-11-30,2.26,2.27,2.29,2.21,200975.0,45342028.0,600512,0.0,0.0
2018-12-03,2.32,2.35,2.37,2.3,290941.0,68101328.0,600512,3.52,0.08
2018-12-04,2.34,2.36,2.36,2.31,250887.0,58626140.0,600512,0.43,0.01
2018-12-05,2.32,2.36,2.4,2.3,379691.0,89481424.0,600512,0.0,0.0
2018-12-06,2.35,2.33,2.36,2.31,182913.0,42744072.0,600512,-1.27,-0.03
2018-12-07,2.33,2.33,2.35,2.31,145839.0,34022204.0,600512,0.0,0.0
2018-12-10,2.3,2.32,2.34,2.29,164462.0,38227184.0,600512,-0.43,-0.01
2018-12-11,2.33,2.42,2.46,2.32,542355.0,130117104.0,600512,4.31,0.1
2018-12-12,2.42,2.39,2.44,2.38,227824.0,54767396.0,600512,-1.24,-0.03
2018-12-13,2.39,2.47,2.54,2.38,714216.0,176085664.0,600512,3.35,0.08
2018-12-14,2.45,2.34,2.45,2.33,553826.0,132694296.0,600512,-5.26,-0.13
2018-12-17,2.32,2.38,2.38,2.31,329343.0,77276960.0,600512,1.71,0.04
2018-12-18,2.37,2.33,2.38,2.31,249452.0,58317692.0,600512,-2.1,-0.05
2018-12-19,2.34,2.33,2.35,2.31,159086.0,37083960.0,600512,0.0,0.0
2018-12-20,2.32,2.31,2.34,2.3,201486.0,46687656.0,600512,-0.86,-0.02
2018-12-21,2.3,2.24,2.31,2.22,421404.0,94751736.0,600512,-3.03,-0.07
2018-12-24,2.23,2.24,2.26,2.22,138624.0,31109248.0,600512,0.0,0.0
2018-12-25,2.22,2.18,2.22,2.15,340766.0,74115696.0,600512,-2.68,-0.06
2018-12-26,2.18,2.17,2.2,2.16,137911.0,30038604.0,600512,-0.46,-0.01
2018-12-27,2.2,2.14,2.22,2.13,217568.0,47449224.0,600512,-1.38,-0.03
2018-12-28,2.14,2.15,2.17,2.14,115245.0,24828834.0,600512,0.47,0.01
2019-01-02,2.16,2.17,2.2,2.15,118824.0,25805676.0,600512,0.93,0.02
2019-01-03,2.17,2.17,2.2,2.16,124717.0,27167718.0,600512,0.0,0.0
2019-01-04,2.15,2.22,2.23,2.14,265285.0,58324296.0,600512,2.3,0.05
2019-01-07,2.24,2.25,2.27,2.21,264516.0,59325240.0,600512,1.35,0.03
2019-01-08,2.25,2.31,2.34,2.23,449253.0,102570456.0,600512,2.67,0.06
2019-01-09,2.29,2.27,2.31,2.26,344759.0,78988984.0,600512,-1.73,-0.04
2019-01-10,2.27,2.27,2.3,2.26,274254.0,62384568.0,600512,0.0,0.0
2019-01-11,2.26,2.32,2.32,2.26,396008.0,90966256.0,600512,2.2,0.05
2019-01-14,2.33,2.35,2.47,2.29,717614.0,169562880.0,600512,1.29,0.03
2019-01-15,2.32,2.32,2.33,2.25,483921.0,110764400.0,600512,-1.28,-0.03
2019-01-16,2.31,2.29,2.32,2.28,237498.0,54447376.0,600512,-1.29,-0.03
2019-01-17,2.29,2.3,2.33,2.26,310728.0,71359672.0,600512,0.44,0.01
2019-01-18,2.29,2.33,2.39,2.29,537039.0,126049712.0,600512,1.3,0.03
2019-01-21,2.32,2.31,2.33,2.29,308759.0,71364160.0,600512,-0.86,-0.02
2019-01-22,2.3,2.28,2.33,2.27,298983.0,68665432.0,600512,-1.3,-0.03
2019-01-23,2.28,2.31,2.31,2.26,265479.0,60640632.0,600512,1.32,0.03
2019-01-24,2.31,2.29,2.32,2.28,224285.0,51432904.0,600512,-0.87,-0.02
2019-01-25,2.29,2.23,2.3,2.22,311235.0,70312824.0,600512,-2.62,-0.06
2019-01-28,2.23,2.23,2.26,2.21,221453.0,49512104.0,600512,0.0,0.0
2019-01-29,2.22,2.18,2.23,2.14,278297.0,60706716.0,600512,-2.24,-0.05
2019-01-30,2.17,2.19,2.21,2.16,162416.0,35622528.0,600512,0.46,0.01
2019-01-31,2.19,2.17,2.22,2.16,191035.0,41824944.0,600512,-0.91,-0.02
2019-02-01,2.18,2.23,2.24,2.18,197266.0,43696792.0,600512,2.76,0.06
2019-02-11,2.23,2.29,2.29,2.23,203346.0,46170088.0,600512,2.69,0.06
2019-02-12,2.4,2.35,2.51,2.32,585171.0,138611552.0,600512,2.62,0.06
2019-02-13,2.33,2.35,2.38,2.32,419680.0,98427184.0,600512,0.0,0.0
2019-02-14,2.34,2.36,2.39,2.33,316178.0,74592584.0,600512,0.43,0.01
2019-02-15,2.35,2.37,2.42,2.34,449094.0,106847488.0,600512,0.42,0.01
2019-02-18,2.38,2.43,2.43,2.37,433268.0,104181072.0,600512,2.53,0.06
2019-02-19,2.43,2.47,2.5,2.41,576148.0,141915168.0,600512,1.65,0.04
2019-02-20,2.5,2.44,2.5,2.42,313638.0,76930000.0,600512,-1.21,-0.03
2019-02-21,2.46,2.44,2.5,2.42,356506.0,87879520.0,600512,0.0,0.0
2019-02-22,2.45,2.46,2.46,2.42,332781.0,81342216.0,600512,0.82,0.02
2019-02-25,2.49,2.59,2.61,2.47,765579.0,194688480.0,600512,5.28,0.13
2019-02-26,2.6,2.85,2.85,2.55,1016333.0,279633120.0,600512,10.04,0.26
2019-02-27,2.86,2.79,2.97,2.75,1843448.0,524331104.0,600512,-2.11,-0.06
2019-02-28,2.76,2.67,2.81,2.66,1046453.0,284881824.0,600512,-4.3,-0.12
2019-03-01,2.67,2.7,2.74,2.64,685679.0,183752608.0,600512,1.12,0.03
2019-03-04,2.71,2.74,2.79,2.69,911128.0,250058480.0,600512,1.48,0.04
2019-03-05,2.72,2.81,2.87,2.7,898500.0,250806144.0,600512,2.55,0.07
2019-03-06,2.83,2.91,2.94,2.78,1111139.0,317903392.0,600512,3.56,0.1
2019-03-07,2.9,2.98,3.09,2.86,1340038.0,393893952.0,600512,2.41,0.07
2019-03-08,2.91,2.75,2.93,2.7,965360.0,274731232.0,600512,-7.72,-0.23
2019-03-11,2.75,2.85,2.86,2.72,595895.0,166583808.0,600512,3.64,0.1
2019-03-12,2.86,2.86,2.93,2.81,744334.0,214462336.0,600512,0.35,0.01
2019-03-13,2.86,2.88,2.99,2.83,849848.0,246581056.0,600512,0.7,0.02
2019-03-14,2.85,2.76,2.89,2.71,566147.0,157643968.0,600512,-4.17,-0.12
2019-03-15,2.78,2.79,2.86,2.77,467513.0,131185056.0,600512,1.09,0.03
2019-03-18,2.84,2.9,2.97,2.83,653049.0,189314512.0,600512,3.94,0.11
2019-03-19,2.98,2.95,3.04,2.88,819520.0,240863552.0,600512,1.72,0.05
2019-03-20,2.97,2.9,2.97,2.85,501226.0,145466288.0,600512,-1.69,-0.05
2019-03-21,2.9,2.91,2.96,2.89,536272.0,157008080.0,600512,0.34,0.01
2019-03-22,2.9,2.87,2.92,2.81,529603.0,151338464.0,600512,-1.37,-0.04
2019-03-25,2.81,2.81,2.88,2.8,501113.0,141972832.0,600512,-2.09,-0.06
2019-03-26,2.82,2.72,2.84,2.71,404523.0,111964328.0,600512,-3.2,-0.09
2019-03-27,2.74,2.74,2.76,2.68,310625.0,84363368.0,600512,0.74,0.02
2019-03-28,2.74,2.68,2.76,2.67,327866.0,89267432.0,600512,-2.19,-0.06
2019-03-29,2.69,2.77,2.77,2.64,360580.0,97948440.0,600512,3.36,0.09
2019-04-01,2.77,2.86,2.87,2.76,486418.0,137534192.0,600512,3.25,0.09
2019-04-02,2.86,2.85,2.89,2.84,420225.0,120395648.0,600512,-0.35,-0.01
2019-04-03,2.85,2.89,2.92,2.83,420556.0,121188376.0,600512,1.4,0.04
2019-04-04,2.89,2.89,2.91,2.85,407286.0,117366008.0,600512,0.0,0.0
2019-04-08,2.91,2.95,3.01,2.89,771918.0,226487936.0,600512,2.08,0.06
2019-04-09,2.93,2.91,2.95,2.87,423142.0,122974840.0,600512,-1.36,-0.04
2019-04-10,2.88,2.93,2.94,2.85,363162.0,105252480.0,600512,0.69,0.02
2019-04-11,2.97,2.9,3.0,2.88,574556.0,168985072.0,600512,-1.02,-0.03
2019-04-12,2.9,2.87,2.9,2.82,353721.0,101320096.0,600512,-1.03,-0.03
2019-04-15,2.89,2.84,2.94,2.82,395070.0,114318824.0,600512,-1.05,-0.03
2019-04-16,2.84,2.88,2.88,2.76,391980.0,110676160.0,600512,1.41,0.04
2019-04-17,2.89,3.0,3.06,2.87,972604.0,290139488.0,600512,4.17,0.12
2019-04-18,3.05,3.03,3.13,3.0,767547.0,234687632.0,600512,1.0,0.03
2019-04-19,3.03,3.03,3.05,2.95,492067.0,147829456.0,600512,0.0,0.0
2019-04-22,3.04,3.11,3.12,3.0,581819.0,177361232.0,600512,2.64,0.08
2019-04-23,3.1,2.98,3.1,2.97,476262.0,144040912.0,600512,-4.18,-0.13
2019-04-24,2.97,2.96,3.02,2.93,384312.0,114234400.0,600512,-0.67,-0.02
2019-04-25,2.96,2.8,2.96,2.78,429088.0,123478752.0,600512,-5.41,-0.16
2019-04-26,2.81,2.8,2.83,2.75,292999.0,81694576.0,600512,0.0,0.0
2019-04-29,2.92,3.08,3.08,2.88,939284.0,285382976.0,600512,10.0,0.28
2019-04-30,3.13,3.37,3.38,3.1,2546837.0,833622784.0,600512,9.42,0.29
2019-05-06,3.07,3.11,3.23,3.03,1609110.0,503974464.0,600512,-7.72,-0.26
2019-05-07,3.1,3.31,3.38,3.1,1613003.0,523694080.0,600512,6.43,0.2
2019-05-08,3.19,3.07,3.32,3.04,1411168.0,450535968.0,600512,-7.25,-0.24
2019-05-09,3.0,2.88,3.03,2.87,920746.0,269547008.0,600512,-6.19,-0.19
2019-05-10,2.92,3.13,3.17,2.91,1274797.0,387578400.0,600512,8.68,0.25
2019-05-13,3.1,3.2,3.27,3.07,1112405.0,354086464.0,600512,2.24,0.07
2019-05-14,3.16,3.2,3.29,3.12,872432.0,281137088.0,600512,0.0,0.0
2019-05-15,3.27,3.26,3.34,3.22,1000514.0,326241248.0,600512,1.87,0.06
2019-05-16,3.24,3.43,3.53,3.22,1357876.0,458297632.0,600512,5.21,0.17
2019-05-17,3.42,3.18,3.42,3.14,1151171.0,377119616.0,600512,-7.29,-0.25
2019-05-20,3.18,3.27,3.27,3.02,740675.0,233002256.0,600512,2.83,0.09
2019-05-21,3.22,3.29,3.34,3.22,610695.0,200226720.0,600512,0.61,0.02
2019-05-22,3.29,3.17,3.29,3.15,565456.0,180569728.0,600512,-3.65,-0.12
2019-05-23,3.12,3.11,3.15,3.07,417158.0,129497984.0,600512,-1.89,-0.06
2019-05-24,3.05,3.06,3.12,3.01,405208.0,124015504.0,600512,-1.61,-0.05
2019-05-27,3.06,3.12,3.13,3.02,401561.0,123693840.0,600512,1.96,0.06
2019-05-28,3.11,3.05,3.14,3.02,444414.0,137613808.0,600512,-2.24,-0.07
2019-05-29,3.03,3.03,3.09,3.02,312223.0,95061648.0,600512,-0.66,-0.02
2019-05-30,2.96,2.85,2.96,2.8,800186.0,228387664.0,600512,-5.94,-0.18
2019-05-31,2.86,2.84,2.89,2.82,295158.0,84170720.0,600512,-0.35,-0.01
2019-06-03,2.82,2.77,2.85,2.76,316889.0,88643160.0,600512,-2.46,-0.07
2019-06-04,2.78,2.72,2.79,2.7,238423.0,64970576.0,600512,-1.81,-0.05
2019-06-05,2.74,2.72,2.78,2.72,225064.0,61804608.0,600512,0.0,0.0
2019-06-06,2.74,2.7,2.77,2.66,322290.0,87925432.0,600512,-0.74,-0.02
2019-06-10,2.72,2.76,2.77,2.68,252232.0,69013664.0,600512,2.22,0.06
2019-06-11,2.76,2.9,2.92,2.76,466990.0,134305104.0,600512,5.07,0.14
2019-06-12,2.88,2.84,2.92,2.82,369518.0,105830336.0,600512,-2.07,-0.06
2019-06-13,2.85,2.87,2.89,2.83,257413.0,73666104.0,600512,1.06,0.03
2019-06-14,2.89,2.8,2.89,2.79,270094.0,76601312.0,600512,-2.44,-0.07
2019-06-17,2.78,2.83,2.84,2.76,197405.0,55511544.0,600512,1.07,0.03
2019-06-18,2.84,2.86,2.87,2.83,214360.0,61190080.0,600512,1.06,0.03
2019-06-19,2.94,2.88,2.98,2.87,352636.0,102591184.0,600512,0.7,0.02
2019-06-20,2.88,2.92,2.94,2.87,299369.0,87009664.0,600512,1.39,0.04
2019-06-21,2.92,2.93,2.95,2.91,331271.0,97104576.0,600512,0.34,0.01
2019-06-24,2.93,2.92,2.94,2.9,189575.0,55326144.0,600512,-0.34,-0.01
2019-06-25,2.91,2.88,2.93,2.84,215737.0,61994352.0,600512,-1.37,-0.04
2019-06-26,2.89,2.9,2.91,2.86,152685.0,44145852.0,600512,0.69,0.02
2019-06-27,2.88,2.89,2.91,2.86,190706.0,55033960.0,600512,-0.34,-0.01
2019-06-28,2.89,2.85,2.89,2.79,320186.0,90455568.0,600512,-1.38,-0.04
2019-07-01,2.89,2.89,2.9,2.87,308333.0,88974920.0,600512,1.4,0.04
2019-07-02,2.88,2.87,2.9,2.85,277612.0,79689304.0,600512,-0.69,-0.02
2019-07-03,2.86,2.9,2.93,2.85,355350.0,102945664.0,600512,1.05,0.03
2019-07-04,2.9,2.92,2.95,2.88,285309.0,83164752.0,600512,0.69,0.02
2019-07-05,2.94,2.92,2.95,2.9,179149.0,52245464.0,600512,0.0,0.0
2019-07-08,2.9,2.82,2.91,2.82,291632.0,83196688.0,600512,-3.42,-0.1
2019-07-09,2.81,2.84,2.85,2.81,135661.0,38327736.0,600512,0.71,0.02
2019-07-10,2.85,2.81,2.86,2.8,153390.0,43461968.0,600512,-1.06,-0.03
2019-07-11,2.82,2.82,2.85,2.8,131233.0,37093004.0,600512,0.36,0.01
2019-07-12,2.83,2.84,2.85,2.81,117431.0,33276156.0,600512,0.71,0.02
2019-07-15,2.83,2.86,2.87,2.8,198146.0,56256004.0,600512,0.7,0.02
2019-07-16,2.85,2.84,2.86,2.83,115237.0,32811960.0,600512,-0.7,-0.02
2019-07-17,2.83,2.85,2.87,2.82,121278.0,34547688.0,600512,0.35,0.01
2019-07-18,2.8,2.74,2.81,2.74,291390.0,80595928.0,600512,-3.86,-0.11
2019-07-19,2.73,2.72,2.77,2.72,196841.0,53961436.0,600512,-0.73,-0.02
2019-07-22,2.73,2.65,2.73,2.64,231704.0,61792608.0,600512,-2.57,-0.07
2019-07-23,2.64,2.66,2.66,2.63,122244.0,32333640.0,600512,0.38,0.01
2019-07-24,2.66,2.67,2.69,2.64,142384.0,38019644.0,600512,0.38,0.01
2019-07-25,2.66,2.66,2.67,2.65,123574.0,32856400.0,600512,-0.37,-0.01
2019-07-26,2.66,2.68,2.7,2.64,164582.0,44144440.0,600512,0.75,0.02
2019-07-29,2.68,2.66,2.69,2.65,101977.0,27189390.0,600512,-0.75,-0.02
2019-07-30,2.67,2.67,2.69,2.65,91695.0,24517480.0,600512,0.38,0.01
2019-07-31,2.68,2.67,2.69,2.66,96188.0,25711194.0,600512,0.0,0.0
2019-08-01,2.66,2.65,2.66,2.63,121782.0,32215476.0,600512,-0.75,-0.02
2019-08-02,2.62,2.6,2.62,2.54,138183.0,35709940.0,600512,-1.89,-0.05
2019-08-05,2.59,2.54,2.61,2.54,121659.0,31362224.0,600512,-2.31,-0.06
2019-08-06,2.44,2.45,2.5,2.37,233873.0,57136044.0,600512,-3.54,-0.09
2019-08-07,2.46,2.44,2.48,2.43,112003.0,27490836.0,600512,-0.41,-0.01
2019-08-08,2.46,2.46,2.47,2.45,105208.0,25904282.0,600512,0.82,0.02
2019-08-09,2.47,2.42,2.48,2.42,104199.0,25576956.0,600512,-1.63,-0.04
2019-08-12,2.42,2.48,2.48,2.42,97407.0,23999928.0,600512,2.48,0.06
2019-08-13,2.46,2.51,2.52,2.45,129090.0,32073688.0,600512,1.21,0.03
2019-08-14,2.53,2.51,2.55,2.5,116839.0,29463310.0,600512,0.0,0.0
2019-08-15,2.46,2.51,2.52,2.43,96461.0,23906036.0,600512,0.0,0.0
2019-08-16,2.5,2.51,2.53,2.49,112939.0,28398536.0,600512,0.0,0.0
2019-08-19,2.52,2.58,2.6,2.51,181914.0,46531636.0,600512,2.79,0.07
2019-08-20,2.6,2.61,2.64,2.58,157934.0,41252912.0,600512,1.16,0.03
2019-08-21,2.61,2.63,2.65,2.6,128553.0,33815496.0,600512,0.77,0.02
2019-08-22,2.63,2.7,2.72,2.63,227210.0,60979052.0,600512,2.66,0.07
2019-08-23,2.69,2.75,2.75,2.67,269915.0,73322272.0,600512,1.85,0.05
2019-08-26,2.7,2.66,2.7,2.65,419851.0,112208768.0,600512,-3.27,-0.09
2019-08-27,2.67,2.73,2.76,2.66,303988.0,82820312.0,600512,2.63,0.07
2019-08-28,2.73,2.7,2.73,2.68,218827.0,59051536.0,600512,-1.1,-0.03
2019-08-29,2.76,2.78,2.85,2.76,522954.0,146732176.0,600512,2.96,0.08
2019-08-30,2.78,2.74,2.85,2.73,374517.0,104476360.0,600512,-1.44,-0.04
2019-09-02,2.76,2.79,2.83,2.76,309577.0,86555104.0,600512,1.82,0.05
2019-09-03,2.79,2.86,2.87,2.76,420927.0,118376656.0,600512,2.51,0.07
2019-09-04,2.83,2.86,2.88,2.81,368386.0,104898656.0,600512,0.0,0.0
2019-09-05,2.89,2.86,2.9,2.84,363884.0,104591448.0,600512,0.0,0.0
2019-09-06,2.86,2.82,2.87,2.79,300259.0,84827368.0,600512,-1.4,-0.04
2019-09-09,2.84,2.85,2.85,2.82,263369.0,74727608.0,600512,1.06,0.03
2019-09-10,2.85,2.83,2.86,2.82,183319.0,51929696.0,600512,-0.7,-0.02
2019-09-11,2.85,2.83,2.86,2.83,189183.0,53734924.0,600512,0.0,0.0
2019-09-12,2.83,2.84,2.85,2.82,152637.0,43233332.0,600512,0.35,0.01
2019-09-16,2.85,2.83,2.86,2.82,222390.0,63210640.0,600512,-0.35,-0.01
2019-09-17,2.82,2.73,2.83,2.7,361855.0,99504608.0,600512,-3.53,-0.1
2019-09-18,2.73,2.73,2.75,2.73,147533.0,40392512.0,600512,0.0,0.0
2019-09-19,2.74,2.74,2.74,2.71,146186.0,39860184.0,600512,0.37,0.01
2019-09-20,2.76,2.78,2.82,2.75,283066.0,78901416.0,600512,1.46,0.04
2019-09-23,2.76,2.74,2.77,2.72,168273.0,46049824.0,600512,-1.44,-0.04
2019-09-24,2.75,2.73,2.75,2.72,152818.0,41840540.0,600512,-0.36,-0.01
2019-09-25,2.72,2.69,2.73,2.68,135522.0,36598116.0,600512,-1.47,-0.04
2019-09-26,2.7,2.64,2.71,2.64,123155.0,32781188.0,600512,-1.86,-0.05
2019-09-27,2.66,2.65,2.67,2.63,101173.0,26819662.0,600512,0.38,0.01
2019-09-30,2.66,2.64,2.66,2.62,100354.0,26487242.0,600512,-0.38,-0.01
2019-10-08,2.64,2.66,2.67,2.63,103776.0,27571128.0,600512,0.76,0.02
2019-10-09,2.64,2.71,2.71,2.64,125405.0,33681768.0,600512,1.88,0.05
2019-10-10,2.71,2.76,2.76,2.69,162107.0,44262832.0,600512,1.85,0.05
2019-10-11,2.76,2.77,2.8,2.7,188707.0,52202364.0,600512,0.36,0.01
2019-10-14,2.79,2.8,2.83,2.78,257429.0,72287736.0,600512,1.08,0.03
2019-10-15,2.8,2.82,2.84,2.79,248402.0,69945368.0,600512,0.71,0.02
2019-10-16,2.82,2.79,2.83,2.78,171626.0,48105988.0,600512,-1.06,-0.03
2019-10-17,2.8,2.8,2.83,2.79,189387.0,53282344.0,600512,0.36,0.01
2019-10-18,2.8,2.76,2.81,2.73,161915.0,44813928.0,600512,-1.43,-0.04
2019-10-21,2.75,2.75,2.75,2.71,97870.0,26760228.0,600512,-0.36,-0.01
2019-10-22,2.75,2.75,2.76,2.72,124430.0,34099648.0,600512,0.0,0.0
2019-10-23,2.75,2.73,2.75,2.71,91626.0,25032196.0,600512,-0.73,-0.02
2019-10-24,2.72,2.73,2.75,2.7,115212.0,31367380.0,600512,0.0,0.0
2019-10-25,2.72,2.74,2.76,2.7,135110.0,36916504.0,600512,0.37,0.01
2019-10-28,2.74,2.8,2.8,2.74,196494.0,54557920.0,600512,2.19,0.06
2019-10-29,2.79,2.82,2.84,2.77,320075.0,90126032.0,600512,0.71,0.02
2019-10-30,2.8,2.75,2.82,2.72,252259.0,69627032.0,600512,-2.48,-0.07
2019-10-31,2.74,2.72,2.76,2.71,154105.0,42052172.0,600512,-1.09,-0.03
2019-11-01,2.71,2.74,2.75,2.69,162451.0,44365500.0,600512,0.74,0.02
2019-11-04,2.75,2.78,2.81,2.74,228764.0,63634052.0,600512,1.46,0.04
2019-11-05,2.78,2.79,2.81,2.77,176392.0,49249664.0,600512,0.36,0.01
2019-11-06,2.8,2.76,2.8,2.74,129199.0,35795732.0,600512,-1.08,-0.03
2019-11-07,2.79,2.85,2.92,2.78,596852.0,170290816.0,600512,3.26,0.09
2019-11-08,2.85,2.83,2.87,2.81,262624.0,74502328.0,600512,-0.7,-0.02
2019-11-11,2.81,2.72,2.82,2.71,292399.0,80467744.0,600512,-3.89,-0.11
2019-11-12,2.71,2.7,2.72,2.67,237875.0,63972108.0,600512,-0.74,-0.02
2019-11-13,2.69,2.7,2.7,2.67,113277.0,30433916.0,600512,0.0,0.0
2019-11-14,2.71,2.75,2.76,2.71,201003.0,55043352.0,600512,1.85,0.05
2019-11-15,2.75,2.7,2.76,2.69,138082.0,37590092.0,600512,-1.82,-0.05
2019-11-18,2.7,2.72,2.73,2.68,81949.0,22226500.0,600512,0.74,0.02
2019-11-19,2.72,2.74,2.75,2.71,138235.0,37760192.0,600512,0.74,0.02
2019-11-20,2.75,2.72,2.76,2.71,98170.0,26812588.0,600512,-0.73,-0.02
2019-11-21,2.71,2.73,2.74,2.7,84012.0,22833720.0,600512,0.37,0.01
2019-11-22,2.74,2.79,2.82,2.72,426317.0,118007600.0,600512,2.2,0.06
2019-11-25,2.78,2.83,2.84,2.76,396348.0,111510064.0,600512,1.43,0.04
2019-11-26,2.85,2.81,2.86,2.79,221506.0,62266036.0,600512,-0.71,-0.02
2019-11-27,2.81,2.8,2.82,2.77,156121.0,43603888.0,600512,-0.36,-0.01
2019-11-28,2.79,2.75,2.82,2.74,248212.0,68850776.0,600512,-1.79,-0.05
2019-11-29,2.73,2.74,2.75,2.72,145531.0,39811844.0,600512,-0.36,-0.01
2019-12-02,2.75,2.72,2.77,2.71,180808.0,49487288.0,600512,-0.73,-0.02
2019-12-03,2.69,2.72,2.72,2.69,199855.0,54117088.0,600512,0.0,0.0
2019-12-04,2.71,2.7,2.72,2.69,181217.0,48963396.0,600512,-0.74,-0.02
2019-12-05,2.7,2.72,2.73,2.7,185064.0,50256688.0,600512,0.74,0.02
2019-12-06,2.72,2.73,2.73,2.71,140702.0,38278072.0,600512,0.37,0.01
2019-12-09,2.73,2.74,2.75,2.72,184603.0,50514976.0,600512,0.37,0.01
2019-12-10,2.73,2.72,2.73,2.7,179484.0,48704936.0,600512,-0.73,-0.02
2019-12-11,2.72,2.71,2.72,2.7,187302.0,50776536.0,600512,-0.37,-0.01
2019-12-12,2.7,2.69,2.72,2.69,148514.0,40054404.0,600512,-0.74,-0.02
2019-12-13,2.7,2.72,2.72,2.69,227748.0,61639276.0,600512,1.12,0.03
2019-12-16,2.72,2.74,2.74,2.7,281397.0,76591952.0,600512,0.74,0.02
2019-12-17,2.73,2.77,2.78,2.73,417977.0,115228008.0,600512,1.09,0.03
2019-12-18,2.77,2.76,2.79,2.75,348974.0,96614856.0,600512,-0.36,-0.01
2019-12-19,2.76,2.79,2.83,2.76,393867.0,110060896.0,600512,1.09,0.03
2019-12-20,2.79,2.76,2.81,2.76,290292.0,80811680.0,600512,-1.08,-0.03
2019-12-23,2.76,2.72,2.78,2.72,230184.0,63306216.0,600512,-1.45,-0.04
2019-12-24,2.72,2.73,2.74,2.71,278357.0,75853856.0,600512,0.37,0.01
2019-12-25,2.72,2.73,2.74,2.71,184014.0,50151760.0,600512,0.0,0.0
2019-12-26,2.72,2.76,2.76,2.72,186976.0,51334636.0,600512,1.1,0.03
2019-12-27,2.76,2.74,2.78,2.74,265169.0,73328432.0,600512,-0.72,-0.02
2019-12-30,2.74,2.78,2.78,2.72,301714.0,83223040.0,600512,1.46,0.04
2019-12-31,2.76,2.81,2.83,2.76,355806.0,99258152.0,600512,1.08,0.03
2020-01-02,2.83,2.83,2.85,2.81,519288.0,147114896.0,600512,0.71,0.02
2020-01-03,2.83,2.83,2.86,2.81,377003.0,106990344.0,600512,0.0,0.0
2020-01-06,2.81,2.85,2.89,2.8,463201.0,132112896.0,600512,0.71,0.02
2020-01-07,2.85,2.92,2.95,2.84,585097.0,169896160.0,600512,2.46,0.07
2020-01-08,2.91,2.84,2.91,2.83,572520.0,164422288.0,600512,-2.74,-0.08
2020-01-09,2.86,2.88,2.88,2.85,352479.0,101042144.0,600512,1.41,0.04
2020-01-10,2.89,2.85,2.89,2.84,234889.0,67192616.0,600512,-1.04,-0.03
2020-01-13,2.85,2.9,2.9,2.84,305490.0,87747368.0,600512,1.75,0.05
2020-01-14,2.9,2.89,2.93,2.88,322725.0,93633376.0,600512,-0.34,-0.01
2020-01-15,2.88,2.94,2.94,2.87,392682.0,114153840.0,600512,1.73,0.05
2020-01-16,2.93,2.9,2.94,2.88,304752.0,88591000.0,600512,-1.36,-0.04
2020-01-17,2.9,2.87,2.92,2.86,245701.0,71022016.0,600512,-1.03,-0.03
2020-01-20,2.86,2.87,2.88,2.85,210637.0,60275344.0,600512,0.0,0.0
2020-01-21,2.9,3.01,3.15,2.89,1165155.0,351551264.0,600512,4.88,0.14
2020-01-22,3.02,3.04,3.08,2.97,621761.0,189130224.0,600512,1.0,0.03
2020-01-23,3.04,2.94,3.06,2.89,650173.0,192118288.0,600512,-3.29,-0.1
2020-02-03,2.65,2.65,2.65,2.65,93589.0,24801084.0,600512,-9.86,-0.29
2020-02-04,2.45,2.62,2.64,2.45,594083.0,153540672.0,600512,-1.13,-0.03
2020-02-05,2.63,2.65,2.7,2.6,451016.0,119661968.0,600512,1.15,0.03
2020-02-06,2.65,2.68,2.69,2.62,469558.0,124480368.0,600512,1.13,0.03
2020-02-07,2.66,2.66,2.68,2.63,364604.0,96693432.0,600512,-0.75,-0.02
2020-02-10,2.65,2.73,2.76,2.62,435138.0,117416496.0,600512,2.63,0.07
2020-02-11,2.72,2.75,2.82,2.71,453201.0,125383392.0,600512,0.73,0.02
2020-02-12,2.74,2.77,2.78,2.73,318303.0,87707152.0,600512,0.73,0.02
2020-02-13,2.79,2.72,2.79,2.71,356137.0,97661360.0,600512,-1.81,-0.05
2020-02-14,2.71,2.75,2.77,2.7,291962.0,79992744.0,600512,1.1,0.03
2020-02-17,2.75,2.89,2.89,2.75,624859.0,177785056.0,600512,5.09,0.14
2020-02-18,2.89,2.9,2.91,2.85,456661.0,131397056.0,600512,0.35,0.01
2020-02-19,2.91,2.87,2.95,2.86,458503.0,133115712.0,600512,-1.03,-0.03
2020-02-20,2.87,2.92,2.92,2.83,511843.0,147413824.0,600512,1.74,0.05
2020-02-21,2.92,2.9,2.93,2.89,452207.0,131516304.0,600512,-0.68,-0.02
2020-02-24,2.91,2.92,2.92,2.86,461243.0,133372048.0,600512,0.69,0.02
2020-02-25,2.87,2.88,2.9,2.82,526935.0,150759056.0,600512,-1.37,-0.04
2020-02-26,2.85,3.17,3.17,2.83,1221523.0,378557664.0,600512,10.07,0.29
2020-02-27,3.46,3.31,3.49,3.27,3982061.0,1361173504.0,600512,4.42,0.14
2020-02-28,3.05,3.06,3.29,3.0,2272438.0,712693824.0,600512,-7.55,-0.25
2020-03-02,3.2,3.37,3.37,3.12,1102759.0,360086976.0,600512,10.13,0.31
2020-03-03,3.71,3.59,3.71,3.49,3665355.0,1329538944.0,600512,6.53,0.22
2020-03-04,3.41,3.95,3.95,3.41,3098738.0,1147509888.0,600512,10.03,0.36
2020-03-05,4.08,4.01,4.34,3.9,3494485.0,1443107456.0,600512,1.52,0.06
2020-03-06,3.9,3.92,4.14,3.82,2229946.0,884600064.0,600512,-2.24,-0.09
2020-03-09,3.73,3.56,3.81,3.54,1839183.0,668618176.0,600512,-9.18,-0.36
2020-03-10,3.5,3.74,3.78,3.48,1574957.0,579164608.0,600512,5.06,0.18
2020-03-11,3.75,3.6,3.79,3.57,1312386.0,478727360.0,600512,-3.74,-0.14
2020-03-12,3.53,3.48,3.54,3.42,944845.0,328238720.0,600512,-3.33,-0.12
2020-03-13,3.27,3.4,3.47,3.21,962259.0,322625760.0,600512,-2.3,-0.08
2020-03-16,3.46,3.33,3.57,3.31,962670.0,331886848.0,600512,-2.06,-0.07
2020-03-17,3.41,3.42,3.46,3.26,799319.0,269133088.0,600512,2.7,0.09
2020-03-18,3.48,3.43,3.65,3.41,1102422.0,387673248.0,600512,0.29,0.01
2020-03-19,3.38,3.46,3.49,3.3,798841.0,270448992.0,600512,0.87,0.03
2020-03-20,3.49,3.52,3.58,3.43,778029.0,272253952.0,600512,1.73,0.06
2020-03-23,3.38,3.22,3.41,3.21,772504.0,257736464.0,600512,-8.52,-0.3
2020-03-24,3.33,3.23,3.34,3.06,697465.0,223128416.0,600512,0.31,0.01
2020-03-25,3.3,3.27,3.32,3.2,589569.0,191844288.0,600512,1.24,0.04
2020-03-26,3.22,3.14,3.23,3.13,517834.0,164304960.0,600512,-3.98,-0.13
2020-03-27,3.19,3.23,3.31,3.15,763464.0,248128992.0,600512,2.87,0.09
2020-03-30,3.18,3.26,3.29,3.15,582291.0,188586144.0,600512,0.93,0.03
2020-03-31,3.33,3.28,3.33,3.24,550325.0,180417056.0,600512,0.61,0.02
2020-04-01,3.28,3.2,3.29,3.2,416688.0,135065344.0,600512,-2.44,-0.08
2020-04-02,3.17,3.26,3.27,3.16,362541.0,116363056.0,600512,1.87,0.06
2020-04-03,3.29,3.22,3.31,3.21,321665.0,104712352.0,600512,-1.23,-0.04
2020-04-07,3.29,3.29,3.31,3.24,488063.0,160236224.0,600512,2.17,0.07
2020-04-08,3.28,3.36,3.4,3.25,554151.0,183019088.0,600512,2.13,0.07
2020-04-09,3.35,3.33,3.44,3.33,522045.0,176102176.0,600512,-0.89,-0.03
2020-04-10,3.34,3.26,3.36,3.25,399477.0,131950752.0,600512,-2.1,-0.07
2020-04-13,3.24,3.3,3.33,3.23,280740.0,92434040.0,600512,1.23,0.04
2020-04-14,3.32,3.33,3.33,3.29,298535.0,98932072.0,600512,0.91,0.03
2020-04-15,3.34,3.29,3.34,3.29,274646.0,90833688.0,600512,-1.2,-0.04
2020-04-16,3.29,3.31,3.34,3.25,297020.0,97792280.0,600512,0.61,0.02
2020-04-17,3.32,3.64,3.64,3.3,1048451.0,366253216.0,600512,9.97,0.33
2020-04-20,3.83,3.75,3.97,3.71,2511421.0,960379072.0,600512,3.02,0.11
2020-04-21,3.72,3.96,4.03,3.65,2207690.0,848074944.0,600512,5.6,0.21
2020-04-22,3.8,3.83,3.91,3.76,1295064.0,497118304.0,600512,-3.28,-0.13
2020-04-23,3.83,3.74,3.95,3.67,1177339.0,447363488.0,600512,-2.35,-0.09
2020-04-24,3.68,3.53,3.7,3.47,1029426.0,367880352.0,600512,-5.61,-0.21
2020-04-27,3.48,3.44,3.56,3.43,584978.0,204412288.0,600512,-2.55,-0.09
2020-04-28,3.36,3.1,3.36,3.1,1246990.0,392898432.0,600512,-9.88,-0.34
2020-04-29,3.06,3.03,3.13,3.02,550397.0,168546864.0,600512,-2.26,-0.07
2020-04-30,3.05,3.07,3.09,3.04,385875.0,118385320.0,600512,1.32,0.04
2020-05-06,3.04,3.15,3.18,3.04,447225.0,140766464.0,600512,2.61,0.08
2020-05-07,3.15,3.25,3.36,3.11,716091.0,231954704.0,600512,3.17,0.1
2020-05-08,3.23,3.23,3.28,3.19,455920.0,147300688.0,600512,-0.62,-0.02
2020-05-11,3.21,3.24,3.3,3.21,394924.0,128123808.0,600512,0.31,0.01
2020-05-12,3.23,3.16,3.23,3.12,369354.0,116868024.0,600512,-2.47,-0.08
2020-05-13,3.15,3.18,3.24,3.11,306283.0,97193712.0,600512,0.63,0.02
2020-05-14,3.16,3.11,3.17,3.1,258879.0,81189056.0,600512,-2.2,-0.07
2020-05-15,3.15,3.13,3.18,3.12,219316.0,68957184.0,600512,0.64,0.02
2020-05-18,3.15,3.13,3.17,3.12,257542.0,80973064.0,600512,0.0,0.0
2020-05-19,3.15,3.16,3.19,3.11,326537.0,102790752.0,600512,0.96,0.03
2020-05-20,3.14,3.11,3.15,3.1,286383.0,89198192.0,600512,-1.58,-0.05
2020-05-21,3.11,3.05,3.12,3.04,288200.0,88458872.0,600512,-1.93,-0.06
2020-05-22,3.05,2.95,3.05,2.93,352224.0,105177064.0,600512,-3.28,-0.1
2020-05-25,2.92,2.88,2.95,2.87,246082.0,71455592.0,600512,-2.37,-0.07
2020-05-26,2.9,2.92,2.93,2.89,123666.0,36078152.0,600512,1.39,0.04
2020-05-27,2.9,2.82,2.91,2.81,239058.0,67920792.0,600512,-3.42,-0.1
2020-05-28,2.84,2.79,2.86,2.77,200440.0,56355800.0,600512,-1.06,-0.03
2020-05-29,2.78,2.78,2.81,2.76,151896.0,42334996.0,600512,-0.36,-0.01
2020-06-01,2.78,2.87,2.87,2.78,253913.0,72079640.0,600512,3.24,0.09
2020-06-02,2.87,2.89,2.91,2.86,213275.0,61567452.0,600512,0.7,0.02
2020-06-03,2.91,2.89,2.91,2.87,238495.0,68973456.0,600512,0.0,0.0
2020-06-04,2.9,2.86,2.9,2.85,179817.0,51594876.0,600512,-1.04,-0.03
2020-06-05,2.85,2.85,2.87,2.84,159037.0,45414428.0,600512,-0.35,-0.01
2020-06-08,2.86,2.85,2.88,2.84,144041.0,41140120.0,600512,0.0,0.0
2020-06-09,2.84,2.82,2.85,2.81,183885.0,51901232.0,600512,-1.05,-0.03
2020-06-10,2.83,2.84,2.84,2.79,188517.0,52972600.0,600512,0.71,0.02
2020-06-11,2.83,2.79,2.84,2.79,158970.0,44837868.0,600512,-1.76,-0.05
2020-06-12,2.76,2.76,2.77,2.72,242874.0,66677184.0,600512,-1.08,-0.03
2020-06-15,2.76,2.76,2.79,2.73,165761.0,45762520.0,600512,0.0,0.0
2020-06-16,2.76,2.85,2.86,2.76,293768.0,82923640.0,600512,3.26,0.09
2020-06-17,2.84,2.82,2.84,2.78,227226.0,63799836.0,600512,-1.05,-0.03
2020-06-18,2.82,2.82,2.84,2.79,147980.0,41649064.0,600512,0.0,0.0
2020-06-19,2.81,2.8,2.82,2.79,170743.0,47903072.0,600512,-0.71,-0.02
2020-06-22,2.81,2.81,2.83,2.8,152084.0,42758192.0,600512,0.36,0.01
2020-06-23,2.8,2.77,2.81,2.76,148403.0,41235648.0,600512,-1.42,-0.04
2020-06-24,2.77,2.74,2.78,2.72,191411.0,52434100.0,600512,-1.08,-0.03
2020-06-29,2.73,2.71,2.73,2.69,171255.0,46341116.0,600512,-1.09,-0.03
2020-06-30,2.72,2.73,2.73,2.71,132802.0,36151400.0,600512,0.74,0.02
2020-07-01,2.73,2.76,2.79,2.71,265884.0,73330864.0,600512,1.1,0.03
2020-07-02,2.76,2.82,2.82,2.75,312920.0,87512216.0,600512,2.17,0.06
2020-07-03,2.83,3.04,3.1,2.82,1289683.0,390255392.0,600512,7.8,0.22
2020-07-06,3.0,3.12,3.16,2.99,1167574.0,359474816.0,600512,2.63,0.08
2020-07-07,3.13,3.07,3.15,3.04,780839.0,241115904.0,600512,-1.6,-0.05
2020-07-08,3.05,3.18,3.25,3.04,857595.0,270130720.0,600512,3.58,0.11
2020-07-09,3.16,3.19,3.23,3.13,750770.0,237723552.0,600512,0.31,0.01
2020-07-10,3.17,3.09,3.19,3.06,593343.0,185535104.0,600512,-3.13,-0.1
2020-07-13,3.09,3.18,3.21,3.09,585622.0,185142256.0,600512,2.91,0.09
2020-07-14,3.18,3.24,3.25,3.13,760262.0,242926640.0,600512,1.89,0.06
2020-07-15,3.25,3.12,3.27,3.11,660386.0,209534624.0,600512,-3.7,-0.12
2020-07-16,3.12,2.98,3.15,2.95,511652.0,156464768.0,600512,-4.49,-0.14
2020-07-17,2.98,2.97,3.02,2.95,242555.0,72317472.0,600512,-0.34,-0.01
2020-07-20,3.0,3.07,3.09,2.99,304219.0,92730640.0,600512,3.37,0.1
2020-07-21,3.08,3.06,3.1,3.03,270841.0,82957528.0,600512,-0.33,-0.01
2020-07-22,3.05,3.05,3.1,3.03,288937.0,88624536.0,600512,-0.33,-0.01
2020-07-23,3.03,2.99,3.04,2.93,322618.0,96308920.0,600512,-1.97,-0.06
2020-07-24,2.98,2.9,3.03,2.85,317431.0,93207000.0,600512,-3.01,-0.09
2020-07-27,2.89,2.87,2.92,2.85,142828.0,41034944.0,600512,-1.03,-0.03
2020-07-28,2.89,2.89,2.9,2.87,131610.0,38014216.0,600512,0.7,0.02
2020-07-29,2.88,2.94,2.95,2.85,210760.0,61299508.0,600512,1.73,0.05
2020-07-30,2.94,2.92,2.97,2.91,201929.0,59250252.0,600512,-0.68,-0.02
2020-07-31,2.92,2.95,2.97,2.91,250407.0,73476104.0,600512,1.03,0.03
2020-08-03,2.95,3.01,3.01,2.95,330224.0,98558840.0,600512,2.03,0.06
2020-08-04,3.01,3.07,3.15,2.97,540808.0,164487168.0,600512,1.99,0.06
2020-08-05,3.04,3.02,3.06,2.98,337821.0,101681616.0,600512,-1.63,-0.05
2020-08-06,3.02,2.99,3.02,2.96,207771.0,62058164.0,600512,-0.99,-0.03
2020-08-07,2.98,2.95,2.99,2.91,218912.0,64469328.0,600512,-1.34,-0.04
2020-08-10,2.95,3.02,3.05,2.92,332308.0,99987824.0,600512,2.37,0.07
2020-08-11,3.02,2.95,3.04,2.93,245733.0,73485088.0,600512,-2.32,-0.07
2020-08-12,2.93,2.95,2.97,2.91,247520.0,72763744.0,600512,0.0,0.0
2020-08-13,2.97,2.96,2.99,2.95,225055.0,66804276.0,600512,0.34,0.01
2020-08-14,2.96,2.96,2.97,2.92,182545.0,53803736.0,600512,0.0,0.0
2020-08-17,2.97,2.99,3.0,2.95,287319.0,85607368.0,600512,1.01,0.03
2020-08-18,2.99,3.01,3.06,2.97,346570.0,104387168.0,600512,0.67,0.02
2020-08-19,3.01,2.98,3.03,2.96,259921.0,77722504.0,600512,-1.0,-0.03
2020-08-20,2.97,3.0,3.03,2.96,257697.0,77062216.0,600512,0.67,0.02
2020-08-21,2.99,3.0,3.02,2.98,230092.0,68975168.0,600512,0.0,0.0
2020-08-24,3.05,3.04,3.09,3.02,413281.0,125940256.0,600512,1.33,0.04
2020-08-25,3.04,3.02,3.06,3.0,247324.0,74903384.0,600512,-0.66,-0.02
2020-08-26,3.02,3.0,3.05,2.99,290274.0,87673528.0,600512,-0.66,-0.02
2020-08-27,3.0,3.05,3.06,2.98,308324.0,93578344.0,600512,1.67,0.05
2020-08-28,3.04,3.11,3.14,3.02,616925.0,190753440.0,600512,1.97,0.06
2020-08-31,3.11,3.08,3.16,3.06,451081.0,140347184.0,600512,-0.96,-0.03
2020-09-01,3.07,3.08,3.08,3.03,243515.0,74379800.0,600512,0.0,0.0
2020-09-02,3.07,3.1,3.12,3.04,296805.0,91343624.0,600512,0.65,0.02
2020-09-03,3.11,3.16,3.19,3.09,616177.0,194042496.0,600512,1.94,0.06
2020-09-04,3.1,3.12,3.13,3.08,332763.0,103495696.0,600512,-1.27,-0.04
2020-09-07,3.11,3.12,3.18,3.1,431787.0,135761600.0,600512,0.0,0.0
2020-09-08,3.14,3.26,3.27,3.11,752882.0,241322848.0,600512,4.49,0.14
2020-09-09,3.22,3.21,3.37,3.2,977442.0,321598272.0,600512,-1.53,-0.05
2020-09-10,3.27,3.11,3.31,3.08,739974.0,235525952.0,600512,-3.12,-0.1
2020-09-11,3.08,3.08,3.11,3.03,433137.0,132740752.0,600512,-0.96,-0.03
2020-09-14,3.11,3.07,3.12,3.05,327718.0,100877656.0,600512,-0.32,-0.01
2020-09-15,3.06,3.07,3.08,3.03,241625.0,73828592.0,600512,0.0,0.0
2020-09-16,3.06,3.04,3.07,3.02,189349.0,57608348.0,600512,-0.98,-0.03
2020-09-17,3.03,3.0,3.04,2.97,276940.0,83079640.0,600512,-1.32,-0.04
2020-09-18,2.99,3.06,3.07,2.99,284716.0,86474992.0,600512,2.0,0.06
2020-09-21,3.08,3.03,3.08,3.02,164420.0,49974216.0,600512,-0.98,-0.03
2020-09-22,3.01,2.99,3.02,2.98,169032.0,50666076.0,600512,-1.32,-0.04
2020-09-23,2.99,3.01,3.02,2.98,156644.0,46942972.0,600512,0.67,0.02
2020-09-24,2.99,2.93,2.99,2.92,187665.0,55330908.0,600512,-2.66,-0.08
2020-09-25,2.94,2.91,2.95,2.88,120478.0,35056788.0,600512,-0.68,-0.02
2020-09-28,2.91,2.91,2.93,2.9,99742.0,29037796.0,600512,0.0,0.0
2020-09-29,2.92,2.9,2.94,2.9,112644.0,32880740.0,600512,-0.34,-0.01
2020-09-30,2.91,2.91,2.93,2.89,111010.0,32306012.0,600512,0.34,0.01
2020-10-09,2.93,2.97,2.98,2.93,108510.0,32109898.0,600512,2.06,0.06
2020-10-12,2.98,3.02,3.03,2.97,183281.0,55136128.0,600512,1.68,0.05
2020-10-13,3.02,3.02,3.02,2.99,95539.0,28694540.0,600512,0.0,0.0
2020-10-14,3.01,2.97,3.01,2.96,133281.0,39726928.0,600512,-1.66,-0.05
2020-10-15,2.98,2.98,3.01,2.96,109437.0,32687140.0,600512,0.34,0.01
2020-10-16,2.98,2.99,2.99,2.97,81073.0,24165300.0,600512,0.34,0.01
2020-10-19,3.0,2.99,3.03,2.98,123905.0,37230524.0,600512,0.0,0.0
2020-10-20,2.99,3.0,3.0,2.96,77343.0,23037498.0,600512,0.33,0.01
2020-10-21,3.0,2.96,3.0,2.95,78073.0,23154312.0,600512,-1.33,-0.04
2020-10-22,2.95,2.94,2.96,2.94,86301.0,25435108.0,600512,-0.68,-0.02
2020-10-23,2.94,2.93,2.96,2.92,70353.0,20694964.0,600512,-0.34,-0.01
2020-10-26,2.93,2.91,2.93,2.9,82382.0,24021232.0,600512,-0.68,-0.02
2020-10-27,2.9,2.9,2.91,2.88,77518.0,22443608.0,600512,-0.34,-0.01
2020-10-28,2.92,2.99,3.01,2.92,285710.0,85106808.0,600512,3.1,0.09
2020-10-29,2.97,2.99,3.03,2.95,199044.0,59701656.0,600512,0.0,0.0
2020-10-30,3.0,2.92,3.01,2.9,169492.0,50159012.0,600512,-2.34,-0.07
2020-11-02,2.92,2.93,2.94,2.91,139681.0,40891064.0,600512,0.34,0.01
2020-11-03,2.93,2.98,2.99,2.93,133352.0,39613068.0,600512,1.71,0.05
2020-11-04,2.99,2.98,3.0,2.96,96888.0,28843754.0,600512,0.0,0.0
2020-11-05,2.99,3.01,3.02,2.98,196191.0,58947320.0,600512,1.01,0.03
2020-11-06,3.02,3.04,3.06,2.97,272385.0,82082752.0,600512,1.0,0.03
2020-11-09,3.02,3.05,3.07,3.02,371891.0,113426048.0,600512,0.33,0.01
2020-11-10,3.06,3.01,3.07,2.99,220537.0,66885924.0,600512,-1.31,-0.04
2020-11-11,3.02,3.07,3.13,3.0,524602.0,161112304.0,600512,1.99,0.06
2020-11-12,3.06,3.08,3.1,3.05,290277.0,89214560.0,600512,0.33,0.01
2020-11-13,3.06,3.03,3.07,3.01,253279.0,76860032.0,600512,-1.62,-0.05
2020-11-16,3.03,3.13,3.18,3.02,529432.0,164284384.0,600512,3.3,0.1
2020-11-17,3.12,3.13,3.18,3.09,397344.0,124252104.0,600512,0.0,0.0
2020-11-18,3.13,3.14,3.17,3.1,321313.0,100886040.0,600512,0.32,0.01
2020-11-19,3.13,3.14,3.18,3.12,303158.0,95448192.0,600512,0.0,0.0
2020-11-20,3.13,3.16,3.18,3.1,354934.0,111518208.0,600512,0.64,0.02
2020-11-23,3.16,3.2,3.22,3.15,419886.0,134103584.0,600512,1.27,0.04
2020-11-24,3.2,3.16,3.2,3.15,287895.0,91328880.0,600512,-1.25,-0.04
2020-11-25,3.17,3.09,3.19,3.08,350306.0,109767984.0,600512,-2.22,-0.07
2020-11-26,3.09,3.1,3.11,3.07,207521.0,64152712.0,600512,0.32,0.01
2020-11-27,3.09,3.1,3.11,3.06,186239.0,57482848.0,600512,0.0,0.0
2020-11-30,3.11,3.1,3.17,3.09,285194.0,89287040.0,600512,0.0,0.0
2020-12-01,3.09,3.13,3.14,3.07,223301.0,69380280.0,600512,0.97,0.03
2020-12-02,3.13,3.13,3.15,3.1,191907.0,59998512.0,600512,0.0,0.0
2020-12-03,3.14,3.1,3.14,3.09,177236.0,55122460.0,600512,-0.96,-0.03
2020-12-04,3.1,3.07,3.1,3.07,132097.0,40707604.0,600512,-0.97,-0.03
2020-12-07,3.07,3.05,3.08,3.04,131692.0,40269624.0,600512,-0.65,-0.02
2020-12-08,3.06,3.06,3.09,3.05,107274.0,32881718.0,600512,0.33,0.01
2020-12-09,3.06,2.99,3.07,2.98,204058.0,61652532.0,600512,-2.29,-0.07
2020-12-10,2.98,3.0,3.01,2.97,111071.0,33223502.0,600512,0.33,0.01
2020-12-11,3.0,2.94,3.01,2.91,176594.0,52024744.0,600512,-2.0,-0.06
2020-12-14,2.94,2.96,2.96,2.92,109569.0,32239358.0,600512,0.68,0.02
2020-12-15,2.96,2.95,2.96,2.93,80452.0,23710190.0,600512,-0.34,-0.01
2020-12-16,2.96,2.93,2.96,2.9,156136.0,45605168.0,600512,-0.68,-0.02
2020-12-17,2.91,2.95,2.96,2.88,155467.0,45470536.0,600512,0.68,0.02
2020-12-18,2.95,2.96,3.0,2.94,154817.0,45926112.0,600512,0.34,0.01
2020-12-21,2.95,2.97,2.97,2.92,142215.0,41956664.0,600512,0.34,0.01
2020-12-22,2.95,2.91,2.96,2.89,178264.0,52200076.0,600512,-2.02,-0.06
2020-12-23,2.91,2.91,2.93,2.89,132738.0,38622164.0,600512,0.0,0.0
2020-12-24,2.9,2.89,2.92,2.88,133950.0,38789800.0,600512,-0.69,-0.02
2020-12-25,2.88,2.91,2.92,2.88,103486.0,30039260.0,600512,0.69,0.02
2020-12-28,2.91,2.92,2.94,2.9,125311.0,36573944.0,600512,0.34,0.01
2020-12-29,2.92,2.93,2.95,2.91,125432.0,36760936.0,600512,0.34,0.01
2020-12-30,2.94,2.96,2.96,2.93,142068.0,41868044.0,600512,1.02,0.03
2020-12-31,2.96,2.96,2.98,2.94,150564.0,44516504.0,600512,0.0,0.0
2021-01-04,2.95,2.95,2.96,2.93,161601.0,47590592.0,600512,-0.34,-0.01
2021-01-05,2.94,2.93,2.95,2.9,193948.0,56708536.0,600512,-0.68,-0.02
2021-01-06,2.92,2.91,2.95,2.9,187014.0,54623064.0,600512,-0.68,-0.02
2021-01-07,2.91,2.83,2.92,2.82,265296.0,76263944.0,600512,-2.75,-0.08
2021-01-08,2.83,2.84,2.85,2.77,155542.0,43908952.0,600512,0.35,0.01
2021-01-11,2.83,2.78,2.84,2.77,145941.0,40918908.0,600512,-2.11,-0.06
2021-01-12,2.79,2.83,2.86,2.78,133120.0,37670336.0,600512,1.8,0.05
2021-01-13,2.83,2.86,2.89,2.8,184750.0,52620904.0,600512,1.06,0.03
2021-01-14,2.85,2.86,2.88,2.82,152842.0,43708960.0,600512,0.0,0.0
2021-01-15,2.85,2.86,2.89,2.85,119639.0,34261148.0,600512,0.0,0.0
2021-01-18,2.86,2.87,2.89,2.85,110640.0,31799544.0,600512,0.35,0.01
2021-01-19,2.86,2.9,2.92,2.86,148465.0,42867924.0,600512,1.05,0.03
2021-01-20,2.89,2.87,2.91,2.87,84046.0,24244396.0,600512,-1.03,-0.03
2021-01-21,2.88,2.88,2.9,2.86,110663.0,31909044.0,600512,0.35,0.01
2021-01-22,2.87,2.81,2.87,2.8,120860.0,34167428.0,600512,-2.43,-0.07
2021-01-25,2.8,2.73,2.82,2.72,204425.0,56289052.0,600512,-2.85,-0.08
2021-01-26,2.7,2.74,2.75,2.7,122889.0,33523780.0,600512,0.37,0.01
2021-01-27,2.73,2.72,2.74,2.71,93030.0,25330316.0,600512,-0.73,-0.02
2021-01-28,2.7,2.7,2.73,2.69,102796.0,27880528.0,600512,-0.74,-0.02
2021-01-29,2.69,2.57,2.69,2.53,283045.0,73287400.0,600512,-4.81,-0.13
2021-02-01,2.55,2.55,2.62,2.55,142481.0,36765424.0,600512,-0.78,-0.02
2021-02-02,2.57,2.61,2.7,2.56,212621.0,55935224.0,600512,2.35,0.06
2021-02-03,2.6,2.55,2.6,2.54,121783.0,31241020.0,600512,-2.3,-0.06
2021-02-04,2.54,2.48,2.55,2.48,152343.0,38132056.0,600512,-2.75,-0.07
2021-02-05,2.5,2.48,2.52,2.46,110198.0,27383396.0,600512,0.0,0.0
2021-02-08,2.48,2.47,2.5,2.45,99846.0,24720272.0,600512,-0.4,-0.01
2021-02-09,2.49,2.52,2.53,2.47,106012.0,26473878.0,600512,2.02,0.05
2021-02-10,2.52,2.52,2.53,2.5,91016.0,22940808.0,600512,0.0,0.0
2021-02-18,2.54,2.58,2.58,2.53,126102.0,32341348.0,600512,2.38,0.06
2021-02-19,2.58,2.68,2.68,2.57,163196.0,43089280.0,600512,3.88,0.1
2021-02-22,2.69,2.71,2.78,2.68,249408.0,68185824.0,600512,1.12,0.03
2021-02-23,2.72,2.71,2.74,2.69,131121.0,35607168.0,600512,0.0,0.0
2021-02-24,2.71,2.71,2.73,2.69,129199.0,35055132.0,600512,0.0,0.0
2021-02-25,2.74,2.73,2.78,2.71,164939.0,45290236.0,600512,0.74,0.02
2021-02-26,2.71,2.7,2.73,2.69,121515.0,32902482.0,600512,-1.1,-0.03
2021-03-01,2.73,2.78,2.79,2.71,180134.0,49586136.0,600512,2.96,0.08
2021-03-02,2.76,2.74,2.79,2.73,104520.0,28823692.0,600512,-1.44,-0.04
2021-03-03,2.74,2.77,2.77,2.74,104935.0,28934896.0,600512,1.09,0.03
2021-03-04,2.76,2.78,2.8,2.75,162115.0,45178208.0,600512,0.36,0.01
2021-03-05,2.78,2.82,2.85,2.78,149373.0,42103468.0,600512,1.44,0.04
2021-03-08,2.83,2.83,2.89,2.82,224255.0,63848048.0,600512,0.35,0.01
2021-03-09,2.84,2.78,2.84,2.71,224062.0,62351656.0,600512,-1.77,-0.05
2021-03-10,2.77,2.74,2.81,2.72,129170.0,35771352.0,600512,-1.44,-0.04
2021-03-11,2.73,2.79,2.79,2.73,134112.0,37171400.0,600512,1.82,0.05
2021-03-12,2.78,2.82,2.82,2.74,145044.0,40543228.0,600512,1.08,0.03
2021-03-15,2.8,2.83,2.84,2.8,144447.0,40817340.0,600512,0.35,0.01
2021-03-16,2.83,2.84,2.85,2.81,117890.0,33377872.0,600512,0.35,0.01
2021-03-17,2.83,2.8,2.84,2.78,133833.0,37585592.0,600512,-1.41,-0.04
2021-03-18,2.8,2.78,2.81,2.77,117424.0,32688578.0,600512,-0.71,-0.02
2021-03-19,2.78,2.78,2.8,2.75,109355.0,30345456.0,600512,0.0,0.0
2021-03-22,2.77,2.81,2.81,2.76,129195.0,36098832.0,600512,1.08,0.03
2021-03-23,2.82,2.76,2.82,2.74,138484.0,38337108.0,600512,-1.78,-0.05
2021-03-24,2.77,2.73,2.78,2.72,121342.0,33401814.0,600512,-1.09,-0.03
2021-03-25,2.74,2.68,2.76,2.66,157976.0,42763600.0,600512,-1.83,-0.05
2021-03-26,2.68,2.7,2.71,2.67,93552.0,25217680.0,600512,0.75,0.02
2021-03-29,2.71,2.77,2.77,2.7,156488.0,42983908.0,600512,2.59,0.07
2021-03-30,2.75,2.75,2.79,2.72,130595.0,35856624.0,600512,-0.72,-0.02
2021-03-31,2.73,2.81,2.84,2.72,272790.0,76175224.0,600512,2.18,0.06
2021-04-01,2.8,2.78,2.81,2.76,189703.0,52726600.0,600512,-1.07,-0.03
2021-04-02,2.78,2.73,2.78,2.72,146522.0,40145816.0,600512,-1.8,-0.05
2021-04-06,2.73,2.76,2.77,2.71,149934.0,41040152.0,600512,1.1,0.03
2021-04-07,2.76,2.78,2.8,2.75,136761.0,37910440.0,600512,0.72,0.02
2021-04-08,2.77,2.74,2.78,2.74,121026.0,33334116.0,600512,-1.44,-0.04
2021-04-09,2.74,2.73,2.75,2.71,96251.0,26258994.0,600512,-0.36,-0.01
2021-04-12,2.72,2.72,2.75,2.72,98523.0,26872872.0,600512,-0.37,-0.01
2021-04-13,2.72,2.66,2.73,2.65,145255.0,39047856.0,600512,-2.21,-0.06
2021-04-14,2.66,2.7,2.73,2.65,137727.0,37049336.0,600512,1.5,0.04
2021-04-15,2.72,2.71,2.72,2.69,120018.0,32467176.0,600512,0.37,0.01
2021-04-16,2.74,2.78,2.79,2.73,235770.0,65154144.0,600512,2.58,0.07
2021-04-19,2.79,2.78,2.81,2.77,185695.0,51794168.0,600512,0.0,0.0
2021-04-20,2.79,2.77,2.8,2.77,124778.0,34779468.0,600512,-0.36,-0.01
2021-04-21,2.77,2.76,2.78,2.74,95589.0,26378804.0,600512,-0.36,-0.01
2021-04-22,2.75,2.75,2.77,2.74,96978.0,26728642.0,600512,-0.36,-0.01
2021-04-23,2.75,2.71,2.75,2.69,120788.0,32782976.0,600512,-1.45,-0.04
2021-04-26,2.7,2.69,2.71,2.67,78404.0,21143272.0,600512,-0.74,-0.02
2021-04-27,2.68,2.69,2.7,2.66,88213.0,23615508.0,600512,0.0,0.0
2021-04-28,2.96,2.96,2.96,2.96,303272.0,89768736.0,600512,10.04,0.27
2021-04-29,3.17,2.97,3.17,2.95,1326271.0,403015072.0,600512,0.34,0.01
2021-04-30,2.98,3.05,3.17,2.94,1115955.0,343114112.0,600512,2.69,0.08
2021-05-06,3.05,3.05,3.1,3.02,615947.0,188128832.0,600512,0.0,0.0
2021-05-07,3.06,3.1,3.13,3.04,589450.0,182153904.0,600512,1.64,0.05
2021-05-10,3.12,3.11,3.13,3.05,464857.0,143297312.0,600512,0.32,0.01
2021-05-11,3.08,3.08,3.14,3.04,444583.0,137095168.0,600512,-0.96,-0.03
2021-05-12,3.07,3.11,3.12,3.06,361190.0,111662528.0,600512,0.97,0.03
2021-05-13,3.09,3.06,3.11,3.04,342758.0,105429992.0,600512,-1.61,-0.05
2021-05-14,3.08,3.1,3.11,3.06,338431.0,104453224.0,600512,1.31,0.04
2021-05-17,3.1,3.11,3.15,3.09,366093.0,114056016.0,600512,0.32,0.01
2021-05-18,3.1,3.12,3.12,3.06,258417.0,80000024.0,600512,0.32,0.01
2021-05-19,3.12,3.07,3.12,3.07,187851.0,58042980.0,600512,-1.6,-0.05
2021-05-20,3.07,3.07,3.1,3.05,225648.0,69330024.0,600512,0.0,0.0
2021-05-21,3.06,3.07,3.08,3.04,201098.0,61599600.0,600512,0.0,0.0
2021-05-24,3.06,3.07,3.1,3.05,194946.0,59884924.0,600512,0.0,0.0
2021-05-25,3.06,3.08,3.1,3.04,239253.0,73526232.0,600512,0.33,0.01
2021-05-26,3.08,3.1,3.1,3.07,245042.0,75710632.0,600512,0.65,0.02
2021-05-27,3.11,3.2,3.32,3.1,987022.0,318201056.0,600512,3.23,0.1
2021-05-28,3.19,3.15,3.28,3.13,415932.0,132059792.0,600512,-1.56,-0.05
2021-05-31,3.15,3.13,3.16,3.11,270447.0,84564216.0,600512,-0.63,-0.02
2021-06-01,3.14,3.15,3.16,3.09,229641.0,71919888.0,600512,0.64,0.02
2021-06-02,3.13,3.13,3.15,3.11,201427.0,63034276.0,600512,-0.63,-0.02
2021-06-03,3.11,3.14,3.19,3.11,259705.0,82113592.0,600512,0.32,0.01
2021-06-04,3.15,3.19,3.22,3.14,332914.0,106185536.0,600512,1.59,0.05
2021-06-07,3.21,3.14,3.22,3.13,272702.0,86458448.0,600512,-1.57,-0.05
2021-06-08,3.15,3.16,3.18,3.12,195981.0,61648916.0,600512,0.64,0.02
2021-06-09,3.17,3.15,3.17,3.13,135963.0,42841036.0,600512,-0.32,-0.01
2021-06-10,3.16,3.14,3.16,3.12,133346.0,41852912.0,600512,-0.32,-0.01
2021-06-11,3.18,3.15,3.24,3.15,321923.0,102846304.0,600512,0.32,0.01
2021-06-15,3.15,3.04,3.15,3.03,357832.0,110593400.0,600512,-3.49,-0.11
2021-06-16,3.04,3.08,3.14,3.03,282343.0,87333424.0,600512,1.32,0.04
2021-06-17,3.07,3.07,3.11,3.05,162243.0,49911492.0,600512,-0.32,-0.01
2021-06-18,3.07,3.11,3.13,3.06,155728.0,48189400.0,600512,1.3,0.04
2021-06-21,3.1,3.11,3.13,3.08,147892.0,46030448.0,600512,0.0,0.0
2021-06-22,3.12,3.15,3.19,3.11,219583.0,69207896.0,600512,1.29,0.04
2021-06-23,3.15,3.13,3.16,3.12,157323.0,49256116.0,600512,-0.63,-0.02
2021-06-24,3.13,3.17,3.18,3.12,230386.0,72751936.0,600512,1.28,0.04
2021-06-25,3.17,3.17,3.19,3.15,168332.0,53240816.0,600512,0.0,0.0
2021-06-28,3.17,3.14,3.18,3.13,170030.0,53550568.0,600512,-0.95,-0.03
2021-06-29,3.1,3.1,3.13,3.08,188209.0,58398608.0,600512,-1.27,-0.04
2021-06-30,3.11,3.04,3.11,3.03,181792.0,55674968.0,600512,-1.94,-0.06
2021-07-01,3.04,3.03,3.08,3.02,166163.0,50769520.0,600512,-0.33,-0.01
2021-07-02,3.04,3.02,3.06,3.01,115956.0,35130752.0,600512,-0.33,-0.01
2021-07-05,3.05,3.03,3.05,3.01,163058.0,49432176.0,600512,0.33,0.01
2021-07-06,3.03,3.08,3.09,3.02,177029.0,54165524.0,600512,1.65,0.05
2021-07-07,3.08,3.07,3.1,3.06,132984.0,40866700.0,600512,-0.32,-0.01
2021-07-08,3.08,3.03,3.09,3.02,173375.0,52824032.0,600512,-1.3,-0.04
2021-07-09,3.02,3.05,3.05,3.02,121000.0,36738732.0,600512,0.66,0.02
2021-07-12,3.06,3.07,3.1,3.05,227514.0,70114240.0,600512,0.66,0.02
2021-07-13,3.09,3.14,3.16,3.07,399894.0,125170040.0,600512,2.28,0.07
2021-07-14,3.14,3.13,3.19,3.11,314418.0,99167280.0,600512,-0.32,-0.01
2021-07-15,3.14,3.17,3.18,3.12,236057.0,74296072.0,600512,1.28,0.04
2021-07-16,3.17,3.15,3.18,3.13,208522.0,65771216.0,600512,-0.63,-0.02
2021-07-19,3.16,3.15,3.23,3.12,234626.0,74126832.0,600512,0.0,0.0
2021-07-20,3.13,3.2,3.23,3.11,386417.0,122554352.0,600512,1.59,0.05
2021-07-21,3.2,3.16,3.23,3.14,272157.0,86391432.0,600512,-1.25,-0.04
2021-07-22,3.14,3.18,3.2,3.14,198615.0,63072808.0,600512,0.63,0.02
2021-07-23,3.18,3.26,3.3,3.15,608152.0,198000272.0,600512,2.52,0.08
2021-07-26,3.27,3.28,3.32,3.21,431651.0,140559504.0,600512,0.61,0.02
2021-07-27,3.25,3.13,3.28,3.1,453633.0,145081104.0,600512,-4.57,-0.15
2021-07-28,3.12,3.02,3.14,3.0,436394.0,132979784.0,600512,-3.51,-0.11
2021-07-29,3.05,3.03,3.06,3.02,215971.0,65619560.0,600512,0.33,0.01
2021-07-30,3.02,3.08,3.09,2.99,263933.0,80462840.0,600512,1.65,0.05
2021-08-02,3.06,3.15,3.16,3.04,370664.0,115358656.0,600512,2.27,0.07
2021-08-03,3.15,3.47,3.47,3.14,1399371.0,477177344.0,600512,10.16,0.32
2021-08-04,3.54,3.57,3.61,3.41,1824712.0,639254976.0,600512,2.88,0.1
2021-08-05,3.55,3.5,3.58,3.47,863965.0,302590880.0,600512,-1.96,-0.07
2021-08-06,3.46,3.42,3.48,3.39,576968.0,197655408.0,600512,-2.29,-0.08
2021-08-09,3.4,3.36,3.43,3.36,391084.0,132475704.0,600512,-1.75,-0.06
2021-08-10,3.37,3.38,3.42,3.35,358158.0,121023504.0,600512,0.6,0.02
2021-08-11,3.38,3.4,3.44,3.35,403550.0,137074752.0,600512,0.59,0.02
2021-08-12,3.41,3.38,3.42,3.35,350555.0,118637616.0,600512,-0.59,-0.02
2021-08-13,3.36,3.31,3.38,3.31,361574.0,120460656.0,600512,-2.07,-0.07
2021-08-16,3.31,3.39,3.4,3.31,320188.0,107958272.0,600512,2.42,0.08
2021-08-17,3.39,3.31,3.43,3.3,383445.0,129051856.0,600512,-2.36,-0.08
2021-08-18,3.31,3.48,3.58,3.3,775165.0,269346144.0,600512,5.14,0.17
2021-08-19,3.51,3.43,3.52,3.41,426120.0,146983104.0,600512,-1.44,-0.05
2021-08-20,3.4,3.44,3.46,3.38,322760.0,110274640.0,600512,0.29,0.01
2021-08-23,3.45,3.53,3.55,3.42,619523.0,216187952.0,600512,2.62,0.09
2021-08-24,3.53,3.5,3.6,3.47,480321.0,168528352.0,600512,-0.85,-0.03
2021-08-25,3.51,3.42,3.67,3.42,1012685.0,355432928.0,600512,-2.29,-0.08
2021-08-26,3.43,3.46,3.59,3.41,827076.0,288981312.0,600512,1.17,0.04
2021-08-27,3.43,3.47,3.49,3.42,369389.0,127545000.0,600512,0.29,0.01
2021-08-30,3.48,3.35,3.48,3.34,546602.0,184988688.0,600512,-3.46,-0.12
2021-08-31,3.34,3.56,3.65,3.34,1135268.0,401976768.0,600512,6.27,0.21
2021-09-01,3.56,3.58,3.71,3.54,949565.0,343483328.0,600512,0.56,0.02
2021-09-02,3.57,3.73,3.78,3.56,1019696.0,375866208.0,600512,4.19,0.15
2021-09-03,3.72,3.62,3.72,3.6,729175.0,265895568.0,600512,-2.95,-0.11
2021-09-06,3.63,3.65,3.7,3.61,489613.0,178536176.0,600512,0.83,0.03
2021-09-07,3.64,3.66,3.69,3.62,535938.0,196100032.0,600512,0.27,0.01
2021-09-08,3.66,3.74,3.77,3.65,607081.0,225552528.0,600512,2.19,0.08
2021-09-09,3.73,3.78,3.83,3.71,592694.0,223511088.0,600512,1.07,0.04
2021-09-10,3.77,3.68,3.9,3.66,761599.0,287391488.0,600512,-2.65,-0.1
2021-09-13,3.67,3.8,3.82,3.66,644205.0,242839504.0,600512,3.26,0.12
2021-09-14,3.8,3.64,3.82,3.62,654982.0,240812992.0,600512,-4.21,-0.16
2021-09-15,3.63,3.64,3.69,3.58,421197.0,153176528.0,600512,0.0,0.0
2021-09-16,3.64,3.64,3.78,3.63,579980.0,214869760.0,600512,0.0,0.0
2021-09-17,3.63,3.57,3.68,3.47,493676.0,177259024.0,600512,-1.92,-0.07
2021-09-22,3.47,3.73,3.74,3.47,586069.0,213868048.0,600512,4.48,0.16
2021-09-23,3.74,3.76,3.79,3.69,442075.0,165365184.0,600512,0.8,0.03
2021-09-24,3.76,3.55,3.76,3.54,529984.0,192345456.0,600512,-5.59,-0.21
2021-09-27,3.55,3.33,3.58,3.28,590715.0,200478208.0,600512,-6.2,-0.22
2021-09-28,3.37,3.35,3.37,3.27,280368.0,93269944.0,600512,0.6,0.02
2021-09-29,3.31,3.2,3.34,3.19,358412.0,116584464.0,600512,-4.48,-0.15
2021-09-30,3.2,3.23,3.26,3.2,233794.0,75356704.0,600512,0.94,0.03
2021-10-08,3.27,3.27,3.32,3.24,206172.0,67547632.0,600512,1.24,0.04
2021-10-11,3.27,3.23,3.28,3.22,193525.0,62575696.0,600512,-1.22,-0.04
2021-10-12,3.23,3.11,3.23,3.08,317061.0,99449536.0,600512,-3.72,-0.12
2021-10-13,3.12,3.11,3.12,3.04,251295.0,77436312.0,600512,0.0,0.0
2021-10-14,3.12,3.08,3.12,3.07,198837.0,61515928.0,600512,-0.96,-0.03
2021-10-15,3.09,3.05,3.1,3.03,243836.0,74780464.0,600512,-0.97,-0.03
2021-10-18,3.04,3.12,3.12,3.03,228328.0,70461832.0,600512,2.3,0.07
2021-10-19,3.11,3.08,3.11,3.07,220073.0,67944464.0,600512,-1.28,-0.04
2021-10-20,3.08,3.07,3.09,3.05,159126.0,48762148.0,600512,-0.32,-0.01
2021-10-21,3.06,3.08,3.1,3.05,158450.0,48652472.0,600512,0.33,0.01
2021-10-22,3.07,2.98,3.09,2.98,376643.0,113844816.0,600512,-3.25,-0.1
2021-10-25,2.97,2.98,2.99,2.95,149095.0,44378416.0,600512,0.0,0.0
2021-10-26,2.98,2.97,3.0,2.96,174985.0,52059752.0,600512,-0.34,-0.01
2021-10-27,2.97,2.86,2.97,2.84,278972.0,80338552.0,600512,-3.7,-0.11
2021-10-28,2.95,2.94,2.98,2.91,366199.0,107710648.0,600512,2.8,0.08
2021-10-29,2.95,3.07,3.08,2.89,384509.0,115094240.0,600512,4.42,0.13
2021-11-01,3.05,3.04,3.08,3.02,279524.0,85174136.0,600512,-0.98,-0.03
2021-11-02,3.04,2.95,3.05,2.9,272994.0,81020064.0,600512,-2.96,-0.09
2021-11-03,2.95,2.99,3.01,2.94,166618.0,49469648.0,600512,1.36,0.04
2021-11-04,2.99,3.04,3.07,2.98,192303.0,58453560.0,600512,1.67,0.05
2021-11-05,3.04,3.02,3.06,3.0,186743.0,56600848.0,600512,-0.66,-0.02
2021-11-08,3.03,3.02,3.03,3.0,120260.0,36269148.0,600512,0.0,0.0
2021-11-09,3.01,3.04,3.05,3.01,104291.0,31584784.0,600512,0.66,0.02
2021-11-10,3.04,3.06,3.07,3.02,185434.0,56519536.0,600512,0.66,0.02
2021-11-11,3.05,3.14,3.15,3.05,316163.0,98485056.0,600512,2.61,0.08
2021-11-12,3.13,3.11,3.16,3.1,181149.0,56561660.0,600512,-0.96,-0.03
2021-11-15,3.11,3.13,3.15,3.1,166698.0,52146600.0,600512,0.64,0.02
2021-11-16,3.13,3.04,3.14,3.04,269703.0,82968200.0,600512,-2.88,-0.09
2021-11-17,3.04,3.08,3.09,3.0,147140.0,44989792.0,600512,1.32,0.04
2021-11-18,3.07,3.04,3.08,3.02,182460.0,55626632.0,600512,-1.3,-0.04
2021-11-19,3.04,3.07,3.07,3.01,129004.0,39267796.0,600512,0.99,0.03
2021-11-22,3.06,3.07,3.08,3.04,154152.0,47182296.0,600512,0.0,0.0
2021-11-23,3.06,3.09,3.11,3.05,225349.0,69433160.0,600512,0.65,0.02
2021-11-24,3.09,3.08,3.1,3.06,123773.0,38063996.0,600512,-0.32,-0.01
2021-11-25,3.07,3.07,3.09,3.05,127191.0,39069036.0,600512,-0.32,-0.01
2021-11-26,3.07,3.04,3.08,3.03,149295.0,45597900.0,600512,-0.98,-0.03
2021-11-29,3.0,3.0,3.03,2.98,187302.0,56291228.0,600512,-1.32,-0.04
2021-11-30,3.01,3.02,3.06,3.0,146274.0,44284932.0,600512,0.67,0.02
2021-12-01,3.02,3.07,3.07,3.01,197201.0,60016000.0,600512,1.66,0.05
2021-12-02,3.07,3.1,3.14,3.06,321725.0,99689368.0,600512,0.98,0.03
2021-12-03,3.09,3.13,3.15,3.07,261149.0,81419640.0,600512,0.97,0.03
2021-12-06,3.14,3.08,3.15,3.08,216923.0,67568920.0,600512,-1.6,-0.05
2021-12-07,3.1,3.12,3.15,3.08,272019.0,84878920.0,600512,1.3,0.04
2021-12-08,3.13,3.11,3.13,3.08,210476.0,65341312.0,600512,-0.32,-0.01
2021-12-09,3.11,3.15,3.15,3.1,266572.0,83254960.0,600512,1.29,0.04
2021-12-10,3.14,3.11,3.14,3.09,290147.0,90262840.0,600512,-1.27,-0.04
2021-12-13,3.12,3.11,3.16,3.1,369647.0,115622408.0,600512,0.0,0.0
2021-12-14,3.09,3.07,3.1,3.06,210473.0,64648768.0,600512,-1.29,-0.04
2021-12-15,3.08,3.12,3.14,3.07,273882.0,85223296.0,600512,1.63,0.05
2021-12-16,3.12,3.16,3.16,3.11,356609.0,112171904.0,600512,1.28,0.04
2021-12-17,3.16,3.17,3.2,3.15,390538.0,123980144.0,600512,0.32,0.01
2021-12-20,3.18,3.24,3.26,3.15,582900.0,187356608.0,600512,2.21,0.07
2021-12-21,3.23,3.42,3.43,3.21,973321.0,325723936.0,600512,5.56,0.18
2021-12-22,3.39,3.32,3.39,3.29,631501.0,210257056.0,600512,-2.92,-0.1
2021-12-23,3.3,3.25,3.31,3.24,373804.0,122061520.0,600512,-2.11,-0.07
2021-12-24,3.26,3.22,3.27,3.21,274060.0,88771112.0,600512,-0.92,-0.03
2021-12-27,3.23,3.25,3.28,3.21,217900.0,70812968.0,600512,0.93,0.03
2021-12-28,3.24,3.2,3.25,3.18,223772.0,71635400.0,600512,-1.54,-0.05
2021-12-29,3.2,3.2,3.24,3.19,164342.0,52777436.0,600512,0.0,0.0
2021-12-30,3.2,3.21,3.24,3.19,137884.0,44413016.0,600512,0.31,0.01
2021-12-31,3.22,3.26,3.27,3.2,264381.0,85976464.0,600512,1.56,0.05
2022-01-04,3.26,3.34,3.35,3.26,368315.0,122067712.0,600512,2.45,0.08
2022-01-05,3.34,3.3,3.36,3.27,290098.0,95919960.0,600512,-1.2,-0.04
2022-01-06,3.29,3.39,3.41,3.28,492458.0,165710656.0,600512,2.73,0.09
2022-01-07,3.37,3.38,3.48,3.36,524781.0,179215808.0,600512,-0.29,-0.01
2022-01-10,3.4,3.44,3.47,3.39,454109.0,155481808.0,600512,1.78,0.06
2022-01-11,3.44,3.41,3.47,3.39,376873.0,129086056.0,600512,-0.87,-0.03
2022-01-12,3.4,3.38,3.42,3.34,304622.0,102758608.0,600512,-0.88,-0.03
2022-01-13,3.38,3.38,3.45,3.36,303742.0,103535408.0,600512,0.0,0.0
2022-01-14,3.37,3.29,3.38,3.28,349346.0,116077984.0,600512,-2.66,-0.09
2022-01-17,3.29,3.31,3.34,3.27,249347.0,82326208.0,600512,0.61,0.02
2022-01-18,3.31,3.4,3.44,3.3,574371.0,194108384.0,600512,2.72,0.09
2022-01-19,3.39,3.47,3.55,3.37,776539.0,269816128.0,600512,2.06,0.07
2022-01-20,3.48,3.44,3.52,3.42,550974.0,190899040.0,600512,-0.86,-0.03
2022-01-21,3.43,3.36,3.44,3.34,386510.0,130573064.0,600512,-2.33,-0.08
2022-01-24,3.35,3.34,3.43,3.29,348431.0,116970760.0,600512,-0.6,-0.02
2022-01-25,3.35,3.17,3.35,3.15,465751.0,150836176.0,600512,-5.09,-0.17
2022-01-26,3.2,3.31,3.33,3.18,545263.0,178375824.0,600512,4.42,0.14
2022-01-27,3.34,3.24,3.34,3.21,350790.0,114239280.0,600512,-2.11,-0.07
2022-01-28,3.24,3.17,3.26,3.09,397114.0,125555000.0,600512,-2.16,-0.07
2022-02-07,3.21,3.49,3.49,3.21,1024042.0,349053696.0,600512,10.09,0.32
2022-02-08,3.57,3.6,3.62,3.49,1733668.0,617599616.0,600512,3.15,0.11
2022-02-09,3.6,3.57,3.63,3.53,995937.0,355731008.0,600512,-0.83,-0.03
2022-02-10,3.58,3.64,3.69,3.58,1029508.0,374433280.0,600512,1.96,0.07
2022-02-11,3.6,3.59,3.78,3.59,907586.0,330249056.0,600512,-1.37,-0.05
2022-02-14,3.59,3.62,3.7,3.56,759503.0,275896224.0,600512,0.84,0.03
2022-02-15,3.62,3.8,3.98,3.51,2130847.0,807403584.0,600512,4.97,0.18
2022-02-16,3.83,3.95,4.03,3.78,1898276.0,742782528.0,600512,3.95,0.15
2022-02-17,3.98,3.83,4.02,3.8,1423208.0,549674944.0,600512,-3.04,-0.12
2022-02-18,3.73,4.21,4.21,3.73,2286520.0,939235584.0,600512,9.92,0.38
2022-02-21,4.18,4.26,4.3,4.11,2566533.0,1080604672.0,600512,1.19,0.05
2022-02-22,4.17,4.05,4.22,4.0,1870365.0,769468672.0,600512,-4.93,-0.21
2022-02-23,4.02,3.91,4.06,3.85,1525420.0,598823488.0,600512,-3.46,-0.14
2022-02-24,3.86,3.64,3.89,3.56,1605158.0,598459264.0,600512,-6.91,-0.27
2022-02-25,3.69,3.62,3.78,3.61,1147168.0,424206944.0,600512,-0.55,-0.02
2022-02-28,3.64,3.64,3.66,3.55,629466.0,226876256.0,600512,0.55,0.02
2022-03-01,3.65,3.7,3.73,3.65,639794.0,236196928.0,600512,1.65,0.06
2022-03-02,3.67,3.74,3.78,3.64,664477.0,246825760.0,600512,1.08,0.04
2022-03-03,3.78,3.78,3.81,3.74,817869.0,309384192.0,600512,1.07,0.04
2022-03-04,3.77,3.67,3.77,3.64,645201.0,237178896.0,600512,-2.91,-0.11
2022-03-07,3.65,3.7,3.77,3.63,632344.0,234596880.0,600512,0.82,0.03
2022-03-08,3.68,3.72,3.77,3.59,742963.0,275186400.0,600512,0.54,0.02
2022-03-09,3.72,3.86,3.87,3.59,1330776.0,500866464.0,600512,3.76,0.14
2022-03-10,3.93,3.8,3.94,3.78,1030244.0,395745696.0,600512,-1.55,-0.06
2022-03-11,3.75,3.7,3.75,3.61,710907.0,261764256.0,600512,-2.63,-0.1
2022-03-14,3.66,3.68,3.82,3.62,650197.0,243030624.0,600512,-0.54,-0.02
2022-03-15,3.65,3.63,3.85,3.53,1275593.0,472082688.0,600512,-1.36,-0.05
2022-03-16,3.67,3.84,3.9,3.64,1420784.0,538575936.0,600512,5.79,0.21
2022-03-17,3.86,3.88,3.97,3.82,1170980.0,453672160.0,600512,1.04,0.04
2022-03-18,3.84,3.95,4.01,3.82,1131390.0,446665728.0,600512,1.8,0.07
2022-03-21,4.02,4.08,4.15,3.95,1424308.0,575979136.0,600512,3.29,0.13
2022-03-22,4.03,4.0,4.05,3.95,960306.0,383615328.0,600512,-1.96,-0.08
2022-03-23,3.99,3.89,4.0,3.84,845298.0,329942592.0,600512,-2.75,-0.11
2022-03-24,3.85,3.83,3.93,3.81,557044.0,215124144.0,600512,-1.54,-0.06
2022-03-25,3.83,4.21,4.21,3.8,2400048.0,989374848.0,600512,9.92,0.38
2022-03-28,4.19,4.07,4.27,4.05,2007334.0,833157056.0,600512,-3.33,-0.14
2022-03-29,4.09,3.98,4.12,3.94,958192.0,384490240.0,600512,-2.21,-0.09
2022-03-30,3.98,4.11,4.24,3.98,1252142.0,515381056.0,600512,3.27,0.13
2022-03-31,4.08,4.07,4.18,4.03,994550.0,406870656.0,600512,-0.97,-0.04
2022-04-01,4.02,3.95,4.05,3.9,877717.0,346764224.0,600512,-2.95,-0.12
2022-04-06,3.95,4.07,4.09,3.92,792551.0,317532512.0,600512,3.04,0.12
2022-04-07,4.03,3.94,4.1,3.93,781287.0,312927936.0,600512,-3.19,-0.13
2022-04-08,3.98,4.33,4.33,3.97,2807200.0,1202365056.0,600512,9.9,0.39
2022-04-11,4.31,4.35,4.7,4.21,3767012.0,1663198208.0,600512,0.46,0.02
2022-04-12,4.29,4.49,4.79,4.13,3241184.0,1433797888.0,600512,3.22,0.14
2022-04-13,4.35,4.1,4.4,4.1,2214687.0,931900096.0,600512,-8.69,-0.39
2022-04-14,4.1,4.18,4.24,4.08,1494518.0,622867712.0,600512,1.95,0.08
2022-04-15,4.13,3.95,4.18,3.95,1455731.0,589948864.0,600512,-5.5,-0.23
2022-04-18,3.9,3.94,4.05,3.82,845776.0,332586912.0,600512,-0.25,-0.01
2022-04-19,3.92,3.97,3.97,3.87,627144.0,246280976.0,600512,0.76,0.03
2022-04-20,3.96,3.74,3.96,3.74,896876.0,344059776.0,600512,-5.79,-0.23
2022-04-21,3.72,3.54,3.73,3.52,854906.0,307754528.0,600512,-5.35,-0.2
2022-04-22,3.5,3.58,3.64,3.46,633089.0,226404288.0,600512,1.13,0.04
2022-04-25,3.49,3.45,3.65,3.42,809724.0,287384256.0,600512,-3.63,-0.13
2022-04-26,3.46,3.52,3.61,3.41,763524.0,268244224.0,600512,2.03,0.07
2022-04-27,3.56,3.67,3.69,3.51,1111008.0,401578848.0,600512,4.26,0.15
2022-04-28,3.59,3.64,3.68,3.5,879804.0,317165984.0,600512,-0.82,-0.03
2022-04-29,3.28,3.31,3.42,3.28,1929692.0,637809216.0,600512,-9.07,-0.33
2022-05-05,3.25,3.26,3.33,3.2,965992.0,315860544.0,600512,-1.51,-0.05
2022-05-06,3.18,3.03,3.18,3.02,1037478.0,321378464.0,600512,-7.06,-0.23
2022-05-09,3.1,3.33,3.33,3.07,1340830.0,435692320.0,600512,9.9,0.3
2022-05-10,3.29,3.43,3.6,3.25,1720185.0,582032000.0,600512,3.0,0.1
2022-05-11,3.45,3.33,3.53,3.33,1344012.0,459829760.0,600512,-2.92,-0.1
2022-05-12,3.32,3.4,3.45,3.3,1033157.0,351060192.0,600512,2.1,0.07
2022-05-13,3.41,3.38,3.51,3.36,835987.0,285005600.0,600512,-0.59,-0.02
2022-05-16,3.4,3.35,3.43,3.32,642352.0,215690640.0,600512,-0.89,-0.03
2022-05-17,3.35,3.22,3.35,3.18,654749.0,211208320.0,600512,-3.88,-0.13
2022-05-18,3.24,3.2,3.26,3.18,492553.0,158642976.0,600512,-0.62,-0.02
2022-05-19,3.14,3.26,3.28,3.11,707963.0,228045440.0,600512,1.87,0.06
2022-05-20,3.24,3.24,3.29,3.21,544354.0,176133168.0,600512,-0.61,-0.02
2022-05-23,3.25,3.21,3.26,3.2,430646.0,138445040.0,600512,-0.93,-0.03
2022-05-24,3.23,3.07,3.24,3.05,722095.0,225955104.0,600512,-4.36,-0.14
2022-05-25,3.05,3.12,3.13,3.04,454183.0,140528992.0,600512,1.63,0.05
2022-05-26,3.13,3.17,3.22,3.12,635926.0,201859104.0,600512,1.6,0.05
2022-05-27,3.16,3.23,3.26,3.13,800454.0,256965376.0,600512,1.89,0.06
2022-05-30,3.21,3.17,3.23,3.13,506727.0,160835248.0,600512,-1.86,-0.06
2022-05-31,3.17,3.13,3.17,3.08,408914.0,127237400.0,600512,-1.26,-0.04
2022-06-01,3.13,3.12,3.15,3.07,443086.0,137876240.0,600512,-0.32,-0.01
2022-06-02,3.13,3.1,3.13,3.06,381156.0,117759144.0,600512,-0.64,-0.02
2022-06-06,3.09,3.16,3.16,3.06,459639.0,142807296.0,600512,1.94,0.06
2022-06-07,3.15,3.11,3.16,3.07,391368.0,121746736.0,600512,-1.58,-0.05
2022-06-08,3.11,3.11,3.13,3.06,366376.0,113636552.0,600512,0.0,0.0
2022-06-09,3.12,3.18,3.25,3.08,783596.0,247381952.0,600512,2.25,0.07
2022-06-10,3.14,3.17,3.18,3.12,456348.0,143676112.0,600512,-0.31,-0.01
2022-06-13,3.14,3.09,3.15,3.07,517614.0,160249408.0,600512,-2.52,-0.08
2022-06-14,3.07,3.1,3.11,3.03,382508.0,117398392.0,600512,0.32,0.01
2022-06-15,3.11,3.13,3.2,3.08,659373.0,207077648.0,600512,0.97,0.03
2022-06-16,3.13,3.1,3.14,3.08,388544.0,120634064.0,600512,-0.96,-0.03
2022-06-17,3.09,3.09,3.11,3.06,273403.0,84312544.0,600512,-0.32,-0.01
2022-06-20,3.09,3.09,3.11,3.07,220719.0,68310736.0,600512,0.0,0.0
2022-06-21,3.08,3.09,3.13,3.07,302062.0,93539376.0,600512,0.0,0.0
2022-06-22,3.09,3.05,3.1,3.05,253494.0,77746488.0,600512,-1.29,-0.04
2022-06-23,3.05,3.07,3.07,3.03,239687.0,73165056.0,600512,0.66,0.02
2022-06-24,3.08,3.05,3.08,3.04,238241.0,72785976.0,600512,-0.65,-0.02
2022-06-27,3.06,3.05,3.07,3.04,227901.0,69552336.0,600512,0.0,0.0
2022-06-28,3.05,3.06,3.06,3.03,250897.0,76368720.0,600512,0.33,0.01
2022-06-29,3.06,3.08,3.15,3.04,585557.0,181951472.0,600512,0.65,0.02
2022-06-30,3.1,3.11,3.11,3.06,425548.0,131464704.0,600512,0.97,0.03
2022-07-01,3.11,3.17,3.28,3.1,888311.0,283069952.0,600512,1.93,0.06
2022-07-04,3.18,3.15,3.19,3.13,371465.0,117109496.0,600512,-0.63,-0.02
2022-07-05,3.15,3.18,3.21,3.11,468878.0,148399520.0,600512,0.95,0.03
2022-07-06,3.19,3.12,3.19,3.1,335434.0,104793296.0,600512,-1.89,-0.06
2022-07-07,3.11,3.1,3.12,3.08,170374.0,52678504.0,600512,-0.64,-0.02
2022-07-08,3.1,3.11,3.15,3.09,236213.0,73643264.0,600512,0.32,0.01
2022-07-11,3.1,3.09,3.11,3.07,187354.0,57874336.0,600512,-0.64,-0.02
2022-07-12,3.09,3.15,3.17,3.08,439137.0,137774032.0,600512,1.94,0.06
2022-07-13,3.16,3.19,3.22,3.15,531458.0,169629568.0,600512,1.27,0.04
2022-07-14,3.18,3.11,3.19,3.1,362508.0,113242336.0,600512,-2.51,-0.08
2022-07-15,3.07,2.91,3.09,2.9,690416.0,207525232.0,600512,-6.43,-0.2
2022-07-18,2.91,2.97,2.99,2.91,299274.0,88399112.0,600512,2.06,0.06
2022-07-19,2.97,2.96,2.99,2.93,204122.0,60393064.0,600512,-0.34,-0.01
2022-07-20,2.97,2.98,2.99,2.95,224313.0,66646604.0,600512,0.68,0.02
2022-07-21,2.97,2.93,2.98,2.92,234330.0,69005608.0,600512,-1.68,-0.05
2022-07-22,2.93,2.91,2.95,2.88,226374.0,65970084.0,600512,-0.68,-0.02
2022-07-25,2.9,2.88,2.92,2.87,196745.0,56872268.0,600512,-1.03,-0.03
2022-07-26,2.88,2.91,2.91,2.85,167614.0,48454808.0,600512,1.04,0.03
2022-07-27,2.9,2.88,2.91,2.87,142097.0,40984760.0,600512,-1.03,-0.03
2022-07-28,2.89,2.9,2.92,2.89,158792.0,46083976.0,600512,0.69,0.02
2022-07-29,2.91,2.88,2.91,2.87,137603.0,39726416.0,600512,-0.69,-0.02
2022-08-01,2.88,2.86,2.89,2.85,141145.0,40364700.0,600512,-0.69,-0.02
2022-08-02,2.85,2.73,2.85,2.68,343708.0,93926192.0,600512,-4.55,-0.13
2022-08-03,2.71,2.68,2.77,2.66,191528.0,52003872.0,600512,-1.83,-0.05
2022-08-04,2.7,2.72,2.72,2.65,146289.0,39295172.0,600512,1.49,0.04
2022-08-05,2.72,2.73,2.74,2.69,122334.0,33176608.0,600512,0.37,0.01
2022-08-08,2.73,2.73,2.76,2.71,130182.0,35500536.0,600512,0.0,0.0
2022-08-09,2.73,2.7,2.73,2.69,118971.0,32186624.0,600512,-1.1,-0.03
2022-08-10,2.7,2.67,2.7,2.66,134781.0,36025736.0,600512,-1.11,-0.03
2022-08-11,2.68,2.75,2.79,2.68,296258.0,81403560.0,600512,3.0,0.08
2022-08-12,2.75,2.77,2.79,2.73,201151.0,55517144.0,600512,0.73,0.02
2022-08-15,2.77,2.75,2.78,2.73,145142.0,39899360.0,600512,-0.72,-0.02
2022-08-16,2.76,2.78,2.82,2.75,162947.0,45329760.0,600512,1.09,0.03
2022-08-17,2.79,2.82,2.82,2.77,176733.0,49424828.0,600512,1.44,0.04
2022-08-18,2.81,2.77,2.81,2.76,137803.0,38224616.0,600512,-1.77,-0.05
2022-08-19,2.76,2.78,2.8,2.76,137953.0,38398528.0,600512,0.36,0.01
2022-08-22,2.77,2.78,2.8,2.76,121362.0,33687168.0,600512,0.0,0.0
2022-08-23,2.78,2.76,2.78,2.74,136685.0,37681952.0,600512,-0.72,-0.02
2022-08-24,2.75,2.71,2.79,2.7,188431.0,51619316.0,600512,-1.81,-0.05
2022-08-25,2.72,2.74,2.76,2.7,168040.0,45880608.0,600512,1.11,0.03
2022-08-26,2.75,2.81,2.81,2.73,263324.0,73185096.0,600512,2.55,0.07
2022-08-29,2.79,2.87,2.88,2.77,276864.0,78679432.0,600512,2.14,0.06
2022-08-30,2.87,2.85,2.89,2.82,211315.0,60106340.0,600512,-0.7,-0.02
2022-08-31,2.85,2.8,2.85,2.79,196832.0,55368940.0,600512,-1.75,-0.05
2022-09-01,2.8,2.83,2.88,2.8,233454.0,66571648.0,600512,1.07,0.03
2022-09-02,2.85,2.84,2.85,2.81,156746.0,44210872.0,600512,0.35,0.01
2022-09-05,2.83,2.87,2.9,2.82,187514.0,53769740.0,600512,1.06,0.03
2022-09-06,2.89,2.91,2.92,2.88,204560.0,59365856.0,600512,1.39,0.04
2022-09-07,2.89,2.9,2.92,2.88,197834.0,57480468.0,600512,-0.34,-0.01
2022-09-08,2.9,2.9,2.92,2.87,148769.0,43075632.0,600512,0.0,0.0
2022-09-09,2.93,3.07,3.19,2.93,1319271.0,411080544.0,600512,5.86,0.17
2022-09-13,3.06,3.03,3.11,2.99,705276.0,215499248.0,600512,-1.3,-0.04
2022-09-14,2.99,2.98,3.04,2.97,379693.0,113870584.0,600512,-1.65,-0.05
2022-09-15,3.0,2.99,3.05,2.94,394260.0,117812304.0,600512,0.34,0.01
2022-09-16,2.98,2.87,3.0,2.87,33264918.0,97089865.0,600512,-4.01,-0.12
2022-09-19,2.86,2.88,2.91,2.84,20162431.0,57859697.0,600512,0.35,0.01
2022-09-20,2.88,2.84,2.91,2.81,231712.0,66421536.0,600512,-1.39,-0.04
2022-09-21,2.85,2.89,2.9,2.8,206245.0,58749816.0,600512,1.76,0.05
2022-09-22,2.88,2.84,2.91,2.83,196478.0,56048448.0,600512,-1.73,-0.05
2022-09-23,2.85,2.85,2.9,2.83,223543.0,64215688.0,600512,0.35,0.01
2022-09-26,2.84,2.73,2.86,2.72,293313.0,81541152.0,600512,-4.21,-0.12
2022-09-27,2.76,2.85,2.87,2.73,303132.0,84949488.0,600512,4.4,0.12
2022-09-28,2.86,2.76,2.87,2.75,195512.0,,600512,-3.16,-0.09
2022-09-29,2.78,2.73,2.8,2.7,170956.0,,600512,-1.09,-0.03
2022-09-30,2.73,2.75,2.79,2.72,138017.0,,600512,0.73,0.02
2022-10-10,2.75,2.74,2.8,2.73,15254100.0,42121306.0,600512,-0.36,-0.01
2022-10-11,2.74,2.73,2.75,2.68,12318600.0,33451874.0,600512,-0.36,-0.01
2022-10-12,2.73,2.77,2.77,2.69,12124400.0,33035251.0,600512,1.47,0.04
2022-10-13,2.76,2.79,2.83,2.73,19715130.0,54884336.0,600512,0.72,0.02
2022-10-14,2.79,2.81,2.84,2.78,15490080.0,43613700.0,600512,0.72,0.02
2022-10-17,2.8,2.82,2.83,2.78,12131363.0,34086585.0,600512,0.36,0.01
2022-10-18,2.81,2.82,2.84,2.81,14753400.0,41641091.0,600512,0.0,0.0
2022-10-19,2.81,2.81,2.89,2.8,22510453.0,63971164.0,600512,-0.35,-0.01
2022-10-20,2.8,2.79,2.83,2.77,15747051.0,43959647.0,600512,-0.71,-0.02
2022-10-21,2.78,2.8,2.84,2.78,15345965.0,43352430.0,600512,0.36,0.01
2022-10-24,2.8,2.75,2.83,2.72,17644800.0,49078283.0,600512,-1.79,-0.05
2022-10-25,2.75,2.78,2.81,2.71,14723200.0,40458910.0,600512,1.09,0.03
2022-10-26,2.76,2.8,2.81,2.76,16172200.0,45157448.0,600512,0.72,0.02
2022-10-27,2.8,2.79,2.82,2.78,12360117.0,34629928.0,600512,-0.36,-0.01
2022-10-28,2.78,2.68,2.79,2.68,19550838.0,53354650.0,600512,-3.94,-0.11
2022-10-31,2.6,2.51,2.6,2.44,36583905.0,91556234.0,600512,-6.34,-0.17
2022-11-01,2.51,2.54,2.55,2.49,17686270.0,44615265.0,600512,1.2,0.03
2022-11-02,2.53,2.57,2.59,2.52,14220879.0,36441068.0,600512,1.18,0.03
2022-11-03,2.58,2.61,2.64,2.58,15379701.0,40066289.0,600512,1.56,0.04
2022-11-04,2.6,2.65,2.66,2.6,14628907.0,38537419.0,600512,1.53,0.04
2022-11-07,2.64,2.7,2.73,2.63,158148.0,42722724.0,600512,1.89,0.05
2022-11-08,2.72,2.71,2.74,2.69,126881.0,34430988.0,600512,0.37,0.01
2022-11-09,2.71,2.74,2.77,2.7,12441500.0,34180380.0,600512,1.11,0.03
2022-11-10,2.73,2.77,2.78,2.71,15620163.0,43054327.0,600512,1.09,0.03
2022-11-11,2.79,2.84,2.86,2.78,25999633.0,73236069.0,600512,2.53,0.07
2022-11-14,2.84,2.84,2.87,2.83,19945648.0,56780595.0,600512,0.0,0.0
2022-11-15,2.83,2.85,2.87,2.82,15365938.0,43763326.0,600512,0.35,0.01
2022-11-16,2.86,2.82,2.87,2.8,129021.0,36461784.0,600512,-1.05,-0.03
2022-11-17,2.84,2.81,2.84,2.79,14996802.0,42215750.0,600512,-0.35,-0.01
2022-11-18,2.83,2.76,2.83,2.76,12728000.0,35547020.0,600512,-1.78,-0.05
2022-11-21,2.76,2.76,2.77,2.73,9710896.0,26694891.0,600512,0.0,0.0
2022-11-22,2.75,2.76,2.81,2.72,17994562.0,49693260.0,600512,0.0,0.0
2022-11-23,2.74,2.76,2.8,2.74,16083667.0,44569362.0,600512,0.0,0.0
2022-11-24,2.76,2.77,2.79,2.74,140292.0,38848048.0,600512,0.36,0.01
2022-11-25,2.75,2.81,2.82,2.75,191232.0,53454800.0,600512,1.44,0.04
2022-11-28,2.79,2.77,2.8,2.75,13422900.0,37208176.0,600512,-1.42,-0.04
2022-11-29,2.8,2.85,2.87,2.79,25897159.0,73360710.0,600512,2.89,0.08
2022-11-30,2.86,2.86,2.9,2.84,22677959.0,65087118.0,600512,0.35,0.01
2022-12-01,2.87,2.83,2.89,2.81,16935325.0,48190255.0,600512,-1.05,-0.03
2022-12-02,2.84,2.82,2.84,2.8,10998991.0,30949537.0,600512,-0.35,-0.01
2022-12-05,2.84,2.88,2.88,2.83,20937873.0,59999063.0,600512,2.13,0.06
2022-12-06,2.88,2.84,2.88,2.82,17016977.0,48391904.0,600512,-1.39,-0.04
2022-12-07,2.83,2.79,2.84,2.78,17929600.0,50231212.0,600512,-1.76,-0.05
2022-12-08,2.79,2.78,2.82,2.77,114028.0,31816854.0,600512,-0.36,-0.01
2022-12-09,2.79,2.76,2.83,2.76,242804.0,67658216.0,600512,-0.72,-0.02
2022-12-12,2.77,2.87,2.99,2.76,848120.0,247201456.0,600512,3.99,0.11
2022-12-13,2.89,2.91,2.93,2.87,316124.0,91791672.0,600512,1.39,0.04
2022-12-14,2.91,2.81,2.91,2.8,27192385.0,77196558.0,600512,-3.44,-0.1
2022-12-15,2.83,2.81,2.85,2.8,14157863.0,39824835.0,600512,0.0,0.0
2022-12-16,2.81,2.84,2.87,2.79,23443710.0,66231499.0,600512,1.07,0.03
2022-12-19,2.82,2.72,2.84,2.71,23611000.0,65059995.0,600512,-4.22,-0.12
2022-12-20,2.72,2.7,2.75,2.7,10886419.0,29614992.0,600512,-0.73,-0.02
2022-12-21,2.71,2.67,2.72,2.65,13513259.0,36136629.0,600512,-1.11,-0.03
2022-12-22,2.69,2.61,2.71,2.61,14931761.0,39509259.0,600512,-2.25,-0.06
2022-12-23,2.6,2.6,2.63,2.58,8955522.0,23329169.0,600512,-0.38,-0.01
2022-12-26,2.62,2.6,2.64,2.59,10056848.0,26183056.0,600512,0.0,0.0
2022-12-27,2.61,2.64,2.67,2.6,15961498.0,42159181.0,600512,1.54,0.04
2022-12-28,2.63,2.6,2.64,2.57,133046.0,34607032.0,600512,-1.51,-0.04
2022-12-29,2.58,2.56,2.59,2.54,161913.0,41420192.0,600512,-1.54,-0.04
2022-12-30,2.56,2.56,2.58,2.55,7876422.0,20182122.0,600512,0.0,0.0
2023-01-03,2.56,2.61,2.61,2.56,9976334.0,25817111.0,600512,1.95,0.05
2023-01-04,2.6,2.65,2.67,2.59,15297219.0,40431384.0,600512,1.53,0.04
2023-01-05,2.65,2.62,2.65,2.61,10272601.0,26991434.0,600512,-1.13,-0.03
2023-01-06,2.62,2.6,2.64,2.6,10884700.0,28482442.0,600512,-0.76,-0.02
2023-01-09,2.64,2.62,2.65,2.6,12989673.0,34010912.0,600512,0.77,0.02
2023-01-10,2.61,2.58,2.61,2.57,11907500.0,30818178.0,600512,-1.53,-0.04
2023-01-11,2.59,2.59,2.62,2.57,105629.0,27388076.0,600512,0.39,0.01
2023-01-12,2.58,2.57,2.59,2.55,10815200.0,27713031.0,600512,-0.77,-0.02
